8 0.13781210836577884 0.2226537271360384 0.24272671972448734 0.23472763143866848 0.22933020558559747 0.3511321756583917 0.12441560401816787 0.3390583331703224
4 0.1465567808738797 0.11370104784137326 0.10413568379112803 0.13185061671897388 0.08408492375463084 0.08498593283077623 0.1265059647819271 0.06683637749800309
4 0.3888636855421055 -1.1037464592374755e-9 0.3888636862019439 0.024072177447617162 0.3450691614391417 0.024072176111697693 0.3450691626505886 9.696964565946386e-15
4 0.4234810539752516 0.32141717146549803 0.43061191927859 0.35514412723362704 0.3790636606587441 0.36604242121590236 0.3719329018975941 0.33231555835607063
0 0.00134909833468555 0.14718081927123178 0.04605363568123266 0.12435787025847703 0.07581605865652818 0.18265472438871946 0.031111547699310904 0.20547763551259535
12 0.047727661713565794 0.23095927575160446 0.09399907170745792 0.22003710353635658 0.1107955872630555 0.29119362728960885 0.06452418939386462 0.3021157675559296
12 0.38885685007278425 0.4607241785782471 0.3258622421698192 0.48798523027201285 0.28610896505210803 0.3961279571932714 0.34910285702005694 0.3688670822361487
13 0 0.30899957108433734 0.03000682891566265 0.30899957108433734 0.03000682891566265 0.3877210554216867 0 0.3877210554216867
14 0.48140556739645035 0.3301819088899021 0.5446902856516544 0.3071491499275082 0.5793042510588293 0.40225082749436164 0.5160195971207031 0.4252834570869551
0 0.5212144579699043 0.2387646362321448 0.5096762911749693 0.2070641953584736 0.5368481153809626 0.19717447933786084 0.5483862958916461 0.2288748895488657
11 0.466484594273993 0.25791286823778986 0.4790830563428017 0.25298041259572235 0.48610165936452177 0.2709069333199665 0.47350319935719654 0.275839385137475
10 0.46987951807228917 0.056378701204819276 0.49646513012048193 0.056378701204819276 0.49646513012048193 0.1052221 0.46987951807228917 0.1052221
10 0.5191166283912025 0.10618536819251706 0.5598744068262249 0.09135082283220623 0.5752775606191562 0.133670689020039 0.5345197884113304 0.14850522207824052
10 0.5343737506869957 0.4444137490437008 0.5638825315339773 0.43156302307007083 0.5836101843822235 0.4768602973652773 0.5541014298247546 0.4897109788604017
10 0.5810113549276821 0.3890903208207793 0.5959509779811469 0.3811237653282647 0.6114305852792086 0.4101511815321322 0.596490973253708 0.4181177210589121
4 0.5152131327172356 0.1861329812194361 0.5305848323461078 0.2055026884582778 0.4889420877690327 0.23854965959923535 0.4735704242000338 0.21917998566177707
4 0.46832719677308887 0.2140418572330785 0.48068133703236526 0.20850999718747687 0.4860485299643642 0.22049622398507093 0.47369439117994716 0.2260280816205075
4 0.7837849983334308 0.47951807202674795 0.7837850074663493 0.47332195591925635 0.7976685643334349 0.47332197346674654 0.7976685614457892 0.47951808332097784
12 0 0.9502645710843373 0.044732639759036144 0.9502645710843373 0.044732639759036144 1 0 1
12 0.1672798584705788 0.9575642248095139 0.20286708916080443 0.924856891094702 0.26938303631663985 0.9972093844793807 0.2337962688728794 1.0299162409709801
4 0.32279898064336976 0.9087238844841302 0.30557893515970136 0.9432753069026945 0.2659411284255384 0.9235251376828734 0.2831612112303219 0.8889739287689378
4 0.14395100806177652 0.9390875828477877 0.130097425027202 0.9456923115776819 0.12255631147445456 0.9298787884555665 0.13640983581285582 0.9232740762168185
10 0.4612336210383319 0.9319871314457648 0.46986878292625534 0.9318761815791641 0.47002242062262667 0.9438305198226022 0.4613872587383412 0.9439414694997622
4 0 0.9493434361445671 -0.0050237402997481695 0.9232482583858208 0.05654390492384209 0.9113984383121745 0.061567819826336745 0.9374933848238491
8 0.7282269786671804 0.4696732391654155 0.7711826803131316 0.48068579148197227 0.7527574393470786 0.5525498888108897 0.7098017611758678 0.5415374002026457
8 0.7959272981781851 0.626754541784392 0.822747023064835 0.6806400572072552 0.7670797153881495 0.7083424525513398 0.7402603880611878 0.6544572760863431
4 0.7627912222433224 0.933083273699007 0.7894503483292965 0.9642871713625322 0.7402161463706989 1.006338095675932 0.7135573350451523 0.9751344955321027
4 0.8573142327169307 1.0037834302913917 0.8233390743076825 0.9879451145185025 0.8483388499189459 0.9343335460980045 0.8823135000584443 0.9501717231767994
4 0.9123139608154816 0.6894056330502099 0.8973262795334449 0.6849403270841953 0.9026406078854734 0.6671055348571586 0.9176282351415921 0.67157083222653
0 0.551874677691444 0.9376690579665009 0.5933435919521344 0.9362236881852095 0.5955620988258943 0.9998567025825961 0.554093185202646 1.0013020587908477
5 0.7158832640507171 0.6152076190875517 0.7413298838470155 0.605946931303995 0.7530535341348923 0.6381575273513559 0.7276069295709249 0.647418184861816
5 0.7767212143274946 0.7867454689948432 0.7364573082238621 0.7769144770799818 0.7549958664794758 0.7010021725512623 0.7952590909586661 0.7108330775578663
5 0.9379112411482993 0.7211748768793731 0.9141337667471134 0.7186171736412543 0.9181053137822346 0.6817025203119667 0.9418826009595023 0.6842602133851216
12 0.48931970341914166 0.6479445551976615 0.5238881612496016 0.5738230492923609 0.6010990289615847 0.6098282100539416 0.5665312816586265 0.6839491117204691
12 0.7108320174232858 0.9297803780856381 0.6659206538447506 0.9157046959612135 0.6952910531778116 0.8220166297243297 0.7402013228781925 0.8360921276435676
12 0.7357999656790071 0.8737007902579427 0.7748561029525263 0.9013518183589169 0.7318109863358586 0.9621356997490359 0.6927550879445334 0.934484959096563
12 0.8733225324383511 0.8364077733573096 0.8650796097557532 0.8137650646209064 0.8922523214962439 0.8038750400239821 0.9004952810826126 0.8265176670872657
12 0.9352981358781562 0.6516554610612144 0.9121998285655764 0.6443622515982776 0.9206454853283503 0.617617558686256 0.9437436760466653 0.6249107483168745
0 0.6372054228818342 0.8175316155851045 0.6224600049612263 0.8067357457049321 0.6404902447447967 0.782114215360073 0.655235587453376 0.7929100451965903
0 0.8515326341113223 0.8623590008006754 0.8894494055543873 0.8889128796292383 0.844824496964975 0.9526174045052048 0.8069079617391708 0.9260638108120721
0 0.9171897568011218 0.8197371957828778 0.9549268005636122 0.8398888667862859 0.9312478258292458 0.884221447761209 0.8935108725033842 0.8640699080192118
6 0.6930361142634638 0.7097896555882139 0.6434457491054673 0.735007848650867 0.600820860923136 0.6511993591034522 0.6504104210602009 0.6259814130093737
6 0.46987951807228917 0.6389963301204818 0.48913359277108437 0.6389963301204818 0.48913359277108437 0.7216920578313253 0.46987951807228917 0.7216920578313253
6 0.7151184020289065 0.6075346924480464 0.7037837198083707 0.5783079616239867 0.7263073970345886 0.5695737797250705 0.7376421048895736 0.5988004473040749
6 0.9063518680637799 0.5796748482760322 0.9270075903061752 0.5843651638324686 0.9136052313658638 0.6433813341979747 0.8929495178578009 0.6386910450541607
6 0.8116349222401595 0.7585542417196646 0.8309028498301814 0.7612207163482837 0.8242193454545941 0.8095067539146671 0.8049514210482585 0.8068402947990531
5 0.650842399114822 0.9962394618800718 0.6178203402205327 0.9879734876387216 0.6319202688631549 0.9316624350960317 0.6649417921566965 0.9399283392466344
5 0.9127670277280231 0.8948666996384663 0.8840327281156988 0.9042024405958068 0.8763843955617858 0.8806671798902841 0.9051185171667839 0.8713314701898186
8 0.46987951807228917 0.9138057409638555 0.47911379156626505 0.9138057409638555 0.47911379156626505 0.9476289397590362 0.46987951807228917 0.9476289397590362