0 0.2745600502705656 0.023185979804835357 0.32824997142711254 0.06112809749021843 0.2652188064910206 0.15031998424233017 0.21152893066312117 0.11237792097946611
12 0.3062632062586772 0.39901473731063286 0.3062638463393341 0.3098552206723406 0.40592165522036794 0.30985592106015086 0.40592149137899014 0.3990149594183876
12 0.08855525754142946 0.11578735479902429 0.15435334827316183 0.10932124643449277 0.16323708141374027 0.19972011711846108 0.09743899267266443 0.20618621128982997
12 0.06877011711731029 0.2082949807408786 0.17739543355469323 0.25537911764227417 0.12535390068683228 0.37543823287790895 0.016728748326841014 0.3283543686973854
9 0.31620172713144257 0.10876241051964347 0.4464303381786294 0.15369552275454507 0.4016159430135531 0.2835785609606133 0.27138742288263984 0.23864563146561005
13 0.29925855372209753 -1.7355797637983301e-9 0.29925855483622854 0.02688322687730374 0.2496309798943912 0.026883225200162307 0.24963098152704788 -1.6250646575602656e-14
10 0.4551511151798877 0.09648134710591239 0.4697214525488107 0.0538477738184533 0.6031813293468531 0.09945847882872154 0.5886110951887531 0.14209196598164542
10 1.0000026213394904 0.3076719519704434 0.8206472842595076 0.3076719519704433 0.8206483259640436 0 1 1.2424041724466862e-16
11 0.5325475738916339 3.6700619254075115e-14 0.6629582028687082 -0.138795777988917 0.9198259148499801 0.10255355252740313 0.7894155072893909 0.24134889247918914
11 0.6700108561077514 0.11017328709510683 0.7960854399227628 0.24659591380038284 0.5438060108248237 0.4797316234845153 0.41773383223028304 0.34331116235295595
4 0.32260702726523505 0.8688375889140285 0.13603378924869958 0.9894619155368194 -0.057289399121827955 0.6904890965070579 0.12927226008071102 0.5698697702466802
0 0 0.39901477832512317 0.10633234113300492 0.39901477832512317 0.10633234113300492 0.5473721096059113 0 0.5473721096059113
11 0 0.8591713497536947 0.11639457881773399 0.8591713497536947 0.11639457881773399 1 0 1
14 0.31028326469561307 0.6321126573269414 0.17032438653143345 0.6198687067331786 0.19072046847156798 0.38677105022464775 0.33067428940887567 0.3990147783251273
11 0.716420586154868 0.5117620775031984 0.7280698998333719 0.3892204326224424 0.9088897622957575 0.4064083587465545 0.8972421337415426 0.5289484656385233