8 0.46987972662907396 0.388477804819277 0.44153748520966474 0.38847780481927713 0.44153769690149147 0.22716676626506024 0.46987951807227546 0.2271667662650602
0 0.18688310648121842 0.2631788811974704 0.2497518248627557 0.2349320559644784 0.2915405771212818 0.3279387371227805 0.22867193666104413 0.35618543252662455
12 0.4643126263429167 0.07542876453808348 0.4094153509001899 0.10144645758671827 0.38100945392511676 0.0415100872368917 0.4359066726152605 0.015492410215415454
12 0.43285644662705636 0.22269184380077486 0.36683985251204376 0.28343920946225726 0.23103688778473952 0.13585777687854156 0.2970530891039971 0.07511073549162328
12 0.2473245709696812 0.3868107253965888 0.2985498294666513 0.3632727887896512 0.33571810172816186 0.44415758079211776 0.2844929249182542 0.46769538443846476
12 0 0.021397531325301207 0.04725496024096386 0.021397531325301207 0.04725496024096386 0.10362863975903613 0 0.10362863975903613
12 0.1037491688201726 0.24817824902691105 0.0006149840075977409 0.24936502453719572 -0.0008524321846152816 0.12180801002003218 0.1022810022060412 0.12062123886207841
9 0.2941771566264606 -2.336508377007151e-8 0.2941771734589338 0.0594947293573529 0.17486695608374703 0.05949471359088873 0.17486697349397673 -5.352277174900324e-14
13 0 0.3733526554216867 0.0378901578313253 0.3733526554216867 0.0378901578313253 0.4795180722891566 0 0.4795180722891566
7 0.5365089605876392 0.30603154860219584 0.5885886893337329 0.2870768313379808 0.6229672014895868 0.38153175392804406 0.5708875234874995 0.4004863727784034
7 0.8586913141301693 0.2628603392235726 0.7881714212647921 0.2123370682473508 0.8481550981728105 0.1286137436069742 0.9186746872391041 0.17913685882436775
7 0.22253792045319187 0.9079846752601113 0.1649645190851743 0.8499250532477922 0.24157196451085383 0.7739763205023883 0.29914457686686546 0.8320351379526697
7 0.38235332049703175 0.8853261031634493 0.34199538052246226 0.8069663078915161 0.44409016057375084 0.7543950960759161 0.4844482411916715 0.8327537448229035
7 0.3083950196606793 0.6949650327543271 0.26475424543082227 0.6489956644764253 0.32829971549597303 0.5886770589905793 0.3719401349397913 0.6346460265060485
7 0.17689360951226263 0.6234790883585144 0.15702286820794598 0.5785386290831999 0.23000682452379806 0.5462717346666339 0.24987765424361896 0.5912118631849906
14 0.4698814476464577 1 0.3127053132529909 1 0.3127073805881082 0.9128825987951807 0.46987951807227546 0.9128825987951807
14 0.9406124351806966 0.6144388242603416 0.9949782074747873 0.6437658465460798 0.9380170942088171 0.7493440671051866 0.88365157403598 0.7200174094513695
12 0.7546738245832785 0.5557821490791595 0.7451603654486689 0.573448207361843 0.7213892220769367 0.5606482427391891 0.7309026847239011 0.5429822250571947
14 0.741050824024569 0.5735117656257788 0.7109013048556108 0.6296519935711212 0.6144982632250731 0.5778843860525983 0.6446478311636383 0.5217446944906394
14 0.700607796208601 0.7602929484241042 0.7444143980766285 0.6919837410834854 0.8084677274180194 0.7330544301408701 0.7646617979517032 0.801363045639251
0 0.8704003882875213 0.7912902963239189 0.9232365557953699 0.7788236738309611 0.9503374910402727 0.8936593360939582 0.8975013877785614 0.9061257700858002
0 0.8084862540969198 0.7469014633260659 0.8486504369427621 0.7442584106236017 0.8533814563282931 0.8161385556344004 0.8132172756917271 0.8187815856601208
0 0.7036018608254153 0.8913738417341132 0.6431425842539511 0.8555704023269711 0.6803243153322001 0.7927984555140825 0.7407827031498755 0.8286015562670099
0 0.7125444090436304 0.8637980506483133 0.7565665306680103 0.9043390592668061 0.6856984058816806 0.9812719024750065 0.6416768626251041 0.9407314920245415
12 0.7726963750951654 0.9635230021856948 0.7409191313180372 0.9795438106732909 0.718967204727619 0.9360138636965736 0.750744075098055 0.9199931682381205
12 0.4903867778988342 0.799931568144732 0.5517658979919133 0.8070548667532695 0.5397795105279783 0.9103151888183354 0.4784004070621677 0.9031919865930954
12 0.48189941569842176 0.9159550021111897 0.5234385122499816 0.9008403176545232 0.5546545292544351 0.9866071920441568 0.5131155338584676 1.0017216770861372
13 0.9136832340852834 0.9226406493496976 0.9734727193683739 0.9254839309252293 0.9697928889357854 1.0028432493353432 0.9100034060242024 1.0000000000000024