0 0.3809710137466027 0.3050176835911919 0.33173289576711795 0.3017922228177049 0.3378542667135207 0.2083518655541224 0.38709202343432025 0.21157731441190517
0 0.2660131674876993 -8.336613964732542e-10 0.26601316866833713 0.02424252306166886 0.21661831921608155 0.024242522109119036 0.21661832019708527 1.344747216151982e-14
12 0.07170341077551257 0.11504050786751077 0.13033951041404634 0.11978581084223501 0.1200940509860402 0.2463843706377943 0.06145795310669655 0.24163908431701042
14 0.7221050919939671 0.17620699850449112 0.7253251227872397 0.015092508960563489 0.918667320807458 0.01895664881600131 0.9154477795173079 0.18007061904406374
14 0.8882881571660164 0.3996709997183949 0.8882889520471053 0.30271907227941935 1.0000001992077614 0.30271998333128464 0.9999999815473757 0.3996713269022561
9 0.20311775970321833 0.7664360898114704 0.09119543268263897 0.7546297147746939 0.11445889490846639 0.5341481793866182 0.22637637522768728 0.5459542977147153
11 0.2356699771376043 0.9250093472221484 0.13849758328649386 0.9186448853221395 0.15385397346790342 0.6842760248830445 0.25102080682006545 0.6906403044439985
11 0.8500093821560313 0.6150759317784217 0.8529320023684477 0.6151739235318466 0.851825122692162 0.6481828388829295 0.848902502495207 0.6480848474404923
9 0.6740332363282278 0.5185894448185551 0.6968661901948963 0.5193550302263762 0.6945279592688394 0.5890844974678584 0.6716950056274982 0.588318916574753
12 0.7844396705220333 0.41635862161885656 0.8282789497851581 0.4178285758134557 0.8242215486052373 0.5388268461834816 0.78038226982585 0.5373569049108491
11 0.6263828039695909 0.48320857615761037 0.6674491023385372 0.4845855001109516 0.6621058188512734 0.6439325649144847 0.6210395214328628 0.6425556599220928
9 0.6908883499609146 0.39896776987293336 0.711862431034433 0.3996710526315779 0.7105775823506519 0.4379872342737797 0.6896035013617166 0.437283953236571
7 0.6600275591219997 0.8552430237799934 0.6921099900439458 0.8544487506411494 0.6943272249559413 0.9439861170794953 0.6622447944481564 0.9447803804466673
12 0.7008864576760061 0.6224180419296369 0.719445474516192 0.6226675584023202 0.7186062708035479 0.6850795641931807 0.7000472539921248 0.6848300492667224
12 0.6980175588770408 0.9936196268142485 0.6514976917807189 0.9819469711121359 0.6659737735387807 0.9242726710393401 0.7124928694580603 0.9359452253289352
8 0.7218426082058613 0.9630471580295021 0.7349514137504229 0.9634866031295627 0.7337223693890564 1.0001387687790697 0.7206135639653439 0.9996993260896042
8 0.7194213293096254 0.9300566952154558 0.7245594978667214 0.9285304885876734 0.7304438817004666 0.9483357177043449 0.7253057150552422 0.9498619198188142
11 0.7463947263238424 0.9558203783016332 0.7178354098282398 0.9427785415678507 0.7525233311284865 0.8668385558719313 0.7810820696324754 0.8798802381435461
8 0.7666222850791655 0.7234672779110543 0.8138139811209157 0.7250494506159589 0.8090366016854205 0.8675187958857247 0.7618449070199631 0.8659366504473964