8 0 0.3633559308681672 0.08524885542168675 0.3633559308681672 0.08524885542168675 0.4790996784565916 0 0.4790996784565916
4 0.10458520184749887 0.04652432453449946 0.1523195848172918 0.03350439527778943 0.16788857772905885 0.09058423978986897 0.12015419824876972 0.1036041609664452
4 0.46987955804672765 0.25988930225080387 0.44664158352156846 0.25988930225080387 0.4466416406795588 0.19711799356913184 0.46987951770881864 0.19711799356913184
4 0.41863474260514977 0.47909967387164276 0.41863488000274174 0.4526140360450795 0.46874505166044855 0.45261425995412624 0.4687450084335296 0.479099803391531
0 0.009403221794286765 0.19716693545857325 0.04785699904005014 0.14205189932394077 0.14197961976674378 0.20772060304039952 0.10352606667640885 0.2628354398456009
12 0.1240246756722172 0.47909967593401115 0.12402495368178279 0.4199656914217903 0.1727237448874348 0.4199659524760384 0.17272366385532223 0.4790997387758076
12 0.7988461889805194 0.02492382280832747 0.780888724975398 0.05314919195798237 0.6977936762610852 0.0002826887248362977 0.7157511283505755 -0.0279426609074859
12 0.9429088930947955 0.11779283409316027 0.9786677983420304 0.12518610914233413 0.9645546040183035 0.1934466365794185 0.9287957025338756 0.1860533738426684
12 0.8496063969625993 0.1378533922130027 0.8830364520503053 0.15206566611292885 0.8580593714536917 0.2108161241034535 0.8246293306390271 0.19660387428239195
12 0.642581503995757 0.19487609173056955 0.6716272583821592 0.25325804772757105 0.6074541639231938 0.2851842309103677 0.5784085904750782 0.22680242996485156
8 0.8799383390523872 0.36954173383970046 0.9030537947670609 0.36666025825532034 0.9080421663212519 0.40667563972103343 0.8849267118770285 0.4095571084351579
8 0.661098110604371 0.4500218812529059 0.6394279017416693 0.4561081513803673 0.6293763588665797 0.42032152504930465 0.6510464662650293 0.41423527009645705
9 0.2935021053827995 0.6995055567101254 0.2584418184057995 0.728991712622414 0.21916049500975987 0.6822911157507742 0.2542205094422343 0.65280514726992
9 0.331044932127611 0.6066511876927487 0.43435121914637875 0.6134464383730717 0.4270672938142752 0.7241675679425745 0.32376101459146867 0.7173723934267765
9 0.4188755783804936 0.8647014407718299 0.47710056989228633 0.8697217990253748 0.46987951807227546 0.9534493569131847 0.41165453363180404 0.9484290568749143
10 0.3059790234663069 0.7317610722809949 0.3959188888679819 0.7247214430210144 0.4075733344099035 0.8735933997607073 0.3176334836256274 0.8806329003602786
8 0.08853048674700403 0.8589114469453459 0.11001147710328496 0.8530537725472609 0.12814248516235693 0.9195273028523124 0.10666151627128784 0.9253849226225797
11 0.4575729180523922 0.47909929440643123 0.45757321709254484 0.5259939816994943 0.3943542119642416 0.5259941376909723 0.39435413975900246 0.47909967845654877
0 0.5279469183456058 0.8110264216032965 0.46980985705931744 0.7966770801012044 0.5074942698956875 0.6440270169074714 0.5656293814532773 0.6583761056379938
4 0.6329765764942294 0.9796389509258623 0.6123742576772884 0.9750842391055494 0.6230081311581444 0.9269983325679769 0.6436101632666578 0.9315530113437978
10 0.557475752990058 0.9478020010616857 0.5812091238664152 0.9488756475393336 0.5789542942993648 0.9987052849008897 0.5552209239652939 0.9976316463751352
10 0.5469007555263943 0.7833715315088877 0.5696851381263741 0.780914431646653 0.5774162768481119 0.8525900160512204 0.5546318978357476 0.8550470938071129
10 0.5538797064513119 0.8848380265426373 0.540472583256701 0.8911538263310643 0.5299287427814079 0.8687766173705732 0.543335790567653 0.8624608384198548
10 0.6431796476442742 0.7112809668390498 0.6545073372018351 0.7243024451401907 0.6420882742377216 0.7351043332871526 0.6307606095350593 0.7220828785806143
10 0.6243529704814819 0.827713770753592 0.6360777322536251 0.8388873550199757 0.6241983190578821 0.851350062440737 0.6124735813567668 0.8401765027538427
9 0.6965559935682677 0.865499710143093 0.6683185994892256 0.8822890715171227 0.6481388460208564 0.8483569226298353 0.6763760136997234 0.8315676478117104
8 0.48297314948592884 0.9114099820890595 0.47064444413206274 0.9128099245861815 0.46625349980024566 0.8741495038125917 0.4785820755265604 0.8727495687612612