8 0.584191963840226 0.4670068076766171 0.48893622527691605 0.4950114278605001 0.4587381871162961 0.39229868682827607 0.5539926678087568 0.3642942640649371
8 0.9902332508754625 0.40226615654722125 0.9688528945689541 0.49313071344012327 0.8558838984857857 0.46655006395289017 0.8772647271217693 0.37568621184342044
4 0.21263766061213119 0.5781250572162904 0.212638095253169 0.4915893588334203 0.2789573781709578 0.49158972123431915 0.27895740948758885 0.5781249562750669
4 0.34057234973590766 0.4573795547658517 0.3442330078619307 0.40770767767967425 0.38556506680015445 0.4107535666596664 0.381904553818913 0.46042530713976804
4 0.38320667713844614 0.7224694423686655 0.36192833515826806 0.7571073857429444 0.3100802931593307 0.7252616032545093 0.331358615122781 0.6906238923741326
4 0.2863167041583665 0.863820912649716 0.3227541550807018 0.8885252514366018 0.29584719335059617 0.9282016095757308 0.2594098741974449 0.903497432463177
4 0.6250960701245276 0.9226229496341164 0.5936121840630904 0.9202350876960542 0.5974227953676063 0.8700079878343966 0.62890625 0.8723958333333365
4 0.6114661860433444 0.6079573296497135 0.6393717314274454 0.604993048979134 0.6453257108607886 0.6610367167033292 0.6174201680513534 0.6640009812253663
4 0.8223285103077842 0.6480364441178394 0.7899070042388985 0.6714861464179068 0.7634104532836545 0.6348564915135966 0.7958317612652763 0.6114068924829483
4 0.8551945678904076 0.8679187447498604 0.8580096885762032 0.9115317616378829 0.8248064925581957 0.9136742538045772 0.8219915802505966 0.8700614337745759
4 0.7138255450952329 0.3635508268879163 0.7164838338043182 0.31567636188070963 0.7635661316376172 0.318290591867747 0.7609079665609215 0.3661649379976736
4 1.0000000118222943 0.8462776158854166 0.9953429328852508 0.8462776158854166 0.9953429677646 0.8062945976562499 1 0.8062945976562499
0 0.42137340384260824 0.3082569557540614 0.414750542908223 0.3621021378687618 0.3615819646084901 0.35556256542565495 0.3682049497845128 0.3017175265796857
0 0.4959023232835307 0.14246323404783076 0.4425346921440223 0.15580508846705793 0.4218450441051118 0.07304622798863378 0.4752125232344042 0.05970439420850727
0 0.6155475253906388 -5.887205845706049e-10 0.6155475261332413 0.018965653577573197 0.5669684271314281 0.018965653026938256 0.5669684277344231 2.5393188279594708e-14
0 0.8359374235773203 0.2604166800449055 0.8359375213140083 0.2031248984764534 0.9023437426818646 0.20312501041414116 0.9023437794772917 0.260416656034096
12 0.2798222478829757 0.39549986748954435 0.2020808525519442 0.41698039355234545 0.15564483206128443 0.24892488245614028 0.23338498569114563 0.2274445366626789
12 0.1834391946016467 0.056073255431685 0.22903858618781214 0.07187773112095332 0.20536790691551232 0.14017265392116024 0.15976852358767246 0.12436819550441773
12 0.25781247258976236 0.0729166664126913 0.2578125004948788 -3.56589166359815e-8 0.37821878709348766 3.284905450311487e-11 0.3782188073280395 0.07291664963588071
12 0.4424837911146824 0.3230038012668486 0.48162514017644753 0.28785818164247934 0.5195946365028021 0.3301432071803493 0.48045338441181684 0.36528872619311153
12 0.631923951023623 0.5717626292236141 0.6377780070636163 0.4979144240903036 0.7192448399702016 0.5043718949131388 0.7133913155578284 0.578219599279732
12 0.7964886557577984 0.5210002184656738 0.714293210384426 0.48597188502810634 0.7727936494518417 0.3487085600106957 0.8549876376775956 0.3837365356818636
12 0.8083477933789709 0.20036179053237832 0.8110576968143732 0.2594983070241808 0.7447207522471899 0.2625379660432495 0.7420109924458984 0.20340158680598633
12 0.7832932510265209 0.1945882100846957 0.6910639835284655 0.20643256466843202 0.667820604704616 0.025440693102500352 0.7600492873840494 0.013596377776484769
12 0.6678478847079532 0.10883769945484222 0.6514664643483457 0.14611424844724902 0.5937640536933486 0.12075660560486638 0.6101454861234288 0.08348009677314411
12 0.9609375 -1.3122124138072406e-9 0.9609375012994406 0.02604166728947497 0.8991224095482266 0.02604166534700402 0.899122411248527 3.4849371810910493e-11
13 0.5507327001560043 0.19110459343771735 0.5508894985910047 0.2551555250972644 0.47665834113411165 0.2553370620787173 0.4765017036336303 0.1912862895100188
13 0.869420371678757 0.30729137425566605 0.8694206875378541 0.37525237884783724 0.7838192455094486 0.3752524342039302 0.7838192311686498 0.3072917308607611
13 0.734375 0 0.8125 0 0.8125 0.036458333333333336 0.734375 0.036458333333333336
13 0.98046875 0 1 0 1 0.03189584765625 0.98046875 0.03189584765625
10 1.0000000292376399 0.1936524778645833 0.9864224536945585 0.19365247786458326 0.9864224779828419 0.10684415104166668 1 0.10684415104166668