8 0.2960804887230779 0.26746328599046365 0.17357939102271303 0.3536658424354415 0.05919657682863999 0.19111995586611263 0.1816964716537086 0.104917999641823
4 0.3347567855618081 0.04204593713189316 0.4323468321634891 0.01930447475415328 0.4995684330053791 0.3077693559312246 0.4019784425599937 0.3305106351349719
13 0.24874733491776624 0.02817203832220675 0.3303439137523583 0.024645451520551122 0.3367562888940938 0.17301174932297142 0.2551597106768213 0.17653832783130544
9 0.9159302759036144 0.03262802733118971 1 0.03262802733118971 1 0.14567875241157557 0.9159302759036144 0.14567875241157557
9 0.9354159711740522 0.30404587064402633 0.8474923431944035 0.26239408536162806 0.9204495220661784 0.10839059620006729 1.0083723275529337 0.15004214988963654
9 1.0000007188889413 0.45029251929260444 0.9283335666933681 0.45029251929260444 0.9283344426930853 0.22399740836012857 0.9999999673585762 0.22399740836012857
0 0.8402956839327089 0.24740944678890142 0.9337056410101923 0.26634296285349324 0.8867730767199191 0.4978796386280593 0.7933631946431206 0.47894637331879303
0 0.876491040963856 0.47909967845656765 0.8764915648735041 0.4039633257026989 0.9852226401997086 0.4039640241094164 0.9852226641002062 0.47909982227831766
11 0.3555564132047948 0.6118565431301123 0.4659759212644303 0.6066361405716982 0.4815344467248224 0.9356697444999654 0.37111495796204963 0.9408899469012917
14 1.0000026714271826 0.6346645578778135 0.8255650294988754 0.6346645578778135 0.825566755584191 0.4790996784565916 0.9999997399982021 0.4790996784565916
14 0.7374507408429736 0.48163696437627784 0.7652840272772892 0.5389389712302015 0.7021539698995412 0.5696001463091309 0.6743210600563998 0.5122984602369127