8 0.04547925367330663 0.7156649950001609 0.16406371168170608 0.6677840964459468 0.22799004213993612 0.8260813157428665 0.10940612561682883 0.8739612529641048
8 0.6837530247960331 0.677049866561754 0.7084197624685658 0.7972731422165172 0.5724130704031722 0.8251710312379071 0.5477485007239693 0.7049496329904691
8 0.6261288777451455 0.271990924507968 0.7630273191646211 0.23092309096343697 0.8254791924709934 0.43909833858801106 0.6885809728885306 0.4801656926356777
8 0 0.06770833333333333 0.12109375 0.06770833333333333 0.12109375 0.24479166666666666 0 0.24479166666666666
0 0 0.8594358229166666 0.00289518359375 0.8594358229166666 0.00289518359375 0.8932291666666666 0 0.8932291666666666
0 0.5064173638378406 0.9843749619970695 0.5064174111328157 1.0000000002325597 0.4818638388671843 1.0000000000000289 0.48186384955465655 0.9843750197382642
0 0.35375721835237073 0.7451861754002017 0.3496384842168254 0.7884298848916068 0.2848695719977741 0.7822616944120719 0.28898859767343765 0.7390183121552517
0 0.24136434346019087 0.43920845699365085 0.2900149185520604 0.4760019105275393 0.23259484993127444 0.5519203880740532 0.18394450316111488 0.5151271979221541
0 0.591403970930287 0.4543720606055639 0.5841690500031973 0.5283517763828418 0.5012170239953093 0.5202395434244682 0.5084523511777661 0.446260287788026
0 0.4512516253814738 0.2613740720768628 0.4038248275924161 0.12753701270124318 0.4916529831094749 0.0964144147803968 0.5390799386215122 0.2302511244379484
0 0.2987026791622611 0.21581096454977394 0.25246962386677296 0.23314819262624356 0.2160339320106459 0.13598615347645016 0.2622667476832703 0.11864897607780998
12 0 0.30973323307291667 0.027216490234375 0.30973323307291667 0.027216490234375 0.376821375 0 0.376821375
12 0 0.4322916666666667 0.0964553662109375 0.4322916666666667 0.0964553662109375 0.54418803515625 0 0.54418803515625
12 0.19017625292246976 0.8624575504076787 0.20270555623051223 0.9141265489777356 0.14281682222531344 0.9286449795947274 0.13028802010478557 0.8769764128673928
12 0.28360088984970844 0.9390819072402269 0.2788994999842771 0.8473837735545671 0.43768400956810183 0.8392441417136371 0.44238726507796855 0.9309402933035008
12 0.38590164941058447 0.7903669890779422 0.3940227408414785 0.7254392679719768 0.44745433236073495 0.7321213103803722 0.4393336873562248 0.7970486268884867
12 0.5775559147809872 0.6511046109632813 0.5216576579281309 0.7209707256412708 0.38525619224049024 0.6118509540535395 0.4411538513359119 0.5419859974109309
12 0.6911584385670722 0.46978838346505686 0.6845646434024957 0.5301980372004306 0.6126302108698383 0.5223465591664374 0.6192242940160213 0.4619372372838301
12 0.3424560166293986 0.3240462387214136 0.32573177643666895 0.390987710873474 0.25514617794749483 0.37335348504546406 0.2718705877590537 0.3064122751490819
12 0.4766721969288028 0.37742917207104787 0.3750097647758821 0.40640886375710394 0.34186531920590824 0.2901385926355522 0.4435265730935498 0.26115907975440417
12 0.7104521542968314 1.0000000000000464 0.7104522759281053 0.9854089160080577 0.7466946890997406 0.9854091617547512 0.7466946474604583 1.0000001657375153
12 0.6129592685547323 0.9999999999999698 0.6129600687942229 0.9518829930528573 0.6940907214252547 0.9518843149457196 0.6940905019498587 1.0000007356641927
12 0.8308494122184129 0.8798179989658945 0.8312969166789799 0.9344138134219695 0.7658813011312304 0.934949228334904 0.7654342937838692 0.8803539030084537
12 0.7527502984753482 0.8533080381655415 0.7196873323571253 0.7344696683623947 0.8799780023407493 0.6898815260697927 0.9130423955868991 0.8087175810714367
12 0.8891400436592676 0.2806256182564683 0.9391407550416488 0.3181249010384175 0.8849896990608386 0.3903260898843961 0.8349891403966012 0.35282698241788524
4 0.8296338028143282 0.5440815697379728 0.8219968417198515 0.45620332474375325 0.8995361106196924 0.4494654101742874 0.9071735381178314 0.5373431338815942
9 0.2578125 0.53125 0.3671875 0.53125 0.3671875 0.6772336419270834 0.2578125 0.6772336419270834
13 0 0.9479166666666666 0.0546875 0.9479166666666666 0.0546875 1 0 1
13 0.025955046023113937 0.8583794443618633 0.10458083838159382 0.8286838801434039 0.13196792502822063 0.901180999638963 0.05334229459731432 0.9308762550763622
13 0.08260775286544231 0.6786879563469672 0.02525280349016157 0.6353965532412935 0.09192232095290365 0.5470799610129958 0.14927646426531282 0.5903709111365484
13 0.09194277850360777 0.4412713158765563 0.1796773037302728 0.4303052511217154 0.1907092465671667 0.5185609905757632 0.10297473598973284 0.5295269836553882
13 0.3548188607253451 0.9999999938836137 0.3548193332807159 0.9739580065092162 0.44074021147002895 0.9739592785295628 0.44074007519054703 1.0000009279389501
13 0.609857442057546 0.24139948568099565 0.5135533909875676 0.2100609964640198 0.5446760234719932 0.11442215926805392 0.6409795671826259 0.145760557210668
13 0.6328125 0.140625 0.73046875 0.140625 0.73046875 0.24329962109375 0.6328125 0.24329962109375
10 0.24681717578130247 0.9999999999999891 0.2468173692847131 0.9850391298234312 0.30091620688131115 0.9850396361565709 0.3009161357402945 1.0000003843218308