8 0.08203125 0.7604166666666666 0.203125 0.7604166666666666 0.203125 0.953125 0.08203125 0.953125
8 0.5455843296199419 0.49468365502295336 0.4532611782982485 0.5552670620938034 0.35562384331035446 0.40648507035418413 0.4479452853179282 0.3459024225605311
8 0.7269470756986038 0.7283063400609667 0.5975733239630472 0.6773603013638053 0.6626737232055575 0.5120683415577001 0.7920436467079526 0.5630135411516562
8 0.9603071181640624 0.08043913671875 1 0.08043913671875 1 0.2189867421875 0.9603071181640624 0.2189867421875
4 0.9184711733749964 0.8378548367891441 0.9338570837602447 0.9359301252254331 0.760327909127227 0.9631428059322641 0.744944645383157 0.8650698712561307
4 0.5861756116624974 0.6556110295168638 0.5929015834734628 0.7614875217497082 0.40932275333182133 0.7731450691299162 0.402599022988511 0.6672707107500132
0 0.5624997290698275 0.999999976180934 0.5625001208362619 0.966065949426015 0.6171876049977527 0.9660665175881264 0.6171874913927695 1.0000002657255582
0 0.6748851290034281 0.8385410239233682 0.6748857947940223 0.9010416218755029 0.5950252522328583 0.9010416829167603 0.5950252475407751 0.8385417441802153
0 0.28906238546426266 0.624999997226757 0.28906263782278074 0.5729164672539672 0.34533810350842487 0.572916742121604 0.3453381189817719 0.6250000035488549
0 0.1980774195703816 0.44314079417590996 0.15824174217721065 0.5178289490789931 0.08792237056445629 0.4803254682072866 0.12775809006973304 0.4056377268635451
0 0.1714385239559988 0.18700930990157444 0.07483415066224097 0.21806054112682766 0.03900164561912334 0.10658104850940275 0.13560555825586107 0.07552989609473323
0 0.9802969369915218 0.9195000760643999 0.9502941716590385 0.8970034241017099 0.9878935069151566 0.8468711577256486 1.0178959292661602 0.8693676193341185
0 0.8657727976695924 0.5446158185709042 0.7886439105225236 0.5044808083875999 0.840457691477809 0.4049166817302602 0.9175855287704735 0.44505135840288135
0 0.7782694274009145 0.28064351649645713 0.8523395934244036 0.28161029652492514 0.8510149798846669 0.383092829603365 0.7769448139448514 0.3821260545354962
0 0.7024217950262255 0.147499829637679 0.7524220091409006 0.11000004052894052 0.798671964449909 0.17166686913373258 0.7486718110678794 0.20916658763174617
12 0.378153736082254 0.9322912931265417 0.37815438476877716 1.0000003263703439 0.2586295361328439 1.0000000000000553 0.25863007706709595 0.932292164528994
12 0.35611990509823954 0.8266527693633974 0.3903795837918551 0.8639351721262771 0.3469784618096128 0.9038080881639843 0.3127190811296714 0.8665259739181869
12 0.622725576143921 0.733841188818209 0.6709388697954637 0.6941812621904453 0.7217304981473944 0.7559170287169543 0.6735175347807854 0.7955765943083766
12 0.9108272936668982 0.790549404265962 0.8996575355056393 0.7337316770612581 0.9548511850040313 0.7228831116199809 0.9660212177731182 0.7797004682947881
12 0.6124103050303802 0.4697871278703479 0.6674491544122247 0.42885669953260136 0.7039998541217756 0.47800302381843846 0.648961159639498 0.5189332717253086
12 0.7150292353924215 0.3774119777884357 0.6533888808814936 0.34405891445698916 0.687088309919659 0.28178095222533334 0.7487283159254048 0.31513389989484375
12 0.721269034168813 0.12104655784493118 0.7169363013612156 0.23086751960865393 0.551897482350455 0.22435577688571862 0.5562306693578876 0.11453529657395493
12 0.9558112205291991 0.30163873824772486 1.0011618521876926 0.30235350896790725 1 0.3760679934895837 0.9546493684074449 0.37535322551505695
12 1.0000001123065658 0.5362305729166668 0.9823452816384588 0.5362305729166666 0.9823454269436525 0.4388020833333333 1 0.4388020833333333
12 0.9609376129194516 1 0.8997566914061963 1 0.8997568957074691 0.9791666666666667 0.9609374322484427 0.9791666666666667
9 0.88671875 0.53125 0.9921875 0.53125 0.9921875 0.6810977682291667 0.88671875 0.6810977682291667
13 0.15738682357437028 0.56249948590115 0.15738739616369912 0.6355404673262945 0.0664062230628133 0.6355405020092537 0.0664062556462568 0.5625001258044555
13 0.45425606549531494 0.5503283249681215 0.4860133013678478 0.6297116539302575 0.4000209696409911 0.664108186597271 0.36826453612377463 0.584725537483597
13 0.5742194158965503 0.9131606445312499 0.48845380449051845 0.9131606445312499 0.48845469962213883 0.8385416666666664 0.5742186092418251 0.8385416666666664
13 0.8125000958469855 1 0.740234375 1 0.7402349745177617 0.95771312890625 0.8124997845725375 0.95771312890625
13 1.0000000381037353 1 0.982421875 1 0.9824219348770384 0.9815705130208331 1 0.9815705130208331
13 0.7005732278096275 0.43789693228220167 0.7622981112349407 0.4101275521987536 0.8120381722493448 0.5206810159571691 0.750313435594876 0.548450150575256
12 0.3281483252470707 0.2841081426556571 0.3298353553263951 0.34611560285210824 0.25440325204010605 0.3481675566245747 0.25271645262762377 0.2861603205566332