4 0.3831344180510996 0.2741179601038232 0.4334994722690908 0.27095308193521817 0.4376520259586414 0.3370339889395476 0.38728697261092293 0.34019885739078276
4 0.19341321779620557 0.3419784596573998 0.2004282529634338 0.2819437698184804 0.25016569752176565 0.28775542978508695 0.24315082081341188 0.3477899743820558
0 0.4425618673654981 -5.012158354229181e-9 0.4425618770718529 0.06995354096698655 0.3926295620566407 0.06995353228941631 0.3926295701304525 1.6224347177719678e-9
0 0.002590892454236382 -0.0009230507111114115 0.05884356691922221 0.00009382848291839358 0.057421234550815825 0.0787757175721362 0.0011685600734381296 0.07775883884493506
0 0 0.2711378141447368 0.05643273399014778 0.2711378141447368 0.05643273399014778 0.36033259210526314 0 0.36033259210526314
0 0.07428198186380541 0.39967103216242544 0.07428225599107918 0.34652915286828245 0.14520241252353117 0.34652951998943804 0.1452023522166428 0.39967118209253555
12 0.1434876472386577 0.186142636286054 0.22385308347463706 0.08198937171517064 0.3540432243945588 0.1824444367671458 0.2736783377918073 0.28659720418869167
13 0 0.09638507730263159 0.05464962684729065 0.09638507730263159 0.05464962684729065 0.2430534424342105 0 0.2430534424342105
12 0.4726613687931831 0.001137479049354444 0.505646191599908 -0.018874161239652288 0.570143973768495 0.0874363233606654 0.5371591646263596 0.10744794642931721
12 0.6349135413206568 0.20999544009677212 0.6084301738376325 0.22610684343091372 0.5343484026313945 0.10433473346487712 0.5608316215198101 0.0882233899287146
12 0.6366604267306002 0.347015325265582 0.6744527889293295 0.3667873655516744 0.6486286449427325 0.4161455525982579 0.6108363260383385 0.3963735758473899
8 0.8474265095145483 0.10119690838678232 0.7932935116831459 0.11380807104161764 0.7670196760211638 0.0010284285395586502 0.8211525442437733 -0.01158271574846664
8 0.8277503320111919 0.676260580787788 0.7439282977570656 0.7115940212037615 0.6623622392042989 0.5181123129280956 0.7461814434336702 0.48277955234052744
0 0.811701159942686 0.4106220048080161 0.8503672333140457 0.41771162433678133 0.8425660940683883 0.460255832250976 0.8039000263079288 0.4531662330658086