4 0.3439626179156221 0.14886632948810763 0.2624275468524502 0.14173296093752885 0.26971686419767593 0.05841676602908502 0.3512517240038733 0.0655501253841887
4 0.22172367967334594 0.2692949270507843 0.1745843940876739 0.26778338004608304 0.17625439652613295 0.2157063442940637 0.22339350224751797 0.21721788842798767
4 0.4461638577022313 0.22154002956970992 0.4684881354163508 0.21835217417374755 0.47737976745202104 0.2806184086126159 0.4550554914329723 0.2838062564076965
0 0.07274066145441793 0.23758284246085826 0.12401405079685901 0.2357513116868643 0.12640250870140335 0.30261439579614624 0.07512911973992686 0.30444592153652156
12 0.010974817677265492 0.05913568347290679 0.05317299145781362 -0.030438559686622364 0.21053305189832372 0.04369331293140118 0.16833502562269587 0.1332674298321342
12 0.07951445662956758 0.33522996252442133 0.1270985751986018 0.3450996715646655 0.11393025307586413 0.4085845380527696 0.0663461446358724 0.3987148651719481
11 0.4905103004925877 0.3990147783250831 0.49051236124330444 0.3005601428884296 0.7248796276203393 0.30056374764194643 0.7248787945751474 0.3990172334540514
11 0.900771423363949 0.06180680300410035 0.9454998079190773 0.06572002125232693 0.9418307513408308 0.10765753716194137 0.8971023670848126 0.10374432102573693
12 0.5607264400445047 0.13233255018085022 0.6349718122422701 0.13443138085385176 0.6327430373243033 0.2132728429846301 0.5584976652864952 0.2111740166621511
12 0.8212967122651662 0.2579500213452974 0.822209085016425 0.17897163849126976 0.8974110142307836 0.1798403979556361 0.8964988426050695 0.25881857783158135
0 1.000002866419436 0.5517468546798029 0.8170783330730274 0.5517468546798028 0.8170796721809666 0.39901477832512317 1 0.3990147783251232
11 1.0000039142422565 0.8785915874384237 0.8850039617746006 0.8785915874384237 0.8850065335267345 0.6276924113300493 1 0.6276924113300493
14 0.634010519546905 0.6941939895380292 0.7709970387714975 0.7061759817584018 0.7446366352010045 1.0074871112727055 0.6076501797965648 0.9955055771074561