8 0.6209806075119104 0.16397918407614068 0.6402020598935678 0.28891282358811027 0.5011646163551404 0.31030311810402206 0.48194387465912314 0.18537011467042383
4 0.11828235560597022 0.48786482124970165 0.07547951481524251 0.48412028051095657 0.08073388940943005 0.42406509877126136 0.12353637618673474 0.4278096240004116
4 0.027623488727158474 0.8554018354501084 -0.0006179377755870519 0.8550440208784235 0.0001162512529617743 0.797123411291816 0.028357263437897018 0.797481223227558
4 0.19188465526747223 0.8835987013590766 0.22957140344567506 0.8802206388511612 0.23382095727856722 0.9276183576466266 0.19613421212784488 0.9309963979704217
4 0.3571332330811856 0.6848025287862277 0.3189593533020343 0.6792929870261448 0.32664404505601397 0.6260566162284252 0.3648175202370112 0.6315661282919648
4 0.3789062309053861 0.4322915922757495 0.3789063602122269 0.4843750114866476 0.3429114828957154 0.4843749870145602 0.34291148425188567 0.43229169819691815
4 0.5513509175283389 0.900103223123691 0.5484630939324688 0.9444643121425031 0.5014479999533705 0.9414042130376276 0.504336095690519 0.8970434169603716
4 0.6792865548583222 0.8698347500799273 0.6474410418288699 0.8822295015052366 0.6296822982075128 0.8366120925609871 0.6615274497930841 0.8242174195373669
4 0.5639650703710686 0.7319692729115067 0.5672777234151454 0.7796987937893614 0.5280797216769315 0.7824186259789865 0.5247672981695359 0.7346893206404335
4 0.705538197000692 0.6790738016042808 0.6705504530407325 0.686073198011343 0.6605308689005369 0.635994339063153 0.6955182645389186 0.6289949786080089
4 0.7093358270603858 0.4394055507786518 0.7432907047881372 0.46711225276480145 0.714028480068805 0.5029709298052288 0.6800736855871037 0.4752643197031905
0 0.15625 0.6197916666666666 0.203125 0.6197916666666666 0.203125 0.671875 0.15625 0.671875
0 0.17194153259367795 0.20541495375686217 0.2345056636610252 0.2056761018892268 0.2342547832887476 0.26577939563378855 0.17169065222162772 0.2655182480663474
0 0.37151771905701025 0.2896242665074938 0.3357794544230046 0.2602529293913397 0.3857205910023822 0.19948715148108911 0.42145872323305866 0.22885840137430502
0 0.46869182630439354 0.37662693884537213 0.4296298127735554 0.4087125502170167 0.3676249363682018 0.3332285507793267 0.40668669412059444 0.30114310670713634
0 0.4765625 0 0.5078125 0 0.5078125 0.057291666666666664 0.4765625 0.057291666666666664
0 0.6931281224663053 0.3379865659625556 0.7400959039682675 0.3184174691356681 0.7699126903984279 0.38997804278645415 0.7229449562991022 0.40954705554438375
12 0.3679661187642296 0.09775850436238412 0.3856754817062438 0.14390952029983903 0.32219856785991396 0.1682670680794496 0.3044892782701254 0.12211611354387182
12 0.3443836973327734 0.5215252336435225 0.26039920612595324 0.5509179376370715 0.21325309710380225 0.41621314564579825 0.29723603090974393 0.3868207385569646
12 0.7499999966167934 -4.4257726869096816e-8 0.7500000370351927 0.09603917035174732 0.6100704195646358 0.09603911388882118 0.6100704741155596 1.8185658709559677e-9
12 0.6046046361242361 0.3220620253211233 0.634580619577946 0.3610669795780786 0.5868282614992495 0.39776389332228246 0.556852417917753 0.358759067234772
13 0 0 0.0546875 0 0.0546875 0.042276329427083335 0 0.042276329427083335
13 0.2399979794721503 0.26498244332698123 0.2491549156414976 0.20070104496221458 0.3349136751361357 0.21291721370906672 0.32575696339483784 0.27719841167970716
13 0.4449046179265679 -8.593311252855729e-9 0.44490462623593885 0.05703862419958859 0.35537833927992324 0.05703861090091419 0.3553783515625355 -2.8056592224277293e-14
13 0.6612729511074349 0.10679316030953735 0.6446313088254101 0.17574248978368667 0.5617557785778899 0.15573960616434712 0.5783974984428824 0.08679039626075448
10 0.24792151939323048 -0.07461403796091827 0.3634266791174241 0.08771410065968947 0.06349274490696644 0.3011310908919934 -0.0520112562533086 0.13880401743416743