12 -0.0033512568431888212 0.0923673054865503 0.008330549576612611 0.08372618771823799 0.026727569247327665 0.10859679111216704 0.015045766344996991 0.11723790477620614
12 0.05457665950802948 0.2007364661346882 0.05565270391662125 0.18287329401521701 0.0808792618785219 0.1843928749156125 0.07980323142089674 0.20225603385382276
4 0 0.028807111817026682 0.013943958068614995 0.028807111817026682 0.013943958068614995 0.09042944663278273 0 0.09042944663278273
13 0.2668748533503731 0.05086147902296111 0.27391428805378837 0.04931577975291382 0.27603264618801404 0.05896321319140026 0.26899321152609446 0.060508912333376984
13 0.18166812969423063 0.03630664398804434 0.18667530253844689 0.040185470178747296 0.17981149499155435 0.049045947328969344 0.17480432239483434 0.04516712142012993
11 0.19043709679579024 0.022204924619571097 0.19598869844537603 0.02117389437393665 0.19802561384312867 0.03214170125035458 0.19247401220661686 0.03317273144829611
11 0.2866982464827288 0.07169043313736058 0.28233779426250294 0.07160700194153678 0.282575231675537 0.05919760537373956 0.28693568282142223 0.0592810365593096
11 0.2910295176101272 0.14089414275197812 0.29666895659045167 0.14058963393040944 0.29740677302163476 0.1542537494038451 0.2917673340488136 0.15455825813154508
11 0.20040168287766846 0.12365351756937648 0.1937773732132655 0.12334298917305692 0.19437129649861618 0.11067328028516504 0.20099560317169107 0.11098380861128955
9 0.3426071478390895 0.013803806946042756 0.35846901982142754 0.012225357346196267 0.36242440161026934 0.05197305895169608 0.34656252967624823 0.053551508236470986
9 0.17098959100985667 0.09511709784124181 0.17925250639393653 0.09280245634382625 0.18264423280868414 0.1049103643720901 0.17438131760252418 0.10722500542560894
3 0.38796024700241105 0.04602702376390787 0.37855606864582114 0.046956839681499135 0.37612128564819614 0.022331389871915876 0.3855254615572221 0.021401574077587117
3 0.3680347377006683 0.026328368218208397 0.38031634078470233 0.024289182450148886 0.3868677814509738 0.06374716386303045 0.3745861785246234 0.0657863490740228
3 0.39886214589591873 0.20413610446133715 0.3912375266813797 0.2045146170889618 0.38952641418711664 0.17004682484431977 0.3971510187710692 0.16966831257494022
0 0.34422788879157906 0.1545989655638803 0.35137926429297295 0.15481920195133494 0.3507040011986646 0.1767457369711306 0.3435526257028414 0.17652550070550516
0 0.31854241166149677 0.05217379950907603 0.2938185892508045 0.040626822016138715 0.317708959352899 -0.01052604684327522 0.34243277561495233 0.0010209290497512756
8 0.7146419885751811 0.17669141516437614 0.6750462553867465 0.13528648897099188 0.7548122913655106 0.05900624170017832 0.7944079505601849 0.1004110847991647
0 0.8276267976277722 0.14570194410582146 0.8255172942826903 0.17325137167529084 0.8062822135983652 0.17177851328871308 0.8083917287145823 0.14422909877609605
0 0.862508907382562 0.1570029462437333 0.8799592571731409 0.13529939857493908 0.8987220904267588 0.15038522121210776 0.881271754099771 0.1720887564118808
4 0.7658944621308592 0.4092071235929662 0.740692622808865 0.4844316782007642 0.6398855248836526 0.45066049552118764 0.6650876263006467 0.3754364630764325
0 0.5003111700430054 0.3709852533774419 0.5074237193864519 0.4407592365893675 0.4146530758218887 0.4502150348993883 0.40754096855516764 0.38044145980223304
8 1.0031766636609518 0.3598783991562202 0.9997900427895274 0.39241960757725985 0.9134349352680147 0.38343252611458783 0.9168216969081868 0.35089147398358744
8 0.9328768792969413 0.3523525521587811 0.9354393841545061 0.33281917123691807 0.9970151296885206 0.34089667412103886 0.9944526955958963 0.3604299913171821
4 0.3385927533870472 0.8354365332632848 0.37014399330666947 0.8627954600986355 0.3311890187840163 0.9077090887891803 0.2996379812924488 0.8803503777328509
4 0.20373768027468486 0.6326265374137459 0.16665598735028198 0.7264444941864625 0.01658553396566731 0.6671348684369437 0.05366780840267893 0.5733184036036625
7 0.06269353922607479 0.5111536046356813 0.0969136381224871 0.45353088164335603 0.1561362054953861 0.48869854255684075 0.12191645264181261 0.5463209648322771
14 0.7868807976286689 0.4695036785944056 0.7868810268682864 0.48937728441160083 0.6759408629800419 0.489377980884848 0.675940794610824 0.4695045344221947
14 0.9639411095618016 0.5148797436932951 0.9716984342442174 0.5780316933491737 0.7791513906696537 0.601678885439485 0.7713952100798451 0.5385279686166038
14 0.5509597256758525 0.5176888009680363 0.5645259408439642 0.46607621599044063 0.739069671911011 0.5119502428718335 0.7255043094470466 0.5635620924300202
14 0.5183043954167488 0.5721455849193133 0.5181227867632288 0.5399919077216319 0.5982469169362048 0.5395392626045068 0.598428742593569 0.5716927204749981
14 0.4943539842460041 0.6583710965785822 0.5056963250872286 0.5721216070076357 0.7528828501173166 0.6046228032880183 0.7415428067107541 0.6908701976116787
14 0.8729806066953643 0.6123742920323576 0.9068710232385229 0.6880043236513087 0.6985782678349324 0.7813252927704833 0.6646900136429394 0.7056970967805356
14 0.5998419133117068 0.7137066141122891 0.6008336938216416 0.7503079906399039 0.523258973500333 0.7524091654753066 0.5222675183066485 0.7158081056702914
14 0.9553358842705393 0.4695028325647084 0.9553369941983192 0.5288805438995304 0.7361337521493851 0.5288822283233555 0.7361336354015293 0.46950550333625696