12 0.5407329887232208 -0.007294390188278935 0.6264502688719631 0.0008732283102877641 0.6095191453403004 0.17856115185943996 0.5238018650542244 0.17039355308094137
12 0.48294490136765944 0.29804070246047404 0.46192845008852146 0.31807736745333176 0.42657417769248696 0.28099517540130126 0.44759057830776783 0.2609585556173637
12 0.4283923158319567 0.46152868353504556 0.45160842866471285 0.4509065750483731 0.49462266518150955 0.5449133554333137 0.4714066048524046 0.555535379535286
4 0.5156250851557616 0.1361506746626687 0.43135928079902897 0.13615067466266864 0.4313593907528457 0.007308845577211348 0.5156249559539674 0.007308845577211372
4 0.67578125 0.03073463268365817 0.73046875 0.03073463268365817 0.73046875 0.11272488755622188 0.67578125 0.11272488755622188
4 0.7885763934682473 0.05854618053655415 0.8245278196311574 0.07053594320947103 0.7981597610353219 0.1496005952582377 0.7622083424707853 0.13761084832629783
4 0.9420952029977343 -1.5600281769190253e-11 0.9420952030077387 0.005336386816378503 0.9296390529838163 0.005336386797591613 0.9296390529999599 -5.156326741827249e-14
4 0.943359375 0.0014523988005880613 0.9423284847378 0.0007647949956175447 0.943297234738111 -0.0006876038048226759 0.9443281250000837 6.488766391645931e-14
13 0.47710350864156226 0.47554212645326893 0.4965155898886451 0.4551970113242451 0.5291330794559599 0.48631653276896036 0.5097210669979404 0.50666158056772
13 0.4955961685860757 0.3224678849567724 0.5143109685411673 0.3142311956072702 0.5361881388062102 0.36393719184980045 0.5174733528192519 0.37217385783453194
13 0.49453272440734963 0.17500136581232664 0.5117168432349217 0.16640511321473656 0.5326597479038355 0.20827005529143242 0.515475636964652 0.2168662960914137
13 0.7142531250000275 -4.245769888594984e-10 0.7142531254858113 0.017581884554323246 0.6763125716726108 0.017581884141830907 0.6763125721117831 8.640455273102557e-11
8 0.8215840323159682 0.0708452480810745 0.8514638738229223 0.08081013898570934 0.830368729782549 0.14406396117274128 0.8004888933078291 0.13409908119345246
8 0.9093548982345965 0.056808923143790636 0.8867035763536251 0.056799062974855694 0.8867225760421888 0.013162743420242413 0.9093738882553453 0.013172603587198807
8 0.989181287866927 0.19889261782376447 0.9668932503400356 0.20240116441871236 0.9610944184918253 0.16556434012740107 0.9833824107680584 0.16205579715865628
8 0.8828127070303253 0.46834837331334334 0.829283975176736 0.46834837331334334 0.8292843267297485 0.37426851424287855 0.8828124107038775 0.37426851424287855
8 0.926804419794621 0.31746213771807574 0.9123218415965084 0.31796376301976353 0.9111003844338939 0.2826989708206895 0.925582916000053 0.2821973463268349
8 0.6308277809066567 0.6252316342621715 0.5746779857000774 0.5909195688039951 0.6155903922823427 0.5239760666986566 0.6717395996259938 0.558287898685562
8 0.7529914641055484 0.6632712299237574 0.7104802258301106 0.6617958571034241 0.7123020156292341 0.6093158245749988 0.7548128218400052 0.6107911898938675
4 0.49973042358817565 0.663127973108824 0.4878331801253353 0.6870565136462472 0.4641776329831373 0.6752965540000971 0.47607488782853125 0.6513680778769929
11 0.7182465378236884 0.4923073708098435 0.701480875501602 0.4836732772665547 0.7174948227359437 0.4525796699516245 0.7342604146766689 0.46121374149214667
4 0.8123847628430667 0.5096291520321722 0.8164961744516859 0.5322678429469718 0.7936330183889595 0.536419625480574 0.7895216542084427 0.5137809763557226
11 0.7871703233004155 0.06868785299823729 0.7685495076784719 0.05045601789482482 0.7891940426455903 0.029371048390150624 0.8078148538777441 0.04760287925583286
11 0.681116572425708 0.17555741472161263 0.701479267781906 0.18890456225189045 0.6766587276845257 0.22677083380638144 0.6562960469374275 0.21342370476694333
11 0.7553133446726861 0.14690131272043241 0.7777752735041759 0.1593891991664846 0.7593484401903652 0.19253320246642391 0.7368865200082837 0.18004532819384833
9 0.8832627543050648 0.5727175126094192 0.8473922054361083 0.5497398606621188 0.8786892224654821 0.5008865212629 0.9145595175386916 0.523864064555388
9 0.8846826669999928 -2.4003900935980723e-9 0.8846826703380657 0.0446232696644069 0.8437499975732408 0.04462326678271964 0.8437500002959268 1.005855387629527e-10
14 0.9405906618679865 0.5529801937330256 0.9518226390763402 0.5535215463758809 0.9508682815941256 0.5733206438509246 0.9396363044518239 0.5727792921288489
14 1.0000000023819666 0.3503388815592204 0.9961834581458788 0.3503388815592204 0.9961834629096984 0.3322995292353824 1 0.3322995292353824
3 0.9357495453391493 0.03549644297776163 0.9765611911711858 0.03435501656435676 0.978554761011651 0.10563492434389138 0.9377431152196323 0.10677634988943525
15 0.821661965713929 0.04818675481268007 0.8404296006752929 0.051768892227065155 0.8344623347733204 0.0830327211909006 0.8156947001111803 0.07945058491349023
15 0.9816513143646262 0.24543747341401215 0.9963293147487775 0.2508171785149193 0.9861761546519574 0.2785185099238837 0.9714981574636568 0.2731388111531031