4 0.32348135394011024 0.2369019715134665 0.30045131317626783 0.23383976690641275 0.30657210260142165 0.187807826036858 0.32960207431267463 0.1908700259591168
4 0.2970622190841823 0.4531401652155292 0.2876797917681415 0.4559495355881813 0.27511786909997227 0.41399897281133713 0.2845002458458339 0.411189610508219
4 0.36007338026990965 0.1361883646798248 0.35120640487787114 0.13581676419945354 0.3521749171193278 0.11270673323639756 0.36104188477725074 0.11307833355492113
4 0.05701322991183133 0.016186953838152076 0.07027398342802371 0.01795282937423496 0.06529720838659614 0.05532565866690572 0.05203645493679687 0.05355978349606223
12 0.27485932902368404 0.3593550000166765 0.2620631800288038 0.3639168835428993 0.24315241711849467 0.31087369043701263 0.2559484996509127 0.30631181985667916
12 0.27832040682335446 0.3229968632846762 0.26595652169385176 0.3259461095147952 0.25257197370228823 0.26983658504477076 0.2649357970155961 0.2668873465094253
12 0.32617834786503863 0.37249149286394345 0.33966390039029193 0.37837003198556807 0.3227307605683336 0.4172133563113534 0.30924521686040407 0.4113348321635537
12 0.24010501830503017 0.10979804342303973 0.27018167298501794 0.10881887140917318 0.2725684630009937 0.18213208605269787 0.24249180839933615 0.18311125647619195
11 0.2826446459473573 0.11849937457807944 0.2785874395265182 0.10147508787591367 0.3003459695590891 0.09628964044322236 0.3044031802205609 0.1133139208351299
11 0.2649800992882092 0.03064052343038992 0.27893282040145095 0.03256988810033626 0.27699908120666805 0.04655423872798703 0.26304636012309857 0.04462487421904379
11 0.30211856321466257 0.2840445888720159 0.28623685709396796 0.28772772348914105 0.27855089587308157 0.2545864461710688 0.2944325596986346 0.2509033166351821
11 0.28157120504579325 0.20522192898823105 0.2724904481138992 0.20396917624793778 0.2754322189928189 0.18264562983276866 0.2845129645660336 0.18389838177929238
11 0.22020171180588477 0.3158543644037974 0.24265845999593694 0.3170675105408944 0.24063686819465602 0.3544882787958741 0.2181801201925282 0.35327513498242097
3 0.22836443255835093 0.14437198115809013 0.20049494810120905 0.14066625559956292 0.21080865278008787 0.0631010238884251 0.23867806687599114 0.0668067446044573
14 0.1771814466357 -4.8662588348233426e-11 0.17718144694993043 0.014914168910429529 0.14894365887801087 0.014914168808087836 0.14894365901886886 2.7624486382608158e-11
9 0.17636525833347605 0.07516762682107785 0.1630375457533546 0.098432235842876 0.14640511109348608 0.08890394564082434 0.15973282366587682 0.0656393422424964
9 0.16095590157453898 0.041728302185844356 0.1496476778252145 0.0413108136680113 0.15034478604434298 0.022428757606935856 0.16165300770046542 0.022846246086003098
9 0.14359446449327606 0.04601357119952447 0.13693279347592124 0.04558559611546588 0.13893525263233641 0.014416229730834063 0.14559692178318073 0.014844204755639932
9 0.17070147620722764 0.16483776760366692 0.1851309179863847 0.15932967111610952 0.19568012369279586 0.18696495136948513 0.18125068423239554 0.19247304348892558
9 0.14324078361630654 0.27045672963789846 0.13102366107739272 0.268832280781791 0.1355261239880292 0.23497104488929604 0.14774321453944594 0.23659549157847012
0 0.16951090266240953 0.26753315397201155 0.1561445408152622 0.2630781263793903 0.16927219024239548 0.22369222263017355 0.18263851374899787 0.22814724328245348
0 0.15965252771025007 0.24782782175057505 0.15078292372788837 0.24668833835830203 0.15468847094609828 0.21628862597030998 0.16355805586624683 0.21742810811926724
3 0.20447939934172155 0.3402849727144264 0.21820146034826848 0.3411667633163591 0.21657940753766525 0.36640753524194203 0.20285734665014843 0.3655257458396566
9 0.21645358052819574 0.024910331420025033 0.22455216362209285 0.021805819501964193 0.23097583941989797 0.03856293314837163 0.22287725647311163 0.04166744479808106
9 0.2583017832283758 0.02748988621784507 0.2562177957961467 0.031947465024073605 0.2484078837569541 0.02829621032817475 0.25049187122965577 0.02383863168185509
13 0.23003068689740758 0.033392081343806446 0.24829564023275452 0.03837554322055167 0.24366810734704814 0.05533596641446751 0.22540315421611012 0.05035250512638239
15 0.3576452017466636 0.20512835529984708 0.34765262373980477 0.19930913196404187 0.35778410461978183 0.181911899196443 0.36777667330852637 0.18773111907769727
15 0.36890951537532146 0.1879507411994785 0.36221858399801476 0.1879507411994785 0.36221858755504854 0.17112376010430247 0.36890951275302086 0.17112376010430247
15 0.20767286470106683 0.14091315691378184 0.2216049884741551 0.14260718364513716 0.2158486267852595 0.18994865188145194 0.2019165033916579 0.1882546271888217
15 0.16534685970202645 0.31386707825049653 0.15687804861988752 0.31263161812051793 0.15969348077919676 0.29333305580569247 0.16816227688264007 0.29456851482799523
5 0.17134079166737592 0.29476281271967325 0.1771133482567393 0.2977263934777051 0.1682288944539323 0.31503132641587867 0.16245633966320838 0.3120677483345894
13 0.15896371738244852 0.3011652405729668 0.14104101062787322 0.2973182664707823 0.14909537460209776 0.2597947680962476 0.16701802418469924 0.263641735824439
13 0.1454078404850634 0.19691932589878558 0.13014407918490178 0.1919945607844537 0.14509275488410367 0.14566330910742545 0.1603564802501296 0.15058806795891108
13 0.19902133063021665 0.12668110825744294 0.19441002725966428 0.14738321865725557 0.17705999115423765 0.14351858990930338 0.18167129986136388 0.12281648702260248
13 0.17830647206551475 0.1303086330792519 0.17383387406493966 0.11765617316180514 0.1964080875018226 0.10967630459836956 0.20088068816664872 0.1223287590395239
3 0.3133847498969544 0.08995904690555269 0.327517119183085 0.09094430716800338 0.3258309435342426 0.11513038800585021 0.3116985742842644 0.11414512811656526
11 0.3488929121485853 0.0695919364293645 0.3555613293708575 0.07321658295569984 0.3507864523489843 0.08200111288953944 0.3441180354180915 0.078376466780405
5 0.2485949479489591 0.08436623553426684 0.2567438631614323 0.08004303899500421 0.26315210187112825 0.09212208196252153 0.25500318720821724 0.09644527770534075
5 0.210932488421804 0.005344003862830213 0.20831769530241218 0.010936956373104108 0.2021040699827381 0.008031988975040651 0.20471886310906484 0.0024390365058815887
5 0.18583232347293688 0.027571465970902473 0.18700357468401307 0.020721702682031492 0.20222098760723384 0.023323750069664716 0.2010497368602273 0.030173512944995942
5 0.2044685473329082 0.17611946636897596 0.19243599750109297 0.1750510057238272 0.1939738416384671 0.15773267948772518 0.20600638102655466 0.15880113967015416
0 0.13556337316651934 0.09744906296451462 0.1386386734285452 0.09743074285602478 0.1387383654370069 0.11416546095207095 0.13566306517498106 0.11418378105561279
8 0.07536751275608822 -6.447518728421223e-11 0.0753675128486293 0.017447513722504932 0.06571509501327455 0.01744751360818121 0.06571509513139517 1.565219290977681e-11
8 0.08477792025121289 0.00004376510814612288 0.0963121805884839 0.00041453418679541376 0.09564502638966133 0.021169042782048616 0.084110766052504 0.020798273715305605
8 0.09477031308017558 0.1039966331004265 0.08274654780973378 0.10472277552411915 0.08151171772522048 0.08427594459377603 0.0935354758782978 0.08354980238703659
3 0.21699079327515847 0.18574896436489455 0.24230517707030685 0.1827399829043565 0.24940535756934423 0.24247260332777562 0.2240909747929436 0.245481578859138
0 0.21343087641014336 0.3465933005563862 0.1809379730324281 0.35131512459908504 0.16858624666349442 0.2663191162930739 0.20107889282098768 0.2615973112602023
11 0.4598542911833192 -7.012373250648879e-10 0.4598542917017312 0.019025117368139242 0.41650465376733337 0.019025116646528176 0.41650465445854934 7.553636598668761e-11
11 0.3689095127610209 0.2621600847457627 0.38899816241299306 0.2621600847457627 0.38899816241299306 0.2955856766623207 0.3689095127610209 0.2955856766623207
11 0.9923096938499611 0.06723946399228321 0.9892709519454002 0.07983458456574798 0.94743228751679 0.06974044847331004 0.950471033177223 0.057145333604371
11 0.7914746056386548 0.26369723003652445 0.8176607944313901 0.21762287710862463 0.9156637457109582 0.27332133534195774 0.8894778055565666 0.31939547286139774
11 0.971950421630936 0.37997121328405503 0.9630228308925552 0.41069902721074564 0.9401753190984437 0.4040612438900427 0.9491029355433511 0.37333347382062027
0 0.758109180235806 0.03518605309001605 0.7702739976224393 0.008189669330760168 0.8244797658591096 0.03261527810924286 0.8123149587288481 0.05961165299230887
9 0.8507621893637634 0.06114469749408545 0.9596664068525342 0.10232701781660622 0.9162626752220149 0.21710496199556764 0.8073585116087543 0.17592274584461368
9 0.6820496331674804 0.18443145750744536 0.7125181229403097 0.18549562483521667 0.7114849789318214 0.21507552832398377 0.6810164892123112 0.21401136195640347
4 0.29569258159051515 0.4595817428541897 0.2956932115857853 0.509966169126349 0.15659173191841091 0.5099669666333838 0.15659162046756592 0.45958306126185733
0 0.3662206266925523 0.5992524202798356 0.3850506847199995 0.7012189891961106 0.2063623822034515 0.7342098303676746 0.18753445444735917 0.6322451287333636
10 0.36890959723371 0.5087338200782269 0.33231952685844135 0.5087338200782269 0.33231962057084274 0.4759194224250326 0.36890951161990415 0.4759194224250326
7 0.09944478034788062 0.4638775780752069 0.10913212373850456 0.5361099536068105 0.0014187515173489373 0.5505539160753327 -0.008267917734997354 0.4783221536409359
7 0.23320285702573074 0.8144942964612957 0.25214263654913793 0.8971350162659646 0.10483450943547723 0.9308852280594925 0.08589664807709596 0.848246175923237
12 0.6904627635748284 0.715979976025697 0.6651888612133234 0.6687721539284406 0.7334550255679915 0.6322292270395922 0.758728962440955 0.6794366724548341
0 0.7133193948139933 0.6170567098259858 0.708561624135541 0.572393717026324 0.7843627280907413 0.5643197350646326 0.7891207670354561 0.6089824176503821
0 0.9013614665910836 0.45958250861542066 0.9013616661638935 0.4903171426762381 0.8302106995578242 0.49031734323376575 0.8302106583115574 0.45958286753700456
8 0.8967483023484419 0.8937328772809233 0.9180852492178246 0.813628345969423 1.0182052847420664 0.8402907852262054 0.9968696189876027 0.9203942120150094