13 0.0772607231025404 0.12044002531439268 0.08174814970664102 0.12067346254157406 0.08124524371908137 0.13034091423124264 0.07675781711827767 0.13010747704714618
11 0.1348114811448795 0.1424336154300272 0.13237492691803254 0.1503344958982 0.12470555702634556 0.14796935115738027 0.12714211203456216 0.1400684720854408
9 0.11279865755352603 0.11414553845292252 0.12063796431425544 0.11332341015828236 0.12183588494906417 0.12474599173365888 0.11399657821539222 0.1255681198561288
9 0.09604204047559506 0.6439937327936822 0.16677818393225152 0.6478476503509265 0.15782416562967683 0.8121674687347475 0.0870880274742376 0.8083136217255538
0 0.1787453892270605 0.4026335216629843 0.23892165172287605 0.40228007193781345 0.24021205309236393 0.621960159246664 0.18003579072490083 0.6223136028849543
9 0.29837118714738153 1.001960376673764 0.22816928707300121 0.9995438365065481 0.2329834282866159 0.8597693065351912 0.30318256039959124 0.8621857991768739
8 0.07688522786202157 0.7194690582745122 0.08111871078392596 0.7195578877619374 0.08052589445730973 0.7478060524408081 0.07629241154427291 0.7477172232339532
9 0.20971988934138608 0.9964664302455591 0.14454791004413892 0.9915069062805975 0.15277045024117797 0.8834995352075842 0.21794041189093605 0.888458981945046
9 0.3980150701357843 0.7080312056313669 0.3854681183050843 0.7077679317013628 0.3862921326954165 0.6685060001126755 0.39883898091136416 0.6687692729528544
8 0.6494717816975708 0.9495915960439775 0.6359497647215449 0.9499453065129128 0.6345709282819598 0.8972435676861237 0.6480927443096789 0.8968898598512013
8 0.7418949089890248 0.854376308542917 0.7058601756923508 0.8543180000108145 0.7060508661402309 0.7368258975246824 0.7420845637722095 0.7368842052137179
8 0.7941355413051951 0.8412730416141061 0.8175329436296579 0.8375395381791714 0.8346785549015294 0.9449637227774677 0.8112811655689711 0.9486971710664323
13 0.6170049445520362 0.657200045602216 0.6588896122365213 0.655111173699845 0.6665165596457427 0.8080178815620391 0.6246318946423344 0.8101067177576585
13 0.6697372834145199 0.871569846440774 0.6804776612763135 0.8743245928520575 0.6538904862480877 0.9779578499455637 0.6431501237684643 0.975203145161296
13 0.8682942942958789 0.2578086167794358 0.8501862446756832 0.25821553891306437 0.8492121200739575 0.21486653287841165 0.8673201123934859 0.21445961139482284
7 0.5907158230201048 0.7303891797069302 0.6057136658031368 0.7306767550680711 0.6044145957998808 0.7984150253275798 0.5894167530788081 0.7981274522332512