4 0.06586870991532123 0.18098701023503888 0.10681552510209258 0.1762953416782521 0.11305361055008234 0.2307379489302937 0.07210679666707165 0.23542960940174357
4 0.12548418470703382 0.44355414317908204 0.1402831442187562 0.4521007069548034 0.11284681671349972 0.4996053890262636 0.09804788195174297 0.49105885891729983
4 0.01667755730625231 0.07865436064754268 0.032672362741209326 0.07899737479416735 0.03209663027610077 0.10584380844824143 0.016101824845804913 0.10550079443077234
4 0.5777058407912818 0.07820077688818236 0.5541297453645484 0.08090899774846204 0.5489481251619281 0.03580098739724224 0.5725242020129144 0.03309276762032307
12 0.18668211680824243 0.32822005385927777 0.20597901739938607 0.34131012774109154 0.16859222097173188 0.39642215120053104 0.14929535966211915 0.3833321253292024
12 0.17452770352042535 0.2793524998503798 0.19488749478637146 0.288973844057724 0.16499708365552124 0.3522232543573911 0.14463731265516344 0.3426019424820631
12 0.02675511158406607 0.40105976109594815 0.04526048221225665 0.3873227052022371 0.07825253040766711 0.4317644529737636 0.05974720103733944 0.44550146071338825
12 0.1746019506808807 0.09871574888216038 0.22903769003687557 0.09182511200702624 0.23961691902457005 0.1754001748887159 0.18518118258361937 0.18229079956136543
12 0.02119720760867949 0.5051674413202908 0.031143094287926942 0.5040279285692221 0.03545651210208689 0.5416731776809454 0.025510626009008774 0.5428126869832876
11 0.11924495131722779 0.0913635846656914 0.12501811666163576 0.07136408295753649 0.16365195824937473 0.08251631182902153 0.157878805482369 0.10251580269491806
11 0.1228659941227761 0.2543064876042716 0.14913163383926076 0.2664229396892692 0.13246076268842444 0.302560644945644 0.10619513553922388 0.290444213222838
11 0.14718138945386272 0.17972482942384851 0.1633051805854393 0.17775937757668359 0.1663616467068323 0.20283315054595175 0.15023785585117366 0.20479860094596564
11 0.20887542648790713 0.3900490432582209 0.2085819854160036 0.3465926979287048 0.24909212452610063 0.34631917106007676 0.2493856638413945 0.389775417060468
3 0.24175466870008222 0.0566136684415936 0.29130590037493675 0.050936057932634844 0.30155261589629845 0.1403638478259508 0.25200138553122997 0.14604145053235623
14 0.408013554291756 -1.1608123145464466e-10 0.40801355441158194 0.011007498758213934 0.37384269766107536 0.011007498547097521 0.37384269782614865 3.332749192588236e-14
9 0.3540670103076309 0.07852190882571161 0.37739628544204606 0.06097374590663341 0.3989525865625865 0.08963155949359403 0.37562331862341125 0.1071797141958969
9 0.4019153352110152 0.01872841049359999 0.4054646000253115 0.039317915937299726 0.3849934272682276 0.0428467791940027 0.381444164716072 0.02225727576738015
9 0.41365242502752153 0.01238438265913344 0.4256489330664408 0.012236024570648598 0.42611122097662246 0.049617467001471495 0.41411471293906743 0.04976582506393837
9 0.32935813591655005 0.1719241547408415 0.35042435524246685 0.18801776444850568 0.33074531847307753 0.21377693335546105 0.3096791126034759 0.1976833389874639
9 0.38773941682620716 0.2747005042452721 0.4094611504265231 0.27221167195576174 0.41399268353882235 0.3117604442027623 0.3922709506761066 0.31424927205507225
0 0.36857187596172025 0.29631082725978125 0.34719185490894233 0.30579539914902165 0.3267332084803911 0.2596787622302832 0.348113150198742 0.25019421065204817
0 0.3611015814459506 0.2472179396712974 0.37688980908137637 0.24551319220425571 0.38080164444988895 0.2817412424401058 0.36501341723476344 0.2834459873995919
3 0.2483142261409057 0.3822671894418087 0.2730350199898339 0.37771625880596427 0.2782958046444719 0.4062916829563733 0.2535750129927692 0.4108426056492504
9 0.28105401185598566 0.00988087655629404 0.2834017952280874 0.023500512751191253 0.26790773810068913 0.02617141198690478 0.26555995537069066 0.012551776322021577
13 0.262319334141921 0.013110398430484319 0.26586860062366213 0.03369990447573416 0.2332170649535783 0.03932844682868909 0.22966780159265454 0.018738943640767013
15 0.030248697361344057 0.17891904686394264 0.016891918473220358 0.18997949090987168 -0.0009401340721524321 0.16844539083551816 0.012416632607596512 0.1573849549247612
15 0 0.14698232029339853 0.007371642391304348 0.14698232029339853 0.007371642391304348 0.1641951118581907 0 0.1641951118581907
15 0.07295978130207459 0.5234077926363537 0.037713654180151934 0.5246515872784947 0.036335734731096636 0.4856046561792378 0.07158164970098824 0.48436086529214256
15 0.2948807615655369 0.20165788725161415 0.270038980423692 0.2040886014933953 0.26429122500610447 0.14534705490539712 0.28913292885431474 0.14291634448498347
15 0.36367443698941315 0.35304159605135377 0.3494264244521901 0.3593793034453907 0.341136172111419 0.3407423654450098 0.3553841581066308 0.33440466485643056
5 0.3522531153394084 0.3557231318656359 0.3436782243491052 0.36116741400868263 0.32964391773396073 0.33906380544394826 0.3382187908699734 0.33361953083748086
13 0.38140742098175906 0.29753641077188536 0.3927394709364762 0.3405231675309183 0.36174456827029644 0.3486936356956512 0.3504125974920953 0.3057069472403186
13 0.3734786151158005 0.1688244553388216 0.39850814944884405 0.15910501392492332 0.42226843675155123 0.22029193399469657 0.3972389126543021 0.23001135643381954
13 0.30355978957220486 0.14845127486643425 0.30857731710136704 0.12766007200841112 0.34588219791078245 0.1366627753085164 0.3408646903990302 0.15745396089424352
13 0.306032662274788 0.12662720301764796 0.31161815595839926 0.1114257824449342 0.3490977511710298 0.1251969328516599 0.34351227140359697 0.14039834152772798
3 0.07897518256913827 0.06190016083626076 0.10427523996065702 0.06036686781037822 0.10603576160576722 0.08941625921655708 0.08073570425403886 0.09094955172933442
5 0.20688799530296365 0.08473209848438906 0.19631188084497353 0.07414081980873907 0.20866597067868042 0.0618044405291061 0.21924208308621473 0.07239571714026098
5 0.3117531361474448 0.017347481857660402 0.3118933516963125 0.009052739125523804 0.3401542204020416 0.00953046443619953 0.34001400534396 0.01782520667525585
5 0.2928556986895501 0.18944207020820536 0.28431324031714666 0.17486970052470985 0.3051989911398323 0.16262639571088636 0.31374144935296044 0.17719875596950296
0 0.4215014342014456 0.13114393956125028 0.4159585929021432 0.13061787847603315 0.4178338874169185 0.11085895560591273 0.4233767246689695 0.11138501649716406
8 0.5498036407367408 0.033984038688794516 0.5343117592406088 0.026856281303963624 0.544030400137899 0.00573322879534363 0.5595222798158375 0.01286098569483502
8 0.4996779638527187 0.021480356757284377 0.5104061509567828 0.004705345024394065 0.5312609201263285 0.018042674156596727 0.5205327344507396 0.0348176846489681
8 0.5242912582691588 0.11932893213475938 0.5117673312828401 0.13464289110249916 0.49243252328528797 0.1188307316395227 0.5049564463735123 0.10351677963729973
3 0.23564297503480702 0.1873471134937871 0.2763084381324461 0.21340828228829675 0.24261641924113064 0.26597994223219495 0.20195099925194882 0.23991882948673798
0 0.2893334997114607 0.28866008791210773 0.34571413442233734 0.30652808431799067 0.31556170755527546 0.4016676125319151 0.25918111288092405 0.3837997094630277
14 0.8578258281529543 0.37221649264350093 0.8426467454825115 0.3730167563630396 0.8388936672852196 0.3018314616973687 0.8540726398434799 0.30103120087359575
14 0.870784757903948 0.32290737946206294 0.8806583127555996 0.3223868326143068 0.8832394065420885 0.3713424077518507 0.8733658517985532 0.37186295325264107
14 0.9001034173493281 0.20830834679122862 0.9198505206948084 0.2072672310946509 0.9219407164498534 0.24691189950094022 0.9021936132112387 0.24795301376116138
14 0.9366239890338193 0.16832492523719286 0.9271363562830857 0.17077706491935193 0.9199506778628574 0.14297497034943304 0.929438298281525 0.14052283234404506
14 0.907101670312727 0.05021895127808789 0.9128332549620382 0.04934864032817115 0.9177658174806993 0.08183285318205147 0.9120342329002824 0.08270316384360397
0 0.9976545232258331 0.21819588249291674 0.9742400642946905 0.21943035722813425 0.9716596009717478 0.17048625680427382 0.9950739919934222 0.16925178386481285
0 0.95387821727968 0.18198419035421332 0.9637517695325641 0.18146362929981663 0.9651163125790845 0.20734481283912493 0.9552427603578053 0.2078653734925046
0 0.9332850100958012 0.22063192216060107 0.9220009410848888 0.22122684847757995 0.9205894561159766 0.19445514879683756 0.9318735060287509 0.1938602229845711
0 0.9842531836694661 0.1410743600662388 0.959012437499382 0.14240513095604884 0.9559241135293632 0.08382865222822777 0.9811648104559936 0.08249788261537397
0 0.9681833846369727 0.1313809691124652 0.9752359216993227 0.13100913779858606 0.9759146275099511 0.14388210131774168 0.9688620904555592 0.14425393253113375
0 0.9451022873577131 0.13368761504060633 0.9340112483309895 0.13542501802229645 0.9303381311212888 0.11197705868461995 0.941429160350026 0.11023965649053297
0 0.9908007433300554 0.08820117461742161 0.9812402056576275 0.0887052376919249 0.9791194025316372 0.04848006300244722 0.9886799324151525 0.04797600012996749
0 0.9888114274755253 0.05047002132043606 0.9804740400992387 0.05090959590414013 0.9789052324626937 0.02115409469471168 0.9872426173913027 0.020714520171148727
0 0.9379699206936039 0.04121676429116426 0.9280963677394993 0.04173733119112869 0.9268798091496819 0.018662946655184802 0.9367533599485114 0.018142379813568067
0 0.8616102059989998 0.00569210440424478 0.8720834048281176 0.0049165277738817265 0.8756135723506304 0.052587045050807836 0.8651403735456142 0.05336262152111479
0 0.8667149220952979 0.0502131596991331 0.8720602810934679 0.050000960031054635 0.8727945388010312 0.06849706398062248 0.8674491798050212 0.06870926361307407
0 0.8789702414471776 0.1395010989624424 0.8896657759156597 0.13673677066345047 0.9005223729744785 0.17874200886748678 0.8898268396164895 0.18150633424472853
0 0.867187465959546 0.17000715969490826 0.8730770608594867 0.16937007149090122 0.8777212983932259 0.21230351560438449 0.8718317036230019 0.21294060300964235
0 0.8821799719017918 0.2582831480944688 0.890088626671627 0.2591118536795777 0.8859784706647815 0.2983357458051752 0.8780698161107239 0.29750704160977504
0 0.821027081572197 0.3985967817386776 0.8317524494354984 0.39803133457120227 0.8338712082070288 0.4382177265172437 0.8231458404574141 0.43878317223213203
0 0.791299177191263 0.4786063078395884 0.8124567935333289 0.47749089485864515 0.8160360400793252 0.5453783027417601 0.7948784241992826 0.5464937098213731
0 0.792870065831039 0.37426451823110723 0.8019498437756738 0.37378582344306915 0.8033848132437242 0.4010027871864518 0.7943050353609351 0.40148148120436083
0 0.7761599755210682 0.23294259381594384 0.7668461372832098 0.2343568325136016 0.7629351597400955 0.20860041190442455 0.7722489819977909 0.20718617443827972
0 0.8143377855653853 0.2386258972215018 0.8245628286490501 0.23800986428632462 0.8267894023670124 0.27496628115758964 0.81656435936668 0.27558231319886145
0 0.8087920925456729 0.19336393430176635 0.8031500596440537 0.193661398137935 0.8024885356289815 0.18111428764764723 0.8081305644886925 0.1808168239183703
0 0.7507131496665806 0.35267050000027306 0.7400694670369603 0.3532316495848848 0.7386009720842139 0.3253785048394512 0.7492446242785036 0.32481735605604667
0 0.7097826086956521 0.13005150366748167 0.7132400858695652 0.13005150366748167 0.7132400858695652 0.1585923319070905 0.7097826086956521 0.1585923319070905
0 0.7308164200730971 0.0557728602262221 0.7378689572357189 0.05540102771111455 0.7390620393368863 0.07803015524694004 0.7320095021818815 0.07840198767673583
11 0.8331489264421634 0.04448974160732442 0.8290261352027528 0.04446765414285993 0.8291321250203509 0.02468394396346463 0.8332549154036997 0.02470603142564188
11 0.821793510737848 0.0769916017168908 0.8256524799699037 0.07597008112115296 0.8308378473174116 0.09555865329070445 0.8269788781876741 0.09658017361351182
11 0.8135178912642687 0.031022551334227585 0.8179787400714531 0.030452423983823043 0.8194497721141261 0.04196221927276119 0.8149889233139902 0.042532346586462086
11 0.8197646850986757 0.15727212792425307 0.824840348521775 0.15568713161842296 0.8329069705192751 0.18151880988652247 0.8278313075857113 0.18310380508702812
11 0.8620890374502324 0.2685974784745829 0.8579420339857506 0.2691783425143956 0.8554819251808112 0.25161505706539755 0.8596289229099057 0.2510341934328207
11 0.8699251247006714 0.29511404034239486 0.864506553316005 0.29536959801049667 0.8633151878584613 0.27010965317306856 0.8687337474246988 0.2698540957847774
11 0.8730066390297679 0.2907094213721916 0.8770158076248435 0.29087626160709157 0.87585855976738 0.31868414103615167 0.8718493911858332 0.31851730101705295
11 0.8650193208238761 0.3586296407692569 0.8711709764597799 0.35889018078687646 0.87017448741517 0.3824174863362838 0.864022831800753 0.3821569466652177
11 0.7838764228798709 0.02282966205334849 0.7873812765518551 0.022497774220836677 0.7882951245263712 0.0321483321392545 0.784790270856206 0.03248021995823371
11 0.7396119820455169 0.15420442673057652 0.7313701473567562 0.1558209895289579 0.725933264192463 0.12810190112934175 0.7341750891437187 0.1264853393143082
11 0.7150551267236551 0.4167826249366238 0.7269450454938351 0.4161557846332058 0.7283089616990992 0.4420251480017358 0.716419043014298 0.44265198724558114
10 0.9384750677071452 0.06715657855843096 0.9512685653070321 0.06675171005282987 0.9523655197300513 0.10141446103433173 0.9395720221382362 0.10181932935945244
10 0.9078502477981374 0.006486232013421943 0.9191343073119924 0.005891300050115578 0.9203978140760682 0.029856199137525026 0.9091137545661923 0.030451131062067035
10 0.8866089327083273 0.03284150856178728 0.8993034986938255 0.03217220867306149 0.9011518132252831 0.06722904405810126 0.8884572472574064 0.06789834377124296
10 0.903096750382133 0.1707202579129977 0.9156865107127032 0.17084809582176821 0.915300479430357 0.2088649163469647 0.9027107191016057 0.2087370785780572
10 0.9000819115634613 0.2615552161878523 0.9132697158192968 0.26085992727404944 0.915289488738722 0.2991688233733418 0.9021016845734948 0.29986411114422884
10 0.8880508112071084 0.2479809119376274 0.8809982634554672 0.24835273957989434 0.8793073665201518 0.21628148557719007 0.8863598981779433 0.21590965836202614
10 0.853997886488969 0.03133936674652513 0.8610504233157599 0.03096753385758509 0.8624853911993569 0.05818448741479479 0.8554328543787051 0.05855632023467235
10 0.8509145855573479 0.39750579330242464 0.8400363594687406 0.3998675882017739 0.8313848606426291 0.36002116175892296 0.8422630373734137 0.357659372402826
10 0.8441687456643194 0.4082853271831153 0.8540422995225754 0.40776478984844433 0.8562570033653856 0.44977100530085895 0.8463834496214986 0.45029154120611775
10 0.844304667045094 0.2767265585400199 0.8485361900334283 0.27650346430972655 0.8497527474014532 0.29957785244570817 0.8455212244309678 0.29980094644976024
10 0.8208748317879326 0.08863473274254695 0.8135880555111044 0.08818634290766958 0.8155066775113937 0.05700694861783791 0.8227934488012352 0.05745533829979565
10 0.8080941951842533 0.04599013616112613 0.7953996267442562 0.04665943633017537 0.7941126425999983 0.022249280731876344 0.8068072077161332 0.02157998065249618
10 0.7197451383602811 0.07267863689486244 0.7332142004638627 0.07766254686966735 0.718107976724923 0.11848714626285008 0.7046389161947673 0.11350323942419073
10 0.7377775137113076 0.23729291975552166 0.7211694814553766 0.24556087066771992 0.7012720506060077 0.20559297694476228 0.7178800412450528 0.19732503836100848
10 0.7431274444847986 0.3087973229334253 0.728245142469973 0.3025290288081832 0.7455217914529157 0.26151160692543607 0.760404043159042 0.26777988901592636
10 0.7296274966073497 0.38552834081150117 0.7486040273925028 0.38594003628355605 0.747663458497982 0.4292921167057719 0.728686927746935 0.4288804223411944
10 0.819911346285835 0.1206491223084888 0.8263605233854605 0.12017463159917889 0.8278153896247886 0.139948766688717 0.821366212545513 0.1404232572113803
10 0.8379806070445284 0.0025275492143894606 0.8415497561564962 0.0023569428734303553 0.8420841323248851 0.013536294050618184 0.838514983213031 0.01370690038931017
10 0.75980838700184 0.09569020972027352 0.7545484882643905 0.0962780122993124 0.7531807479163035 0.08403893411654487 0.7584406448962682 0.08345113163665972
4 0.9714746262980043 0.07897313933434595 0.9509991420425195 0.07938837234516453 0.95029514561827 0.04467342219277662 0.9707706157895473 0.044258189329533744
4 0.9435427242973446 0.14171148329351652 0.9596545251022235 0.14385011821848678 0.9482925046713717 0.229447168853422 0.9321807048577284 0.22730853918073
4 0.896391736478904 0.32358563639407495 0.888518614733357 0.32406334246500373 0.8859580313206834 0.28186307013702333 0.8938311225848565 0.281385364990784
4 0.8134182806146555 0.3010108915987844 0.7942050341584945 0.30169684563878524 0.7916337935141655 0.22967748782686 0.8108469266335305 0.22899153582997625
4 0.7768823339274604 0.13269605343391816 0.7941078446120855 0.13756555062456388 0.781234657817663 0.18310323308635656 0.7640091494035914 0.17823374141096962
4 0.791647708236269 0.13646112119317422 0.7733110997119184 0.13742788445760315 0.7710867672871018 0.09523884758880909 0.7894233483560811 0.0942720850525467
4 0.7422555937143898 0.05811998296784986 0.7535396516768742 0.057525050247932176 0.754685784700655 0.07926366683682731 0.7434017267488571 0.07985859942103213
4 0.7671654090747779 0.3545841306038525 0.7541632385833736 0.35363726839553883 0.75690606647197 0.31597481947984285 0.7699081870331383 0.3169216798633438
4 0.7653528343575999 0.38875599674172895 0.7766368957117038 0.388161093010214 0.778978266851027 0.43256971655078413 0.767694205624025 0.43316461862847877
4 0.7255385994770904 0.4767685235877389 0.7476797544825331 0.47415580972242816 0.754545900316657 0.5323378311480907 0.7324047473957762 0.5349505332490284
4 0.7171573864150105 0.2534352547672619 0.7227191573351774 0.25357205023081525 0.7223690138474694 0.26780774249703415 0.7168072429301446 0.2676709471107811
10 0.046729171619972476 0.7979775446948791 0.036432154476756295 0.8249329236192346 -0.010297084926037314 0.80708558592147 0 0.7801303728606839
10 0.4013715906843345 0.6961267563149717 0.42428876061990195 0.7243497252028348 0.3174854609283102 0.8110588557814595 0.2945687706882154 0.7828363321545323
10 0.5194337217091061 0.9202666261366172 0.5508936854997728 0.7846788220650537 0.7412379362399406 0.8288350308121828 0.7097821428945963 0.964419118350365
7 0.6233806284881211 0.7700342868028028 0.646350990075689 0.7158389281617816 0.7257154709157021 0.7494712997535308 0.7027457472449896 0.8036661174288888
7 0.5299986811689905 0.5794613262504754 0.529998938260178 0.6019656114907616 0.4409783147980306 0.6019662069518958 0.440978238043499 0.5794621026894938