0 0.7096577361379559 0.4783632793478262 0.6977219016508798 0.4783632793478262 0.6977219363557197 0.43644768152173924 0.7096577017114214 0.43644768152173924
9 0.5675334242910139 0.5455289274379009 0.5623315604904064 0.5153540789081483 0.5874907802401594 0.5110172384104059 0.5926926926169926 0.5411920247408677
9 0.596773140671985 0.4960366873972887 0.5961500460615525 0.47714341006497807 0.6227367041778962 0.4762666463850542 0.6233598347297402 0.49515988645484504
9 0.21788961842014487 0.36835400987628814 0.18360014646145828 0.3744291633164409 0.16979228146192327 0.29649659847956217 0.20408148252488445 0.29042146974018124
8 0.38251349054610273 0.577422345867371 0.3756110286808507 0.5373823122398297 0.4390774541159317 0.5264423385772908 0.44598008595471583 0.566482155627295
8 0.21689291236305053 0.581339411156156 0.19135890324037064 0.5159152316741508 0.21930987956204717 0.5050074544316294 0.24484395369256617 0.5704314702740935
8 0.1602897767986633 0.2888017823192297 0.17545151921422075 0.2872252846791682 0.18057809751928744 0.33652800961290985 0.16541635567318735 0.33810450352262994
8 0.1756551917339948 0.11357388255264128 0.18759866356845123 0.1122053655933534 0.19258488811510688 0.15572146972197018 0.18064141649540488 0.15708998544424815
8 0.26286617476216634 0.3343089602791512 0.2755894746063632 0.3324814708027605 0.2799747550656093 0.3630114504955678 0.2672514558749981 0.36483893697121356
8 0.4159263222301206 0.36149438574565157 0.4133809145379246 0.3459465984399808 0.43988919591333797 0.3416069471711078 0.44243462142821954 0.35715471210891564
8 0.4682320846300172 0.42685129263540084 0.471444016257351 0.40862239346768375 0.497543932559779 0.4132209510391444 0.4943320359240033 0.4314498191917594
8 0.4829569630982178 0.5079249269652377 0.48389413416680327 0.4902925794993687 0.5096311288542665 0.49166040834039176 0.5086939940937327 0.5092927211618542
15 0.2930828016966416 0.5793478251806835 0.2930828549471016 0.5591878496742294 0.31655702549426223 0.5591879121214595 0.3165570132960056 0.5793478464885953
12 0.21370639798590219 0.41549157426189626 0.23104789449519103 0.41350464063623615 0.23559792112757805 0.45321399264967693 0.2182564255365378 0.45520092101717696
11 0.23985882913962087 0.3722446510983872 0.2535053640206115 0.37068105272605634 0.2562879391397246 0.39496531855755923 0.2426414046432228 0.3965289146979186
12 0.13568137069034947 0.2484183436022268 0.15793286390453432 0.2448389841999287 0.16731009560919574 0.30313232385659633 0.14505860456870323 0.30671167433057217
12 0.14595406668524902 0.036292329051468564 0.1652661958930821 0.033728941304021036 0.1722639522810141 0.08644880272222559 0.15295182333522916 0.08901218917883526
11 0.24684564180927282 0.30095161630435474 0.2568258517628692 0.2996936974317504 0.25974122238812924 0.322823302592683 0.2497610126940799 0.3240812200728884
13 0.2507920051103838 0.4128586455237503 0.2662862664936938 0.4122989154233869 0.2689308062275586 0.4854998660614717 0.2534365449996585 0.4860595933603481
13 0.23429003128478598 0.4778252488941216 0.2456396585859011 0.4771918919196976 0.24787737872497928 0.5172884111444228 0.23652775158450368 0.5179217661890704
5 0.530246976094304 0.5505431691419723 0.5266982024801337 0.5299577218464049 0.5508913151032857 0.5257873774866768 0.5544401211889181 0.5463727833404635
5 0.570278546442637 0.3820928759187118 0.5687682212387699 0.37074536695821014 0.6064041092359957 0.36573630622194836 0.6079144550529918 0.3770837907034057
15 0.557594181805257 0.51193366801781 0.5594857957012209 0.4896017403339613 0.5821558462949952 0.4915218490365171 0.5802642741243744 0.5138537378640282
14 0.5143729881788204 0.3404352355769909 0.5232799479069854 0.33941467985819784 0.5246229183605919 0.3511351106243473 0.5157159587413389 0.3521556657091049
0 0.48571053818022847 0.36859349450048123 0.5008295081024698 0.3478961317294939 0.555168111607145 0.38758759991476416 0.540049230907016 0.40828488209782093
3 0.5339478300817291 0.4676464252019982 0.562033301415795 0.48843216613315005 0.5448252337356507 0.5116817881267829 0.5167398010878514 0.4908960920826526
9 0.4656192881959669 0.3954488477234037 0.4623150649370018 0.3819677674983501 0.48756295271164163 0.37577976434368904 0.4908671897040904 0.3892608239126557
8 0.988552067564342 0.4210815390549672 0.9635098863581106 0.4202492741950399 0.9672816156786439 0.30677026595443285 0.992323479025913 0.3076025254960827
8 0.92252553881724 0.4958049547825126 0.9375166712206919 0.4957594167339731 0.9376889657379479 0.5524741532896785 0.9226978333355191 0.5525196911313794
13 0.920265806778275 0.5560932473572046 0.9097163624489895 0.5585524383586926 0.9025041547555475 0.5276161764202456 0.9130535458638178 0.5251569918837045
14 0.8482625738662364 0.5765972955452424 0.8303656586574562 0.570338439512549 0.85269406317002 0.506497475249483 0.8705907996056794 0.5127562974538451
14 0.7402609969011564 0.5055476599852474 0.7272242235542308 0.5063080700347191 0.7254968286135863 0.47669463311610016 0.7385335443372014 0.47593422474979
4 0.09153693193957224 0.9999996498041307 0.002660439212718302 1.0134147471401245 -0.01935497051931634 0.8675889792824982 0.06951784666989624 0.8541741646358255
4 0.14413244231911904 0.9962799878409746 0.07248554114914896 0.9906353273691237 0.08983935304672741 0.7704503916143113 0.1614820471601206 0.7760948863893938
0 0.06387330252391621 0.7543676464192917 0.015982178094418487 0.7357307328212253 0.04678614367207956 0.6565874845415814 0.09467648121858474 0.675224226671987
9 0.9432851938805698 0.7616156429339818 0.9611256697468207 0.759956910592688 0.9677738435619858 0.8314477667852824 0.949933369695259 0.8331064846805596
9 0.8560226721421031 0.6111044281291951 0.8991441294377864 0.62805870605222 0.8435743285335775 0.7693748260901345 0.8004530170943553 0.7524208180083921
10 1.0000001234909632 0.7161495804347826 0.9889559808484591 0.7161495804347826 0.9889561107003146 0.6019634130434782 1 0.6019634130434782
11 0.8429933434697432 0.6654589499962172 0.8225099842680947 0.6754120064050032 0.807982102612641 0.6455174935062802 0.8284653473450589 0.6355644700544407
11 0.7177835862411257 0.9999999915198162 0.7177874059966598 0.8296581273001511 0.8244169398094527 0.8296609880814736 0.8244156496523374 1.0000003233910963