12 0.14772633671896074 0.28502688129443765 0.16669295941039763 0.2840853285518724 0.168661305243063 0.3237345683079622 0.1496946826907788 0.3246761193128611
12 0.05094641045377557 0.38461987963436656 0.059716671928072174 0.39083352765578255 0.04821404029689802 0.40706815213573205 0.03944378504979795 0.4008545115601676
4 0.09169763990007596 0.3217157168720691 0.06361132617519161 0.3399798412190524 0.023248898624615322 0.2779126683603089 0.05133507211132837 0.2596486053594117
4 0 0.16087824396442185 0.024348621982210928 0.16087824396442185 0.024348621982210928 0.22339856480304957 0 0.22339856480304957
13 0.1699084224616172 0.42137554139191385 0.16038275577830063 0.4203507048986042 0.16400014957332587 0.38672961181657306 0.17352577699489302 0.3877544461808318
13 0.17472957261429656 0.2721043839791761 0.19310890508722878 0.2726421311389709 0.19223833815703983 0.30239598280307595 0.1738590057178726 0.30185823634053344
13 0.2275700055732841 0.24409138953534776 0.23900239018507818 0.24255532396441878 0.24336922873851563 0.2750554883600937 0.23193684452246544 0.2765915519348114
13 0.24070762269161605 0.24836084896424826 0.2281754230405113 0.25072508322530973 0.22184475267556536 0.2171683149614248 0.23437692256754872 0.21480408359508632
13 0.3083232382504093 0.1912907551333126 0.3067744924925364 0.2102292317889416 0.29276841655598673 0.2090838534580858 0.2943171696676927 0.19014538487614557
8 0.12353115755900035 0.44512423299677223 0.13755917221976688 0.44442787021380914 0.13847257982661176 0.4628270440003212 0.12444456522780456 0.46352340589653546
8 0.012573542945347072 0.3481548295327095 0.026187653986880832 0.34329254511791724 0.032851996011686424 0.36195160938346777 0.019237887566873724 0.3668138885892904
8 0.0010712197438351723 0.27170451847368193 0.016627281754949763 0.2709322733580069 0.018309019468688348 0.3048082720374071 0.0027529575477274193 0.3055805160035782
8 0.054603420141461356 0.20179644010959957 0.07615877703938168 0.19639676172527207 0.08424096524822744 0.2286601833149313 0.0626856104441913 0.23405985579675626
11 0.3118725900078516 0.37256208748891323 0.30216892683358765 0.370301550381949 0.31046655629438646 0.3346843232551811 0.32017018267015374 0.33694485589369316
11 0.31203980296334066 0.27273672226199697 0.3000694333327374 0.27209603965394286 0.30153102269730425 0.24478882958611095 0.31350136687876784 0.24542951151696904
11 0.23618887199074834 0.20669670217084937 0.24784817177612695 0.20689492657557976 0.24758707098999366 0.2222523217580909 0.2359277712068888 0.22205409745265375
11 0.22762819002514334 0.39643345772073374 0.2367650312380647 0.39204601424929664 0.24713253548793546 0.41363526282908375 0.23799569840934964 0.41802269983533835
9 0.3958498896334959 0.41172090806762535 0.3814860223975529 0.4116352744929864 0.38175330975821 0.366810066696509 0.39611710078975193 0.3668957000442708
9 0.36281816751829865 0.3065460140642583 0.3740226286846564 0.30625220200772363 0.37497316155690896 0.342499443107597 0.36376870041169695 0.3427932546375932
9 0.3451644692687523 0.3368132588190864 0.35854599267906906 0.3361489707388837 0.36015743037057746 0.36860882693096336 0.34677590704370687 0.36927311385368905
9 0.3955839056974355 0.13810110435382325 0.38198713841950394 0.1387760995723442 0.3801288284345219 0.1013432029097237 0.3937255774850428 0.10066820813909506
9 0.35489158369512097 0.2277041936914899 0.33929827401027524 0.22704827217596202 0.34077055173918325 0.1920485179485271 0.35636382648965537 0.192704438727531
9 0.20123940321548162 0.4339856831978951 0.21729058133428225 0.4331173168928301 0.21892794599500576 0.4633810942085007 0.20287676802524857 0.46424945871160267
9 0.13757921382773475 0.36389765734545193 0.15481991792466943 0.3630417982133528 0.15648875396141193 0.3966579272055624 0.1392480499841895 0.39751378467030346
9 0.21684536015686717 0.2995719455498359 0.2025624014505638 0.30500288784272156 0.19144722723251562 0.2757715436707645 0.205730150356203 0.2703406089331485
9 0.17374171311314512 0.20206140666102265 0.1625375435623937 0.20261761990705485 0.1615604193427771 0.18293484759608028 0.17276457592981842 0.18237863467306423
12 0.027516257859815596 0.17239049340566215 0.04547747598098795 0.15533369626608665 0.06354726617576034 0.1743614600535582 0.045586059671222756 0.1914182453621265
3 0.3872362088795853 0.4154101912918888 0.3988850119834524 0.41483192969972577 0.4001569259169173 0.4404526203358954 0.38850812288717407 0.44103088096112875
13 0.340628443630294 0.4478795129673235 0.33499593809642647 0.44761417500107475 0.336175665338601 0.42257300297473416 0.3418081521500653 0.4228383404987329
3 0.35312860276030733 0.16848246520770618 0.3426618782065134 0.1662203730327477 0.3497260535360738 0.13353463514876293 0.3601927625124972 0.13579672557922642
15 0.3762139608684265 0.1216110609949977 0.3681569578985773 0.11972931489651642 0.3738914183813904 0.09517639440728988 0.38194841483675646 0.09705813970832515
0 0.3458480067685059 0.4241834656118884 0.3267598057415171 0.4263438382390439 0.319143189220199 0.3590488894298724 0.33823123944830513 0.35688852534428284
0 0.18717810138787172 0.33943232404504964 0.21257702741820594 0.33386758188250765 0.22434748363627932 0.3875889301936378 0.1989485630050467 0.393153655430531
0 0.12320812483994814 0.3685041515969223 0.0949549094826807 0.36024802670745376 0.11909254732699992 0.2776500417248718 0.14734553698053787 0.28590613139244697
0 0.10060275031764832 0.4695044472681183 0.10060277870104528 0.4584247213948422 0.12600668952200067 0.45842478240946977 0.12600668106722424 0.4695044882160846
0 0.15240518153723315 0.19933506858620959 0.10184590703170215 0.20715097303166133 0.09530490497979827 0.1648387900947044 0.14586406154478482 0.15702289492438393
8 0.9984308606912009 0.21047542037861053 0.895261125731281 0.22605629072033495 0.8770383154765113 0.10539194343319873 0.9802074654473927 0.08981111752610887
4 0.4720224786359495 0.46950443531563635 0.4720229232732436 0.3978878702972095 0.540573401968345 0.3978882912644248 0.5405732813946997 0.4695045334376087
4 0.5975126885348345 0.04215478621216328 0.7193310580345269 -0.01755102183239603 0.777171976788054 0.1004624486282216 0.6553537058783832 0.16016816074412468
7 0.7907519579085829 0.1895114845731697 0.7464881045693801 0.1472517983874178 0.7903015560746098 0.10136082967673675 0.8345653488535163 0.14362046125826428
4 0.39961880559085133 0 0.5430676486658196 0 0.5430676486658196 0.396560250952986 0.39961880559085133 0.396560250952986
11 0.3720753758448154 0.8164069927378168 0.33164047792638485 0.9021014008911162 0.23440208042768518 0.8562282023029442 0.27483724659578 0.7705349675489563
4 1.0000001479588718 0.8186797064803049 0.9828669674553794 0.8186797064803049 0.9828670561288391 0.7609109409148666 0.9999999989104253 0.7609109409148666
4 0.8732507197587438 0.6939175777864035 0.8831551867712051 0.6744860114339736 0.9517605901565958 0.7094495956962035 0.9418563103233737 0.7288810019348658
6 0.6666975895004725 0.9322498629348653 0.7117557573286604 0.8358665588513965 0.9353503376277104 0.9403674972441645 0.8902961622518433 1.0367474121922384
6 0.6808620109950425 0.9999999996244818 0.6808621297127502 0.9855501398254294 0.7258844994776155 0.9855504454822028 0.7258844791300589 1.0000002065407492
6 0.9128154627858294 0.5741860601684486 0.9461105774680618 0.6328973870784557 0.8493139800054905 0.6877831475632854 0.816019590774431 0.6290724469216793
2 0.6275083044272378 0.9904798488434724 0.6260500570548402 0.9698906726833731 0.6605703572658967 0.9674464043975025 0.6620287025574498 0.9880354745106094
0 0.6251653121242953 0.8848645821906643 0.6179381909780659 0.9392840156069987 0.49373876014828966 0.9227923993813448 0.5009666705394693 0.8683739009310646
9 0.4217896817026485 0.8985244440914902 0.44506691325091197 0.8952111382486801 0.45042443621855455 0.9328402601049436 0.4271472083327126 0.9361535483688909
0 0.6027268916205912 0.8682697610925448 0.600955255758663 0.8177580294534091 0.7249849227996492 0.8134080510027769 0.726757331704107 0.8639189857259475
0 0.6592071212293149 0.7719644084087721 0.6240126339072276 0.7330806551642098 0.7019216945107019 0.6625750292753999 0.7371158364743451 0.7014583340468917
9 0.4320518183152444 0.82703101300499 0.4393917642615861 0.7847058404362237 0.5056560347156847 0.7961948471204475 0.4983164857065958 0.8385196691388427
9 0.4883968282802016 0.8079741263295546 0.4828048585665101 0.7700282055662104 0.5538807746360135 0.7595557759714658 0.5594730111913577 0.7975013715331605
13 0.6485704048676553 0.5121597674374806 0.6435245117125987 0.5753182025212433 0.5434828499658124 0.567325691218417 0.5485292168432352 0.5041677788606354
9 0.5035599536219024 0.6158860055571491 0.531407829896807 0.6680205470040554 0.45998250346929126 0.7061670535210435 0.43213512147838173 0.6540329364384523
9 0.5511386670368665 0.631798642005195 0.5697843996071015 0.5766861216385687 0.6514295232830136 0.6043052149360725 0.6327843169312928 0.6594172884071532
0 0.6626485175574999 0.5116142132487373 0.6625418554594944 0.4697168799642014 0.7843353064373559 0.4694065330444271 0.7844423503927374 0.5113034803704948