4 0.8359373534553924 0.6679688182337508 0.8359376047246769 0.5917967781673351 0.8828124836853704 0.5917969915616283 0.8828125744433919 0.6679686901660661
4 0.9999999979842187 0.4687499780159493 1.000000039961833 0.4990140175781631 0.982121108688375 0.49901400678578256 0.9821211064644331 0.4687500068051215
4 0.8512609774516022 0.29036919406368095 0.8331583060271441 0.27899116656053363 0.8694081480839486 0.22131820255930967 0.8875107458870843 0.23269619939195255
4 0.9253278752388496 0.8217879594186582 0.9070484812749555 0.8197475989091447 0.9110694356181739 0.7837321086305148 0.9293486689327892 0.7857724600846064
4 0.5433754960937449 0.9999999999999774 0.5433755049650699 0.9974853457657593 0.5585221879716755 0.9974853847743778 0.5585221848957644 1.0000000332137364
4 0.2911579379053819 0.6904909860089667 0.3181477665375496 0.6904846993385891 0.3181626941517379 0.7545617155751474 0.2911728655195702 0.754568002201197
12 0.766106952442442 0.4370405158823025 0.7422190048915809 0.4195010836522355 0.7938540185321017 0.34918000678825895 0.8177417925811596 0.36671934594558236
12 0.7781896664934038 0.5070843023205079 0.7526513033525362 0.49610646720741436 0.7879276926302055 0.41404686925878315 0.8134657765006068 0.4250246357809024
12 0.9564349379649002 0.3775474377360735 0.9321443465145194 0.38860186596951846 0.9000113977045885 0.3179966385535044 0.9243018187430607 0.30694225525407337
12 0.7492841855305414 0.7565386021522094 0.6869208716644835 0.7571375183792725 0.6858019131252604 0.6405455276902526 0.7481636841916952 0.639946618857587
12 0.8165379883564583 0.8941442547150852 0.8001648969535609 0.941519553042863 0.7270920704647779 0.916271064034906 0.743465407039821 0.868896271214922
12 0.9344202370139101 0.9406974172294106 0.9670675607831072 0.9424642216121106 0.9640730720584543 0.9977812546831436 0.9314257494123694 0.9960144647675465
12 0.978692516734327 0.6574043671228768 0.9923202427116848 0.6545494894975858 0.9965254929986713 0.6746205181578872 0.9828977688450777 0.6774753898429947
12 0.9987866644713677 0.23518753638144302 0.966104222902004 0.23745005244411616 0.9621737023778678 0.18067295426176616 0.9948560276420721 0.1784104422144305
11 0.8120667681097302 0.7820983418389565 0.7983251153850688 0.8056601518173157 0.7562086888675594 0.7811015378282965 0.7699503398179104 0.7575398643130192
11 0.7407846989875679 0.9111232890358039 0.7123381690016686 0.9124256019276846 0.710059927531006 0.862670219170402 0.7385060753298376 0.8613679150408007
11 0.8124517222257737 0.49616407937964296 0.8468398012465741 0.4999457659467223 0.8409208557035299 0.5537641930884134 0.8065327793045753 0.5499825228907216
11 0.7907675293726015 0.6521664685014609 0.7723012398649871 0.6522746824984961 0.7720958362884858 0.6172152747715894 0.7905620006065419 0.6171070611414036
11 0.7408413412417758 0.40617546493355583 0.694498762853982 0.39901457706184645 0.7037567869019767 0.3391037790466023 0.7500990545618151 0.3462646426050569
3 0.6679686887239313 0.6738280003429614 0.6679692264160622 0.7977503316450295 0.6112434446415591 0.7977499605010987 0.6112436919572701 0.673828408711542
14 0.5393370518231677 0.8842090912448098 0.5045560323931113 0.9103428787414052 0.4541468130631756 0.8432690359881856 0.488927307905783 0.8171355411578137
9 0.5444185827310548 0.7443516913722363 0.5137010675886131 0.7585267799935579 0.49274463297319926 0.7131210473333219 0.5234618566156541 0.6989460370142497
9 0.48160496551497545 0.8144531295111751 0.4816050456289531 0.7851562088010805 0.5048924754463542 0.7851562855284251 0.5048924784631481 0.814453123006755
9 0.46802850529138595 0.820174509561785 0.45432788414586867 0.8190320486699646 0.458675914273158 0.7669009339066059 0.47237636291617946 0.7680433875642596
9 0.5867038658665251 0.5629500475036989 0.6132018971132993 0.5837004754279179 0.5853016511160831 0.6193248714282324 0.558803694845551 0.5985745279818008
9 0.5312500868994903 0.46289062500000006 0.5063833990029707 0.46289062500000006 0.5063834833844112 0.40750268945312496 0.5312499902584022 0.40750268945312496
0 0.5554501571233459 0.4377965027059073 0.5812288092311064 0.4313535468992003 0.5984590990838115 0.5002885435166304 0.5726804588010737 0.506731466630632
0 0.5577943100929588 0.5078352838785752 0.5397267847323519 0.5077395229221427 0.5399960042136627 0.45696373421721675 0.5580633952472454 0.45705949481851343
3 0.6754249759005688 0.3065640804218967 0.7036459633808363 0.30891707601591395 0.7002420387499342 0.34974122345726405 0.6720210519001739 0.34738823268837443
9 0.6297558739260012 0.8354900336081152 0.6446125023254581 0.8471699164592501 0.6277111740163264 0.868663349538138 0.6128545824642515 0.8569835081237218
9 0.6763434478871204 0.8802631144846901 0.6910231374284876 0.8725177472375005 0.7041617765155479 0.8974133087779811 0.6894821072377226 0.9051586465127347
9 0.5202481418963316 0.9033352035622599 0.5395833657909179 0.8949940880369692 0.5540241682368787 0.9284603313864344 0.5346889691566048 0.9368014045294215
9 0.5176544839843018 0.9776438952252365 0.4951160788695006 0.9905757509539552 0.47324628786680023 0.9524703774834572 0.4957844632160686 0.9395386050179201
13 0.6521948255208372 0.999999999999944 0.6521950639578336 0.9777045816205526 0.7037761068187365 0.9777050819407641 0.7037760416657193 1.0000003261298185
13 0.6880433644099639 0.9286877319486172 0.6723840462760791 0.9470416360719466 0.6166091749529414 0.8994670981746166 0.6322683710938009 0.8811133819738702
13 0.6378849177328902 0.8554687485740119 0.637885041915979 0.826171812080397 0.6757812447948481 0.826171957951785 0.6757812627766953 0.8554687521554186
15 0.9224577542328234 0.6809704922453345 0.9404671893927343 0.6717770069754929 0.9576353846645134 0.7054035397028764 0.9396259740358346 0.7145969883165907
15 0.9416859768073209 0.7137136158356653 0.9602191937382258 0.7029793740387136 0.977834612117249 0.733388525713481 0.9593014257338837 0.7441227259219708
15 1.0000000321227844 0.875235728515625 0.989688683035638 0.875235728515625 0.9896887266081649 0.8470453828125 0.9999999994369091 0.8470453828125
15 0.9190163863268026 0.19723936340939743 0.959266563559936 0.19983319272033281 0.9557809096627352 0.25392161383011297 0.9155307328747995 0.251327789333401
15 1.000000001880494 1 0.9929737903645446 1 0.9929737928868008 0.9977954882812498 0.9999999996878159 0.9977954882812498
15 0.8858977865266979 0.9999999926232989 0.8858978965139386 0.9790862361815106 0.912964129363786 0.9790863695348327 0.9129641047184123 1.0000000405974647
15 0.7422633081778258 0.9748887758092863 0.7311738338139548 0.9782628142531598 0.7257386909932393 0.9604041096719332 0.7368281083267902 0.9570300805190372
15 0.6712461954257378 0.9080085933474258 0.6593639710905563 0.9083399466506467 0.6588185451436175 0.8887848122964364 0.67070070582065 0.888453459882047
14 0.6437489275901953 0.8854357137853839 0.6535580057833386 0.8806411841612297 0.6617069075928157 0.8973089320865498 0.6518978372234869 0.9021034496316199
15 0.6581543532175829 0.6714045542720939 0.6305584677598972 0.6742128685799478 0.6219420243251079 0.5895515094675824 0.649537463346519 0.5867432180121215
15 0.5683326782334461 0.3605889617614662 0.585516975616656 0.3562790767106083 0.5925927729442719 0.3844904051861303 0.5754084781414122 0.38880028311620013
5 0.581556741196664 0.3598775884564006 0.5924503928818012 0.35569984142352534 0.6053762535533451 0.3894031638817725 0.5944826064363724 0.39358090230679477
13 0.5762552914010257 0.43070905026705597 0.5403680338281447 0.43403900693188313 0.5345734900363368 0.37159245432446625 0.5704604761797327 0.3682625102793498
13 0.5336739996118922 0.613901998721356 0.5038778200774914 0.6201525480397209 0.48506500855671675 0.530480524022237 0.5148607290861946 0.5242300243396123
13 0.6139141577015153 0.6606500648986948 0.6008567739119144 0.6857417184783164 0.5571282405674083 0.6629888365320951 0.570185640304544 0.6378973073855861
13 0.6068333420744239 0.6898684908732863 0.594972852293381 0.7070761385539169 0.5522203052366876 0.6776127505525549 0.5640807703797464 0.6604051966027119
13 0.7610785281470953 0.9999999977693839 0.7610785800131907 0.9900315976659747 0.7861975295371622 0.9900317106178502 0.7861975156249628 1.0000000726993725
3 0.8264661775194782 0.7878217944180494 0.8555117866251294 0.7900454352814159 0.8523740763682781 0.8310226943848441 0.823328468529894 0.8287990647895497
11 0.8832211631315658 0.8706993813735503 0.8957552407683806 0.865570877427515 0.9028830130304186 0.8829871285652422 0.8903489426318174 0.8881156196254982
11 0.7103481969958239 0.9864741522548904 0.6933996862171625 0.9869248386796575 0.6927480579735175 0.9624242687823794 0.7096964453659211 0.9619735840001936
5 0.7224004738993699 0.7844201659480285 0.708217815410535 0.8002482334714449 0.693494937624564 0.7870583172959427 0.7076775681089202 0.7712302871632003
5 0.5824523184819554 0.8739057224995244 0.5996851464827841 0.8738103719217599 0.5998724991138715 0.9076627353569895 0.5826396711165671 0.9077580854966605
5 0.6453052438633904 0.9587986042577125 0.6365407905531129 0.9726292774224957 0.6079773013374279 0.9545336464043601 0.6167417460045499 0.9407030412433173
5 0.5844217838931627 0.8379847215003966 0.581843016519997 0.8491011043397586 0.5494002241367753 0.8415765913421209 0.5519790241647797 0.8304602558641249
5 0.6272199209580549 0.6046295834780414 0.6372305846817881 0.6257366297982977 0.611778478224096 0.6378065804418211 0.6017678805271771 0.6166995903259126
0 0.6974118363517618 0.9265888000614264 0.7156948985011695 0.9169807167918365 0.7276417324601425 0.9397081903061525 0.7093586943185528 0.9493162385109375
0 0.38856106365653886 0.9764888121181643 0.3674927433702351 0.9727772254413583 0.37162867140250455 0.9493072891845775 0.39269684790167503 0.9530188629062036
0 0.4744454597877166 0.6548439740227557 0.480804153708732 0.6559511953308879 0.4760358975977397 0.6833312553492413 0.4696772044825366 0.6822240371757381
8 0.2863957896674947 0.9999999956018953 0.2863960353325865 0.9717752834814257 0.32576252042474607 0.9717756047453997 0.32576244172423685 1.0000001497070536
8 0.32162277035206444 0.7950739395603845 0.30253339932153267 0.7880190549504359 0.3134427954283865 0.7585056744587019 0.332532037540318 0.7655605327108851
8 0.34374996769156496 0.8027343921412881 0.34375004485241334 0.7675780935201189 0.36718749126544026 0.7675781693806204 0.3671875127071189 0.8027343691738409
8 0.354795995890413 0.6435599249094821 0.37385868197225136 0.6292947958478101 0.3949315116310572 0.6574511450200154 0.37586886848725953 0.671716224424649
3 0.6554638121041307 0.5275703795767949 0.7082623580038216 0.5101325930250804 0.7381064069237482 0.6004868302036518 0.6853079268008742 0.6179244743934672
0 0.644935599463679 0.466432314913775 0.5785594588945742 0.44165926855593773 0.6269084458623411 0.3121226341240327 0.6932836071780457 0.3368954779228914