0 0.7087295551144734 0.2626517569634535 0.7207449698097435 0.2659417385935868 0.7056822403724254 0.3209512716974217 0.6936668288478813 0.3176612984410144
9 0.659354673680582 0.39456529181809885 0.6678627881988177 0.3656517195744249 0.6927846892998559 0.3729849304268674 0.6842766263292788 0.4018984585245899
9 0.6439192498513648 0.3516741719214645 0.638005468593974 0.3244410922675463 0.6668086914212381 0.3181865589260429 0.6727225019237721 0.34541959760570284
9 0.6569213221009704 0.2536453277321803 0.6607590683839817 0.27161244007404556 0.6333097852113951 0.2774754119517708 0.629472062382888 0.25950832013011166
9 0.5578559387170117 0.041590976398104766 0.5412613687876728 0.02079575907632888 0.5666491992294596 0.0005362906831776725 0.5832437681868896 0.021331505917315276
9 0.5312124059400958 0.06253359525948288 0.5283836019913224 0.037969310303805674 0.5634727718867225 0.0339284709280074 0.566301581382163 0.058492749170768146
3 0.46535315750986683 0.16729383089479238 0.4879795716839226 0.14200169323218362 0.5185761654638554 0.1693732741796639 0.49594977897083936 0.1946653852664933
3 0.6327026555616158 0.350114094493622 0.5904777062575022 0.35423396507656507 0.5853452360097435 0.30163137248168437 0.6275699676426711 0.29751151251873204
3 0.5976646416279436 0.5150180020283789 0.6019241918496618 0.5397254134812968 0.5582854489130114 0.5472479388753093 0.554025998434895 0.5225406156180064
0 0.4863801347826211 0.559643130195604 0.4837029509791364 0.5441134237848438 0.5428889515567334 0.5339111318008825 0.5455661959827012 0.5494407598434564
0 0.4489160182708929 0.36350089346541786 0.45710328901441244 0.333972959385836 0.5426752532844148 0.35769865992847516 0.5344881515588895 0.3872264484437999
0 0.5929739542774541 0.13250484474514262 0.5781074535233302 0.16731197880865992 0.5130971706005312 0.13954548131837646 0.5279636877666007 0.10473839757167823
0 0.5200907336251248 0.10974926046154976 0.5312956997978517 0.07944454898627946 0.5988713424034131 0.10443010918957721 0.5876664193104943 0.13473478357597612
9 0.18041961715948673 0.15189015533192257 0.19877471321160556 0.1641465371547633 0.16985989833176518 0.20744878837947636 0.1515048165585995 0.19519242409233545
9 0.07454914253423794 0.19533698781069458 0.0348817027795576 0.11504348727030807 0.09372439871845017 0.08597362569681166 0.13339185910410833 0.1662670068034368
8 0.10373344963375075 0.038502801903497474 0.17442690047255383 0.02960514960484849 0.1940686208125726 0.185661715685873 0.12337517358912464 0.1945593441930119
8 0.22752016932429342 0.3699574954881567 0.19657246639053483 0.3722157319146028 0.1882599114196637 0.2582990784692389 0.2192072826499043 0.2560408540694707
8 0.21804720000000088 0.2857414419315358 0.23575418398377224 0.28310438419098555 0.2433380641613212 0.3340262409681957 0.22563108160545653 0.336663292286385
8 0.2122093902173674 0.5279229798288506 0.2584591630077284 0.5275099605348886 0.2589231478260672 0.5794621026894863 0.21267337509618756 0.5798751201735057
8 0.41450812018649685 0.06584699611076449 0.4183680034510644 0.034422935619366504 0.4595406793822576 0.03948025854837155 0.45568080794316757 0.07090430780758672
8 0.6314653415688554 0.04450408585856631 0.6499877927865327 0.07238816197479347 0.6037711563870971 0.10308824357108694 0.5852487245475686 0.07520418449044172
8 0.6136899449921884 0.18108666930082626 0.6241013476753778 0.15326586844913423 0.6765254062421491 0.17288438416703447 0.6661140534856713 0.200705142479588
11 0.23332301323739557 0.46384708005605685 0.27040844254486274 0.4610087020556552 0.2775952530818131 0.5549024519672042 0.240509826239645 0.5577408092748747
11 0.2763732869591422 0.3934093129606427 0.24078903785914463 0.40035299202666874 0.2249054135043025 0.3189566648224678 0.26048935131450435 0.31201301698979217
13 0.22859776510790653 0.3616043938912263 0.2521249053888823 0.36130972980822745 0.25280960520240114 0.4159764304421393 0.22928246494223004 0.4162710935719578
11 0.1876949380186943 0.21048300651422408 0.2067559770872549 0.2084071697938261 0.21122189726634133 0.24941414156696542 0.1921608586696948 0.2514899752968264
11 0.1758490727119124 0.17579840542631914 0.1932890952765547 0.1728737081507111 0.1993949974427096 0.2092829235193109 0.1819549756393144 0.21220761763200754
13 0.18673396252108887 0.0641250681349399 0.1987452282568256 0.06300415549875217 0.20228598836069978 0.100945499268743 0.190274722707386 0.10206641136708433
12 0.17536005354486406 0.02810062263187423 0.17997453851592127 0.0548695030677342 0.15600165141381694 0.05900200086351102 0.15138717127501877 0.03223312463879215
12 0.13761926601330288 0.34220465349852774 0.0978120071849844 0.34383819842341656 0.09502503427358988 0.27592275219993817 0.13483203478119776 0.2742892126358803
12 0.18990471060976688 0.45350171850681686 0.21502929843234142 0.45142207371892923 0.22014485316481114 0.5132198203780278 0.19502026655550253 0.5152994556686882
5 0.6731237190857655 0.1276688051346088 0.6797566838913554 0.15285705884349476 0.6601676682280413 0.15801550184949037 0.6535347163568304 0.13282725927984154
5 0.6739887362670061 0.13295795330758087 0.658512489445684 0.11840936344961843 0.6840363608602047 0.09125813272371594 0.6995125971113794 0.1058067134870581
13 0.22178818711779513 0.14944759635132882 0.23801950311963083 0.14722021399163684 0.24625529617287611 0.20723530502147663 0.23002398095752596 0.20946268368065304
0 0.22497394724007336 0.20816066517249648 0.2312621368254213 0.207805759436618 0.2326436243054104 0.23228248545389077 0.22635543474564201 0.23263739089795338
5 0.4398167014107912 0.2675039526943861 0.44498844600252596 0.24106108817133015 0.48833351396115177 0.24953841304718244 0.48316182161613597 0.2759812319135713
5 0.6243377983399796 0.45772318065835665 0.5926478556431221 0.4583512185941748 0.5920836529113558 0.42988099434537486 0.6237734734895639 0.429252957621044
15 0.36501076465856386 0.31169206902506835 0.39052947797790694 0.284483095813967 0.4245056610737947 0.3163477286137235 0.39898700988533164 0.3435566412273944
15 0.3970400788736015 0.0910887395980689 0.4038163240755921 0.07165320041866308 0.43760573488270893 0.08343392848739656 0.43082950057373637 0.10286945841926244
15 0.4099302941330052 0.07092359525968776 0.39488757109893413 0.0923518803402893 0.3636810695928716 0.07044484402548207 0.3787237900415903 0.049016567787874235
15 0.6292954077741797 0.33368763334167173 0.6468367930045815 0.34465003562514873 0.6225559340049358 0.3835013029454561 0.6050145700438634 0.3725389280605705
8 0.9620076886385505 0.409637793896461 0.971036835346581 0.4108033176489024 0.9641940362183732 0.4638105066438002 0.9551648902819352 0.4626449870377482
14 0.9894250517419323 0.3927385803712028 0.973081050401106 0.3921581483191618 0.974612168844601 0.3490474831896554 0.990956090522559 0.34962791382480535
12 0.9001081785415863 0.47638989237137197 0.9182130322453759 0.47464840019325033 0.9261519998452741 0.5571768233211316 0.9080471477612946 0.5589183041256892
12 0.8919533890386901 0.35581898948253243 0.9062907330984444 0.3548901737405601 0.9112834356700432 0.43195482516841666 0.8969460920443453 0.43288363659769796
12 0.8986942145118064 0.35977445995637786 0.8684212246100742 0.36080132444662555 0.8647027451194162 0.2511752931118051 0.8949754274129873 0.2501484338301184
12 0.8712166945157378 0.4171861258180078 0.8405988749763083 0.41880531470211224 0.8315515304673227 0.24772668347324567 0.8621688374179257 0.24610750786127505
12 0.807261014491587 0.03901515645394721 0.8448951695016831 0.03921694368926849 0.8442379827384912 0.16178468519565598 0.806603827718277 0.1615828983453227
12 0.8780829619312271 0.0728498166988027 0.8850931679207861 0.07253516186382733 0.8873080244164839 0.121879900641412 0.8802978184440917 0.12219455524724951
11 0.8756172817501238 0.05880924586718495 0.8841894712351177 0.05733211488589805 0.8937983897732238 0.11309515181572159 0.8852262005665352 0.11457228170000673
10 0.8384327155208666 0.5223571730800908 0.8568010476953987 0.5215327826550725 0.8593961513416843 0.5793493670391664 0.8410278194410239 0.5801737534626306
10 0.72364123059549 0.5794621103601775 0.7236416891761337 0.493846953260408 0.7661497551005141 0.49384724073698194 0.7661495932218259 0.5794621026634018
10 0.7519907699353325 0.1451094322167777 0.8052063283693087 0.14652108440158856 0.80146516302284 0.2875514051171138 0.7482496047624636 0.28613975944275594
11 0.4158476113489087 0.7134347646398738 0.3728239568265508 0.6164171598086648 0.5250273647998256 0.5489289713918252 0.568051453769499 0.6459449824489132
8 1.0000008236560234 0.9157585733496332 0.9394944089110595 0.9157585733496332 0.9394954723944693 0.7860436943765281 0.9999998213125991 0.7860436943765281