12 0.24511179904516212 0.05206598552747973 0.2608097557878182 0.06258162708551017 0.23947989697819594 0.09442320566070683 0.22378194378393346 0.0839075685704415
12 0.241251513977204 0.275335904977388 0.2259030917242626 0.2704687839431308 0.24973635985838882 0.19531232947703417 0.2650847017991964 0.20017943680347286
13 0.21530876539782184 0.24222489558222135 0.20044709677313222 0.23133608417063714 0.220329795957241 0.20419948628376877 0.23519144158774452 0.2150882854358312
13 0.20536257799005853 0.14192517138412114 0.1930317657370324 0.13817763073429193 0.2050879778438457 0.09850839651248997 0.21741877279782784 0.10225593436492304
13 0.20086304921051124 0.025087180244679343 0.18940236806054145 0.021085426891162242 0.19815144423432685 -0.003971179319719379 0.20961212433758192 0.00003057381611142127
8 0 0.18902984049773758 0.009840225540025413 0.18902984049773758 0.009840225540025413 0.245113657239819 0 0.245113657239819
8 0.13706876912215193 0.33926621858949013 0.1123843106951199 0.284318087226701 0.15199276534610817 0.26652521498606896 0.17667725486217023 0.3214732369933673
8 0.09452712958909615 0.3791006054967034 0.06807255066098605 0.3828378493137346 0.06266617668904928 0.3445692692822095 0.08912064467790515 0.34083203341458734
4 0.2419890052253777 0.3481339968591849 0.25287151098063987 0.3634581721079189 0.23657642911541643 0.3750296892256595 0.2256939421218931 0.3597055308200361
11 0.0710125053617503 0.22959381189467437 0.08245364313268055 0.22367001832628391 0.09364166534078322 0.24527805783696008 0.08220053109823766 0.2512018461755664
4 0.037736363959766095 0.29233029232192503 0.024141338677168278 0.2926238042470303 0.02374893583225912 0.27444826809954814 0.03734393983734208 0.27415475640384385
11 0.11309456973788201 0.03868994838010513 0.09891437378848877 0.0480148448882225 0.08042610961649643 0.019900092079737548 0.09460630226226385 0.010575197050207107
11 0.03546742175615236 0.001160164970750955 0.05297241407845377 -0.001954590500080984 0.05770517338794434 0.024643617306218932 0.04020018112169055 0.02775837261273616
10 0.8817669376055619 0.014434231851808057 0.9206613876406209 0.006274051384818724 0.9322260188138216 0.06139536292841852 0.8933315694758903 0.0695555407768151
8 0.8943856474983249 0.2080920594821398 0.8807684633388817 0.23908137732461296 0.8258120334319301 0.21493293617053508 0.839429235624948 0.18394367807444167
8 0.7747763755692176 0.22600204577922942 0.7376925467565343 0.23276200265385907 0.7300206061534027 0.19067547906691357 0.7671043363790204 0.1839155314157733
4 0.9993108879739339 0.15165736586116474 0.9885368804538075 0.16320600628150198 0.9684633445253894 0.14447903522635247 0.9792373460296631 0.1329304019851433
4 0.9117647820621642 0.27055448094483203 0.9003126437399942 0.2828298332965516 0.8768851729045082 0.2609739165184562 0.8883372978781381 0.24869858007234708
4 0.5955760491792716 0.14879656050891107 0.5716169512436409 0.15907555178363741 0.5547251433317797 0.11970294158019484 0.5786842056287469 0.10942395889545191
4 0.5365751916581303 0.1982462038241269 0.5535058491525433 0.1800983984180588 0.5816975232070263 0.2063989889454787 0.564766887772862 0.22454677289813646
4 0.7179152734640866 0.29231909805721346 0.7238491670567555 0.28364142935766085 0.7334061545966506 0.29017644585870594 0.7274722660116595 0.2988541101012608
4 0.5994966240471058 0.3340260582416576 0.6030897224233058 0.32294347150840824 0.6212548775122286 0.32883262115092454 0.6176617917075191 0.33991519718065605
0 0.6201677176356952 0.006850171438190452 0.6225321181949539 0.03115757747317723 0.5763861055686448 0.035646231115738815 0.574021709021622 0.01133882918552104
5 0.7943680927106698 0.1742369876467208 0.7961850065397584 0.1929156088622133 0.7749716480964253 0.19497904922276577 0.7731547464313735 0.17630043927957395
5 0.6985794097603275 0.15876521722961065 0.7365988161895984 0.18745877556940468 0.7192515354826128 0.21044393046496743 0.6812321493193849 0.18175039533796808
5 0.6943591741029422 0.30371523384305765 0.7008127470726322 0.2887044112603109 0.7224221473309171 0.2979946455425972 0.7159685934467461 0.3130054519312696
5 0.762415980357332 0.3842516397433689 0.7531809307189405 0.39415030620373903 0.7398064913054441 0.38167304918295814 0.7490415320899046 0.3717743932785315
8 0.9078755809922541 0.4102788596460846 0.9157784194262604 0.39350042019511683 0.942612075650004 0.40613874366230235 0.9347092735616798 0.42291715217213505
5 0.8543637898354746 0.3941118380517875 0.8639498054985779 0.38445412642052484 0.8805485406973048 0.40092885656358623 0.8709625387504047 0.4105865545112353
9 0.967638078144887 -9.721819529208424e-10 0.9676380788276902 0.021302814530188677 0.9191190034791816 0.02130281346347836 0.919119004447225 -1.3935115799205144e-14
9 0.9730838865436908 0.1890494559584897 0.8932909323173135 0.2331411834369686 0.8288625184738976 0.1165453725595171 0.9086550900458406 0.07245377471702483
12 1.0000000423369784 0.36285396040723994 0.9727284301919781 0.36285396040723994 0.972728465267096 0.33507700452488676 0.9999999977418383 0.33507700452488676
9 0.9371619334785919 0.35865641835219386 0.9343487945387778 0.3736833276307478 0.9152540423399387 0.3701087881959463 0.9180671936030649 0.3550818950957152
9 0.9098959926059251 0.3067810433869096 0.9048539689549671 0.32576505836227077 0.8739188464861627 0.31754910801852543 0.8789608884051177 0.29856512167223537
8 0.8657649183655849 0.4066109600663082 0.8534514829323143 0.41980915540766817 0.8335623797371454 0.40125424609899585 0.8458757966499206 0.38805607283920196
12 0.8067348784874184 0.09534173984834184 0.7708157551211343 0.05292497695540233 0.813038141422453 0.017170504700644438 0.8489572527076916 0.05958724739830231
12 0.6051604552801564 0.11385842123142648 0.6233768372779878 0.08804614774170137 0.6743340594746314 0.12400782351387934 0.656117709961336 0.149820067888334
12 0.5959936813932245 0.15008363335787953 0.5910045510589725 0.10496592585270471 0.6250343293653486 0.10120292419485369 0.6300234853874827 0.1463206018099122
12 0.5799425819708404 0.054407802495741064 0.5590262195973992 0.08483218952952351 0.5210304930893699 0.05871064478263124 0.5419468526048377 0.028286269230806096
12 0.6358771433164065 0.2397933960166096 0.6508752833279914 0.2386132083255247 0.6524519522613446 0.25864956718692866 0.6374538123520779 0.25982975397783387
12 0.45370350494954437 0.23375646463146574 0.44220333504392784 0.23823599275487953 0.4334180750529413 0.21568216366357365 0.44491822774386947 0.21120263929932598
12 0.4321581543267712 0.2678533517184773 0.4457772240209579 0.2777674755476045 0.4341580055729537 0.29372845038575224 0.4205389429864681 0.2838143349144068
12 0.4554601385755177 0.23136598837021835 0.4437153133467291 0.23803340890075633 0.4318464368293462 0.21712639912023007 0.44359124650566173 0.2104589841629037
12 0.7370360022679279 0.31454783722875984 0.7464383524818459 0.30128668566536265 0.7608854990627378 0.3115296265717979 0.7514831613628985 0.3247907669152245
0 0.6847097650046408 0.08422609104071924 0.6943175156540065 0.0772818741824345 0.7064876265613975 0.09411993223330357 0.6968798775494633 0.10106414713975195
0 0.5697636656740315 0.19887781546585084 0.5939466942378431 0.1809030978327612 0.6241633885003921 0.22155587329311235 0.5999803848628744 0.23953056197457354
0 0.6168044225755693 0.24953852276674396 0.64026662294782 0.27269912191881085 0.6203867833155527 0.2928373634711479 0.5969246098452459 0.2696767913388586
6 0.9567007946425292 0.09773591388940753 0.9853459795249364 0.09548182057048296 0.987404960817571 0.12164741826057708 0.9587597760275912 0.1239015105922112
6 0.7416052660759078 0.14185417399896846 0.7328048835358913 0.10448014490865341 0.7908767304716093 0.09080613241403095 0.7996771400903526 0.12818012277447982
6 0.8266722255400509 -1.5396046286242957e-10 0.8266722258738355 0.012878451203912527 0.773985092471321 0.012878450969930016 0.7739850927572434 -4.6806024191713345e-14
6 0.7993428320579596 0.17484613162929658 0.8188295631504161 0.17294357102779354 0.8204530358027569 0.18957161640141038 0.8009663048401308 0.1914741761197764
6 0.785408448963949 0.30828678851172175 0.7781630350381192 0.3206494310462912 0.7448446280976668 0.3011229302077535 0.7520900414937159 0.288760309944733
6 0.6932669662079434 0.21286558084532892 0.6876353083411004 0.2248680890590042 0.6591945957310372 0.21152368280779504 0.6648262564431207 0.1995211868397681
5 0.6159470175978186 0.07180523397805352 0.5978246785771262 0.0862140749820547 0.5749535445822858 0.05744853827640234 0.5930758751775329 0.04303970239735344
6 0.49235844520455885 0.03830004906270111 0.4858241551935407 0.04010824418842126 0.4819567818858559 0.02613268771109847 0.48849107101807476 0.02432449271391855
6 0.49127732213719355 0.1201912638490407 0.5265910981752313 0.12091593529185696 0.5258964400808281 0.1547669547914361 0.4905826640426767 0.1540422838635801
6 0.44451390914866806 0.03146839027150405 0.45594549710995125 0.027985732151714952 0.4636047073087184 0.053126556399501604 0.45217311961130235 0.056609213930649174
6 0.44462883245716966 0.07597030948417266 0.43129042647740334 0.07649881009563138 0.4303576930373083 0.0529582393654474 0.4436960928380813 0.0524297388767269
6 0.5120540480452291 0.24743555598669878 0.5170992711812232 0.25749189192575017 0.5111678851122861 0.26046758343572185 0.5061226649985429 0.25041125007841897
5 0.5944300059535408 0.2559125700901349 0.5932101600141095 0.23499782940438166 0.6085843923176526 0.23410114971729995 0.609804249513445 0.2550158783788277
5 0.4637504967258792 0.1560736897233534 0.4752384500187645 0.1666500713657507 0.4648423645674029 0.1779420888082198 0.45335441522991005 0.1673657112777467
5 0.45610559258341254 0.18729505221402565 0.45888095762336434 0.20109313604964335 0.4456120924713787 0.20376201670349844 0.44283673378970434 0.18996393844745782
5 0.39961880559085133 0.2346880294117647 0.4116208850063532 0.2346880294117647 0.4116208850063532 0.25122248416289594 0.39961880559085133 0.25122248416289594
5 0.4888076514324666 0.0656524998707833 0.47513371872935295 0.06930941829485561 0.4704061992132438 0.05163231117099998 0.4840801277784976 0.04797539332272034
10 0.42446423279125156 0.08460811888653944 0.451509910760592 0.08247989268522575 0.4560497552064362 0.14017242497079518 0.4290040774404815 0.14230064907703652
9 0.39961880559085133 0.12865739140271493 0.40504760546378654 0.12865739140271493 0.40504760546378654 0.1833115995475113 0.39961880559085133 0.1833115995475113
9 0.4410296361472774 0.1652761818918692 0.4361439177578177 0.16609594641548428 0.43442392760471193 0.15584504244790848 0.4393096435582038 0.15502527813315006
10 0.4539392208280333 0.3013049074850959 0.4482243614743311 0.29991138776660226 0.45019536351412626 0.2918284849277364 0.4559102187619146 0.29322200412343763
10 0.4266620248822619 0.29225056252355947 0.4357692466281833 0.2937229407159982 0.4342418912027597 0.30316996381463335 0.42513466961008817 0.30169758626112725
10 0.41912503978551285 0.2375095010689584 0.41527270872052213 0.23773107257275436 0.4149413794013981 0.2319705312039988 0.41879370887738787 0.23174895974608273
9 0.4406028372321771 0.331253477648825 0.43564959008983806 0.33876563908368895 0.425863920191091 0.3323135353594408 0.43081716649874124 0.32480137837544903
0 0.4262777183473645 0.3444371863526564 0.41971705111416213 0.3443193019943887 0.41992428236369506 0.33278679574502396 0.42648494179388763 0.3329046800331761
11 0.36209708335252344 0.8907047995520602 0.38621760045668907 0.8895199227984446 0.3891386263186405 0.9489681314419232 0.365018109942298 0.9501529983150805
12 0.42756430177894345 1.0000000000000142 0.4275679780457722 0.8871973282647742 0.5729754982000941 0.8872013911516236 0.5729741757281772 1.0000017352451571
12 0.5217559729017012 0.728504587836234 0.6112823476616995 0.7813733803207502 0.5354546128066886 0.9097510562632575 0.44592896645258406 0.8568832449007815
12 0.5080986490987698 0.5666281926165888 0.5823089215299433 0.5661807749190144 0.5833303980549545 0.7355859057257039 0.5091201257201874 0.7360333159029657
12 0.39961880559085133 0.573888463800905 0.5104876594663278 0.573888463800905 0.5104876594663278 0.838130193438914 0.39961880559085133 0.838130193438914
12 0.39961880559085133 0.46945701357466063 0.43522853176620074 0.46945701357466063 0.43522853176620074 0.6077039027149321 0.39961880559085133 0.6077039027149321
12 0.4938149402870522 0.46945637767234744 0.4938156035407246 0.5605674427441051 0.4249500826357462 0.5605675756790376 0.4249499142312061 0.46945701357471104
8 0.5851722078436978 0.5674173965312301 0.6658689901579464 0.5709538298446645 0.6586350681020576 0.7360023356172765 0.5779382895652816 0.732465960237405
8 0.5691776512215938 0.5687143812068935 0.48875545997464087 0.5647494570135753 0.4936501616098212 0.465492121219242 0.5740710768741337 0.4694570135746587
8 0.6510871687207782 0.46945639320604443 0.6510879216062904 0.5702326687467725 0.5752205615209505 0.5702327123924336 0.5752204124252103 0.4694570414551156