12 0.09867340722814788 0.13205480147392773 0.10959092759117084 0.1471975781866241 0.08005801918818634 0.16848982065984586 0.06914051277692579 0.15334705649923283
12 0.21331812461698973 0.16995843655419288 0.2081751231664839 0.15501748912952326 0.2795372576904356 0.13045321184372713 0.28468027168901244 0.1453941329292107
13 0.22604578105961082 0.14069679397147786 0.21475761708472874 0.12640563956821488 0.2398202499683748 0.10660949948804993 0.2511084094338685 0.12090064500251752
13 0.14962844902549932 0.10132245019309984 0.15351558667612153 0.11334494451156789 0.11569821016280457 0.1255720715389069 0.11181108220353053 0.1135495854553098
13 0.022768454048105013 0.11618333004926153 0.0199657539897089 0.10509991696312006 0.03766165005390576 0.10062511055743693 0.04046435231339274 0.11170852034252961
8 0.3258030134983301 0.08090423874811042 0.27055157297888854 0.05975089705987475 0.2852023167297375 0.02148398863597042 0.34045372447826594 0.042637323237149395
4 0.3807832348726379 0.13839331477773306 0.37303022827927634 0.15377050003041853 0.355090338074433 0.1447254550492358 0.36284334575964294 0.12934827641887806
11 0.05646739096800957 0.011495294661866873 0.04897563918825654 0.025512377396133615 0.02757229103303871 0.014072866254074353 0.035064042877024804 0.00005578411318637454
11 0.5176298825795129 0.19950681140731275 0.5176312918858912 0.09542908407704948 0.9086564347086323 0.09543350007752344 0.9086559321563072 0.19951017648052213
11 0.44506851954338345 0.45190007461975423 0.40604055872859135 0.5882184336949483 0.01859817306126388 0.47729442397394783 0.0576284039661914 0.3409800555316699
12 0.23213698647748515 0.6405838355410413 0.220620714168831 0.717410838859271 0.09283522616908613 0.6982572854286472 0.1043523256151957 0.6214312923052048
12 0.3414433194748199 0.8976608940886168 0.3428703455449522 0.849325785219872 0.44373420328611246 0.8523025124737734 0.44230784464105 0.9006369757679249
12 0.5851334652005562 0.9626289065351838 0.5611459638309952 0.9634444728479226 0.5589126948519834 0.8977698413463434 0.5828997513942795 0.8969542825854334
14 0.575073325504718 0.8288852635719423 0.6108531177560508 0.8287470799633033 0.6112698117331092 0.9366165433965784 0.5754900194897346 0.9367547250017833
14 0.5642829470654078 0.6752654312444506 0.5809765626324861 0.6756443333890476 0.5793297314379515 0.7481893006492237 0.5626361159737598 0.7478104014778336