12 0.4085014213642353 0.10607453408270268 0.40216830362260225 0.10574263025064057 0.40335414391927316 0.08311550822846187 0.40968725738912326 0.08344741194581258
12 0.26948839043291173 0.08192877247823106 0.26829697216896875 0.10466248584276557 0.24107515065736607 0.10323585121092571 0.24226657711233202 0.08050214654465492
11 0.3749930323803028 0.11541063288613879 0.3825956098996812 0.10535756006502893 0.4025042058156032 0.12041325826751756 0.39490163326377115 0.1304663265636491
13 0.3303508877253307 0.09014809145570274 0.3365418603472108 0.09871871072698904 0.31838398410366153 0.11183497761641471 0.3121930147525518 0.1032643612973531
13 0.2348498498221261 0.11165859235052679 0.2544524119458629 0.11147082573891594 0.25467439719830054 0.13464566183810656 0.23507183507786067 0.13483342836773896
13 0.241509063519743 0.18220124588743328 0.23883673332443323 0.1955484062747731 0.21517561884763836 0.1908110852420661 0.21784795580856553 0.1774639340584236
13 0.19812436981828796 0.17437395165915065 0.21123667189044681 0.16771683191444092 0.22307472209274692 0.19103361011260936 0.2099624232395172 0.1976907250149775
8 0.35076954047963227 0.04765050702031336 0.36277969021080025 0.04827993144888536 0.3618984951827997 0.06509414137392598 0.3498883454585666 0.06446471703734734
11 0.19182555677639357 0.18871850376834204 0.2008204472253965 0.18726470861803066 0.2027991871921131 0.19950738916255498 0.1938042968741911 0.20096118378030933
11 0.3363173089491056 0.18574391464328127 0.3299322949111456 0.1938457705725067 0.31665483326673893 0.18338200419287867 0.32303984544330433 0.17528015209359965
9 0.36686534755313005 0.14249144321414378 0.3657074500822546 0.16171738695184928 0.34473638361248504 0.16045438796185682 0.3458942897699444 0.14122845357789815
9 0.31732718378282243 0.08829726295481448 0.2949884217532599 0.08712653975804859 0.29607143403995906 0.06646154666818518 0.31841018506668206 0.06763226957381618
9 0.23286965708689422 0.14312989370748028 0.2445419142229639 0.13346711990024535 0.2607631403177493 0.15306160910548638 0.2490908882422218 0.16272437735907333
9 0.18365493323085502 0.11533475615907837 0.17123482090494235 0.111088220379388 0.17553039453537167 0.09852473734519053 0.18795050191715745 0.10277127220182113
9 0.38592968996556465 0.07483629169699542 0.38371622176236997 0.0837527352032578 0.37029386113079 0.08042069729562049 0.37250733029623007 0.07150425525489057
0 0.2723858318593102 0.1438976917923726 0.29293572079632213 0.12360134765375423 0.32148512702281096 0.15250722233929084 0.3009352566079997 0.17280354785032698
0 0.28403899806255595 0.019001716252629423 0.3006834383578507 0.04715998462205615 0.25126060362174485 0.07637394134921643 0.23461617689838477 0.04821568477944106
0 0.35759171802453693 0.021609626014984933 0.38173737359943516 0.015218012728356961 0.3901086242343581 0.04684215461007847 0.3659629691267128 0.05323376679877971
0 0.155582261413997 0.022868333039905434 0.1846260448924113 0.022267994246998376 0.18592936125855886 0.08532107636172863 0.15688557779060375 0.08592141483919205
9 0.5223829153794668 0.19322620270795726 0.4707484740380323 0.13682869354626637 0.5716984560693845 0.044405058409946144 0.6233327581487629 0.10080240181886538
10 0.80870699904915 0.16783904612173214 0.7375822931238645 0.2598796070154888 0.5874115792499879 0.14383496156531023 0.658536153922114 0.05179474331796243
7 0.688059505270985 0.0641994008931437 0.6891350785155055 0.0436764422447296 0.7600814334974757 0.047394600985245755 0.7590058732441776 0.06791754738215103
7 0.8948595367415919 0.11014838920610523 0.926198679421077 0.068088709264645 0.9859531021880912 0.11261227406319821 0.9546140178595124 0.15467190124219485
13 0 0.791888979679803 0.01965272721674877 0.791888979679803 0.01965272721674877 0.8128889156403941 0 0.8128889156403941
13 0.0395636111454678 0.8132570302555847 0.04164825975465192 0.7706013727622478 0.09444282952165395 0.7731810034895253 0.09235846556362048 0.8158363888091822
0 0.10978508410687482 0.6824536663265627 0.11654899232519256 0.7087282256645109 0.07733128330949057 0.7188224584490348 0.07056750713638849 0.692548012884398
0 0.10438225474194951 0.5442104713671317 0.10624257081656197 0.5167080136974499 0.16122265633828192 0.520426607867784 0.15936247086085586 0.5479289418593123
12 0.19015232714571084 0.4790293644619331 0.14859500383067825 0.42543980786852376 0.22674200886126528 0.3648422459002556 0.26829917867837594 0.4184314646633522
12 0.4796829615133902 0.5709207758620691 0.28283649008278644 0.5709207758620691 0.2828388875248038 0.37846538731527096 0.4796796459577308 0.3784653873152709
14 0.2982820826275656 0.7551083667808549 0.3413321232708313 0.7135363682492356 0.4572832442291883 0.8335881443793426 0.4142340319510822 0.8751593074415208
14 0.31136394944667245 0.6516199838660868 0.3136378413219063 0.605086633888525 0.3577928137563049 0.6072440468881979 0.3555191280198642 0.6537771999750506
14 0.04119887438832848 0.6764852304221545 0.013701796244504294 0.6281300467140768 0.17249386302216863 0.5378432775395531 0.19999094546540164 0.5861976246505335
7 0.6238957046265341 0.4708449404285976 0.6852059419543366 0.47386167912716337 0.6788342910571146 0.6033441781606644 0.6175240552561263 0.6003274714721915
7 0.8257249073737967 0.4752738293403224 0.8825499386803131 0.4798676918056082 0.8719580482101037 0.610875790395299 0.8151330220819091 0.6062819778256858
11 0.8661965910756635 0.9855762398999012 0.7688191202576036 1.0264742747483475 0.6891808851773931 0.8368995158713947 0.7865535576816001 0.7960026149966111
11 0.8793950589432598 0.9683533634458006 0.830198056364452 0.9674103756496276 0.8330177371262835 0.8203951063574197 0.8822127604679508 0.8213380751231529
14 0.8207623208234054 0.6249193316935039 0.8759599563359188 0.6310115312593078 0.8589434844365087 0.7851650243030667 0.8037458647670519 0.7790729258270309
7 0.7220499551079911 0.5211102079202825 0.778772730186347 0.5227621218705134 0.7751503295279463 0.6471344416575128 0.7184275549342374 0.64548254594866
7 0.6118104001820939 0.7772077511200556 0.6594016749575076 0.779116598391945 0.6557606023568496 0.8698773303736621 0.6081693285685787 0.8679685048523853
7 0.587033315947906 0.9223835109432902 0.6031661177439673 0.9226927243912514 0.6021762296907127 0.9743248330595644 0.5860434279557012 0.974015621921182
14 0.6009363327387973 0.19721262618485194 0.7229687913969656 0.19955217040061599 0.7191989740447298 0.39618396661140054 0.5971665166289313 0.3938444439620554