9 0.2577613703529096 0.34410931934195127 0.23804104228418055 0.3419828046646481 0.24501903231077904 0.27727466461994094 0.2647392400084527 0.2794011727523172
8 0.26745418362020246 0.31553968150795325 0.2589248972084306 0.31446504158352345 0.26405042350017993 0.2737855981363305 0.2725796787379977 0.2748602360671847
8 0.2675671071630177 0.16188056592020192 0.26083594203055327 0.16098381601036044 0.26561465190127365 0.12511425313505684 0.27234580643505524 0.12601100232533113
8 0.2099546380703714 0.3274480051284036 0.20274369778553591 0.32634379702037924 0.20661670046240488 0.3010523206557909 0.21382762332586935 0.3021565274028684
8 0.11286998829098138 0.30175363993971044 0.11804868026081294 0.2903181624376316 0.13222998660580743 0.29674016372921475 0.12705130419692523 0.3081756331055286
8 0.08159962224033279 0.35900909221671246 0.0804854321095263 0.3433300122196824 0.09511146730062592 0.34229069352809205 0.09622566875532357 0.35796976121420954
8 0.07018411919409573 0.4131309950841176 0.07335843210751136 0.4063285092956061 0.08656324406581462 0.41249008669899573 0.08338893849372653 0.41929256623819516
12 0.23273647072267067 0.4086354001065227 0.222963045319716 0.4073334014452973 0.2273264437671969 0.3745813725539971 0.23709983117339561 0.37588336865098565
11 0.21714403434987162 0.3347234065816373 0.22483501525289284 0.335747996244762 0.22204218950969334 0.3567113128170677 0.21435120883347736 0.35568672429501563
12 0.2801648395520715 0.29149150423286296 0.2675069533494252 0.28940288443019574 0.27545892975103925 0.24121194205530075 0.28811676632687977 0.24330055765333902
12 0.286070016945132 0.10754034867669095 0.2751489005249823 0.10594974922745051 0.28149671811047483 0.06236554733703343 0.2924178221551301 0.06395614586463519
11 0.22157534205439333 0.29470965918511804 0.2159387629532148 0.29391458063074444 0.21860767042585394 0.27499430460969604 0.22424424034124968 0.2757893825075345
13 0.21185316560183765 0.4307692657128755 0.2032143675895668 0.4300763690588636 0.20811988717423446 0.36891954319934467 0.21675862124129708 0.3696124372844558
13 0.21967688562040166 0.45946021109753343 0.21333573416791296 0.45886792927559694 0.21644606919221587 0.42556990340392414 0.22278719217467824 0.4261621838854261
5 0.020621806999770342 0.30060521019793235 0.024077394631376592 0.2920603731720105 0.04434487904859452 0.30025644854617894 0.04088930148986947 0.308801277041298
14 0.06978413505817116 0.27915919593011906 0.07480396292521618 0.2798279430011082 0.07352489784830141 0.2894287769429428 0.06850507003707662 0.28876003015236973
0 0.0589252222110872 0.3332177844003874 0.046348565320045054 0.318657885344483 0.07773007762023099 0.2915517592319183 0.09030671528785206 0.3061116295544066
3 0.043398208525445625 0.40063230025311064 0.05036423434387416 0.38570421930630183 0.06814685776134866 0.3940018946647235 0.06118085284401786 0.40892995780900143
9 0.08486553225861826 0.32355939582982557 0.09027102475658921 0.3142864393004119 0.10352527113684573 0.32201250661236647 0.09811978671439192 0.3312854561387736
9 0.7526144922441063 0.05969676342200659 0.7422635282226793 0.03144832610500142 0.7952968039659254 0.012015552393659623 0.8056477724933302 0.04026398221362789
11 0.48813123037507467 0.42291878610662614 0.48998702894618873 0.4592692756556561 0.4439752803124293 0.46161803897527337 0.44211959961694447 0.42526766189463755
11 0.6146755474485417 0.2029877250678255 0.6135643479451574 0.24091759132985924 0.5694350952624063 0.23962472348497327 0.5705463493202387 0.20169491228002007
4 0.42925284647344597 0.2585777683637378 0.450817689398491 0.27228137435164645 0.4372031393835414 0.29370556492227007 0.41563830785923983 0.28000197354757694
12 0.40057995507959276 0.05074805144993887 0.37994132724304563 0.03975916536253009 0.3934312657689816 0.014423234387304336 0.41406988911023745 0.025412119029809038
12 0.6312980627653815 0.3549852461453614 0.6109468737606676 0.32948759962872187 0.6580873398760332 0.2918632355382066 0.6784384898122653 0.31736080590706445
8 0.4346081028060098 0.17982022624043462 0.44164584174518495 0.15159373686060273 0.4768959055735422 0.16038260030281795 0.4698581975681009 0.18860906280039355
8 0.5055192444521026 0.04545293672688533 0.49189784522525315 0.02278312296361942 0.5170865275362075 0.007648238683306444 0.5307079265791117 0.030318049676614323
4 0.36962190352020863 0.6869104113428944 0.41163175162972626 0.6869104113428944 0.41163175162972626 0.7669301023468057 0.36962190352020863 0.7669301023468057
7 0.36962190352020863 0.7927757744458931 0.38212707822685793 0.7927757744458931 0.38212707822685793 0.8239983578878748 0.36962190352020863 0.8239983578878748
10 0.4993303023908311 0.9766632542885755 0.4815019518965755 0.9162817078226826 0.5947424144806064 0.8828546538775981 0.6125713530508392 0.9432351863794102
10 0.360202478240808 0.8699351047290831 0.38304641520915084 0.8508760736508103 0.40763587669573553 0.8803419535933776 0.3847920291735818 0.8994008872032165
10 0.5012160939761543 0.6603685325899671 0.521462941447453 0.6672878110595559 0.5068824426720084 0.7099464760224906 0.48663561082128126 0.7030272301173283
10 0.4502463744419174 0.5553701103079381 0.4611406665969753 0.5610080154083424 0.4545400390929899 0.5737613642483239 0.4436457516297878 0.5681234661017207
8 0.48906090315722395 0.6226075017188691 0.4630437983282718 0.6506385667055197 0.4144189829048628 0.6055122900253542 0.44043594411755294 0.577481398431267
14 0.6283762353060638 0.9019382236340965 0.5763901254072152 0.8497655117093134 0.664848385322216 0.7616431350586457 0.7168336720385469 0.8138150168799355
14 0.6184845789674682 0.7820343363083312 0.6207258599730494 0.7230248124117535 0.720201323150377 0.7268021643416868 0.7179607417635907 0.7858110137674716
14 0.6375204052810659 0.9766490843925424 0.6420269935309761 0.9355645492133825 0.7226854164559882 0.9444093423142531 0.7181793614548724 0.9854933887252249
14 0.6457907730891748 0.9498486264902765 0.6298562619217591 0.9248214022585406 0.7113556795140994 0.8729448401615577 0.7272901458334218 0.8979717287786761
14 0.7076380418144481 0.8363452774365585 0.7545261041934737 0.8555416201866761 0.7123439506524392 0.9585487571347049 0.6654560524571025 0.9393527060283688
14 0.7163919474152181 0.784413589189552 0.7508208919924755 0.7719760164204315 0.777332390932429 0.845349128985093 0.7429035068905705 0.8577865813061173
14 0.7925958112720082 0.7744955973420935 0.8132398146497053 0.7954361655021023 0.7905981512924427 0.817752783472359 0.7699542290251884 0.7968122959508073
14 0.7670759039586983 0.6976141710046652 0.8383436336688419 0.6717185774545112 0.8668310872467373 0.7501074716844922 0.795563481461727 0.7760028259941308
14 0.7207207130090865 0.7029328868858677 0.7002905157313535 0.6443878546378617 0.8282982786518005 0.5997231466272631 0.8487288511206543 0.65826737698156
14 0.8690629392505116 0.6775962145223285 0.8625545057043382 0.6500539768077213 0.9016275346402836 0.6408219466198956 0.9081360438394768 0.6683640726783275
11 0.8138459514965461 0.9229136319678566 0.8090473777384659 0.9467803102619281 0.7661442642071279 0.9381564093718824 0.77094294745757 0.914289879177113
11 0.8030197121456695 0.9534393982485504 0.8062211640333317 0.929285832539799 0.8495931478232706 0.935033009659627 0.8463918641359669 0.9591864232334181
9 0.8669271048985365 0.8681747039741801 0.8615456943565505 0.8455364790231142 0.8939380389143707 0.8378380700222672 0.8993195161027643 0.8604761969823163
9 0.8713774565773065 0.8169454997481975 0.8828746235120661 0.8294322940183652 0.860134435158102 0.8503657539026461 0.8486373188181915 0.8378790085976702
9 0.9170024371142063 0.8927334551614562 0.9196609901579222 0.8844018279763682 0.928216273142084 0.8871310919165196 0.9255577320134307 0.895462708959898
7 0.6732792001304233 0.9999999999999477 0.6732792123433455 0.9951737278542757 0.683934174539786 0.9951737505110952 0.6839341701434023 1.0000000148400952
7 0.727633529519494 0.9428429133795315 0.7278049728345195 0.9586609711889147 0.7022026583482557 0.9589383197503952 0.7020312743286468 0.9431203207387177
11 0.7180581388527116 0.9351906955671273 0.7190819210956079 0.9211070039139436 0.7397450203804965 0.9226086666340182 0.7387212821175808 0.9366923169210846
7 0.7779208621855105 0.8954666328855163 0.7817032912747663 0.9095951285462213 0.7538055567662241 0.9170618503270318 0.7500231932574479 0.9029334109683681
7 0.8010563107085318 0.8694463406925016 0.803169402614003 0.883323218533333 0.7783909751537976 0.8870953897081725 0.7762779352838152 0.8732185584553149
10 0.39743161542855887 0.9453508550158197 0.39916374733536486 0.94872775531071 0.3837297660556942 0.9566421942857299 0.3819976440678374 0.953265302477157
10 0.4224528970296433 0.7861524921830997 0.42831368736574404 0.7908921298848696 0.41806798787263233 0.8035589921121288 0.4122072059973334 0.7988193637548602
14 0.6872279282250702 0.8188368559242094 0.7213403804339578 0.8401300314375297 0.6790531097889243 0.9078603056625648 0.6449408308212696 0.8865673542987877