15 0.33246647188195766 0.526100161164402 0.3454364828830876 0.5120685671969927 0.3669475360973138 0.5319504970124179 0.3539775592564638 0.5459820578268629
3 0.6255437435230533 0.4881603352710644 0.616685538082038 0.5112379718160531 0.6006633895348159 0.5050884118939201 0.6095216073347274 0.4820108052899616
3 0.6109618144148499 0.3868340091944542 0.5964665816544539 0.3892569461262416 0.5939403945358208 0.3741446150793142 0.6084356020483028 0.3717216803040651
9 0.3393267437710392 0.505529377504493 0.34652093043894183 0.4850425849223356 0.38010404209569515 0.49683480466395147 0.37290992108933096 0.5173215414833057
9 0.33814166139802637 0.5793478168510128 0.33814170940115673 0.5659579824312706 0.37000024671056053 0.5659580805037739 0.37000023594134746 0.5793478775440817
9 0.2709584133751832 0.4681421887491032 0.2649145748052888 0.49689401589044796 0.23854154514208403 0.4913505637046356 0.24458542475554168 0.4625987934762633
13 0.20164388065950334 0.47213024228944306 0.21639498866272788 0.45604711380542595 0.24004918917398754 0.47774080150220233 0.22529811980587056 0.493823892710352
13 0.26897229044220694 0.5013778165439242 0.27402394797888974 0.49517510355325023 0.28313990571780323 0.5025988210440347 0.278088254185036 0.508801528453512
13 0.2985380948932743 0.5793478239031982 0.2985381205220392 0.5716598091063324 0.3256439841294423 0.5716598816140894 0.32564397677253965 0.5793478780936583
15 0.25549450532923856 0.5709967000703371 0.23720975663741228 0.5725389513854692 0.23588425666559942 0.5568252096471601 0.25416895613977886 0.5552829604173067
15 0.18870674221989248 0.43950297976481 0.19448015494810988 0.4622612627016622 0.16979367291412473 0.46852338775993285 0.1640203066469894 0.44576514480274193
15 0.3430908420216383 0.5724784682338478 0.34041435268886744 0.5588596859256737 0.35820728002897795 0.5553631873093402 0.3608837852123088 0.5689819484539219
15 0.2037206439132433 0.5271370326601397 0.20918222401871844 0.5261616062442822 0.21155212798419143 0.539429963393467 0.20609054815895433 0.5404053887409134
11 0.1496943558137218 0.5299516215047178 0.1615823361863704 0.5337530672907482 0.15868331116962509 0.5428181790342655 0.14679533213450213 0.5390167362030555
11 0.15095452817661226 0.4624376649693581 0.15023588423400724 0.454079123969362 0.15975983052715037 0.45326033398923354 0.160478479502558 0.46161886940910823
11 0.2346144281643774 0.5032971658304094 0.2251553748524202 0.5043809357733222 0.22398416694454681 0.4941594442371766 0.23344320563751353 0.49307567513920175
11 0.2340554839544211 0.5685205832531732 0.23577324125733412 0.578484573464851 0.22461093023241574 0.5804087123814218 0.2228931840770656 0.5704447320479106
5 0.284584715284268 0.5593793621039465 0.29652236057802384 0.5619688639877696 0.29435372554462447 0.571965332878109 0.2824160809723253 0.569375833276673
0 0.14279461899479884 0.4905184912927449 0.1492242246748674 0.48009391739531565 0.16644865136959197 0.49071672340248207 0.1600190637501555 0.5011412815113826
0 0.18496573520405946 0.510332582065274 0.18087537738301762 0.5245727966431047 0.16953226741759408 0.5213148569881423 0.17362263308996262 0.5070746556167295
8 0.5489896393643221 0.5487254771738784 0.5466526391895741 0.5351691449900038 0.5654307880832903 0.5319322313389387 0.5677678049138422 0.5454885422274064
8 0.5411617440699956 0.4046542421327676 0.5379988603095853 0.39298680313039336 0.5485199468726023 0.39013481757722485 0.5516828354308245 0.4018022488733953
14 0.7559350195556362 0.5793478107357586 0.7559359066432307 0.5025859145465496 0.8531019530347521 0.5025870727616627 0.853101682149827 0.5793483422641433
11 0.9955201748817899 0.5808614738197189 0.913337107579423 0.5793478260869565 0.9160498380965691 0.4321187177780186 0.998231111062637 0.43363234942717055
11 0.980555306914539 0.018644825647056662 0.9822462840766093 0.062415068486449204 0.9634918851376142 0.06313960349313338 0.9618009131552299 0.019369365404333802
14 0.4005620450902825 0.9021419618729477 0.4053924376183886 0.9130844848266194 0.3871657211782349 0.921128283846084 0.38233536431880566 0.9101857911705724
14 0.6119301045232532 0.8707275663043648 0.6111380772648545 0.8580900153985441 0.6314079224415536 0.8568199297667929 0.6321999811642627 0.8694574469105883
0 0.6796645989603576 0.8648023834864631 0.6394069347745699 0.8428277321481629 0.659173587771761 0.8066232720231724 0.6994309106520404 0.8285978081015709
0 0.46875298778331853 0.7342812501823183 0.4046188018135126 0.7395089617775658 0.3992393966163945 0.6735186993919587 0.46337268179547664 0.6682910245554731
9 0.522267761970511 0.8485827667946275 0.5309665380524393 0.8336714296055906 0.5619526283538789 0.8517437162421096 0.5532539321321792 0.8666549841900894
9 0.4020419049739985 0.9334250922408386 0.4254657868322056 0.9171528164334328 0.4501892134439913 0.9527326325424469 0.4267654154135698 0.969004807180661
12 0.3394956070134185 0.8810637605815852 0.35457791767021263 0.8519943058811033 0.40601505249469483 0.8786755789624088 0.39093300558090505 0.9077448078322338
0 0.4380920006112774 0.8349941402174058 0.44180035779379523 0.8229017132065182 0.4546713364647985 0.8268480008582013 0.45096300343357143 0.8389404072869738
12 0.3702747274714966 0.7973521292697686 0.3807054335615021 0.7933398777539445 0.38744302746022186 0.8108522746770122 0.3770123262862626 0.8148645169749122
9 0.38458942928309625 0.694627297035135 0.36144630635874364 0.7084394268743738 0.3396643941550792 0.6719474834938416 0.36280735842035483 0.6581354146072528
12 0.3155438988126207 0.6441179935003122 0.29170786032659635 0.6789186848590186 0.24590217543970994 0.647548819268868 0.26973816766860637 0.6127483174666182
12 0.17136056002891564 0.6028856836224006 0.1734943174202499 0.6248758762784681 0.15213148607665516 0.626948479953881 0.14999777659375013 0.6049583316280442
12 0.06612648686586908 0.7341544205184198 0.09529934818044694 0.7260002246000186 0.10333579584573727 0.754747045298697 0.0741629456854298 0.7629012135922648
12 0.1321998632042778 0.9656626937401555 0.11832754963381831 0.948439815459012 0.15019398190270294 0.9227797555196996 0.16406624156502403 0.9400025323874306
12 0.19121618341409885 0.8287128945020136 0.19460757998695044 0.8087681525909096 0.23083225070604385 0.8149264954842278 0.22744095763289351 0.8348711455165977
8 0.08152653500508222 0.8820314044783032 0.1298065456828681 0.8712642223088158 0.1381135627106005 0.9085039348838123 0.08983357054751195 0.9192710610056675
4 0.7804443051904855 0.909680306654174 0.711093758412062 0.8968487351608425 0.7341684334264755 0.7721716350340952 0.8035167777209153 0.7850029970926055