12 0.5507811897646206 0.9999999999997621 0.5507813411038569 0.9815605255926716 0.5910781641655376 0.981560834366596 0.5910781249996262 1.0000001960681801
12 0.5358785885761108 0.6473539583063261 0.5547957229332496 0.5842739083330178 0.5902740554931825 0.5949123950269144 0.5713571813149656 0.6579922221288649
12 0.7683655439324184 0.9206426222228348 0.7845878804184849 0.9098252021354221 0.8018304811113239 0.9356763518291443 0.7856081829324921 0.9464937244243307
12 0.7987070428250718 0.7514561809856897 0.7842255777271703 0.7659424911626627 0.7609075738199635 0.7426361822860577 0.7753889846183029 0.7281499264129716
11 0.5325601292024658 0.9172309025526585 0.553093233147365 0.9265002566316413 0.5278928642425171 0.9823078453016965 0.5073598100768777 0.9730385733083952
4 0.7644014233098915 0.5200290682558498 0.8148110645387305 0.5523739797690215 0.7431037222602299 0.6641180773341695 0.6926943851534588 0.6317735520851566
4 0.8512136811800701 0.46601569447886393 0.7810723990919541 0.40883778687197175 0.8518843819712174 0.3219760444682774 0.9220250679610444 0.37915356671847505
4 1.0102696461468668 0.7784018649305634 0.9778601540614318 0.8531981358999269 0.8601328240522434 0.8021951359604031 0.8925426691595248 0.7274000349240342
13 0.08805401736753993 0.8208777888146807 0.0997916397653853 0.835456862707344 0.0826656174818936 0.8492420642053546 0.07092803909438317 0.8346630310802124
13 0.3897657810292685 0.9807449704628945 0.37048967705754876 0.9803389420118512 0.3715315570484563 0.9308962753990929 0.3908073833982826 0.931302300924318
13 0.5306387357179574 0.7714328019509319 0.5477249442000129 0.7625838249225615 0.5724861475054013 0.8103855090136964 0.5553999778788921 0.8192344286641908
13 0.5245275195059094 0.5757153175673261 0.5289365039999439 0.6231273133433453 0.4930401442436505 0.626464889651795 0.48863132807355214 0.5790530485487185
13 0.4133652741916194 0.5982338685544017 0.39123458000824485 0.5960749212871418 0.39673189353266025 0.5397304969871867 0.418862370894999 0.5418894335641333
13 0.4032547079250435 0.4920745151925265 0.4273567477029019 0.4959012532486525 0.41804659421791257 0.5545348267499058 0.39394455866022327 0.550708106832489
13 0.2839264462504616 0.46905754217855244 0.2901071300030935 0.4997198794773563 0.2628588056161334 0.5052119230277641 0.2566781938915028 0.47454964857821613
8 0.61328125 0.8491847826086957 0.640625 0.8491847826086957 0.640625 0.8784670164917541 0.61328125 0.8784670164917541
8 0.8351756087264448 0.6931288641090347 0.8096627613648479 0.6843890396699139 0.8204791697899054 0.6528189735133745 0.8459918570544005 0.6615587680726027
8 0.8316776507476789 0.5856446683459298 0.8316779289949636 0.5291926216447636 0.8834302449333791 0.5291929177445114 0.8834302156125204 0.5856447135488042
8 0.7376254362258123 0.4867391212603812 0.6965337580813866 0.4773984466822671 0.7098427599861452 0.4188537011196737 0.7509341070132223 0.42819433634977055
8 0.9999087686301209 0.890367019675509 0.9812634769042461 0.8903225251504615 0.9813658954799394 0.8474663010349491 1.000010975674968 0.8475107953075888
8 0.8149859430000106 1.000000000000048 0.8149864108905831 0.9546006363793311 0.861518676124092 0.9546010987909588 0.8615185226391304 1.0000001484543288
11 0.24786019279508764 0.7185670505502517 0.26644510648770847 0.712164238141071 0.28599676267685936 0.7689058522347758 0.26741187007883127 0.7753086210843864
11 0.2806417425234713 0.6064051584379972 0.2572665402980192 0.6092269145598682 0.2519043713401743 0.5648110468237636 0.27527939056847117 0.561989301807003
11 0.3787734579999551 0.5101207496251936 0.37042253685388005 0.491814347094597 0.3971437177488042 0.47962571721085157 0.40549464967500626 0.4979320793496394
11 0.4154403058440721 0.831641740598198 0.3986553842595413 0.8237336684942581 0.41598182060408817 0.7869657440757002 0.4327665999128385 0.7948737769615941
11 0.2811534965294413 0.9663018174914791 0.2734979657440135 0.9666840589515664 0.2724937350925529 0.9465765176495585 0.280149221057286 0.9461942773104621
9 0.10302479229551409 0.7870326920014727 0.1310749172797614 0.7851979358323762 0.13590892796548815 0.8590863928388784 0.10785880465505215 0.8609211319874901
9 0.14115281567285365 0.6810844385915018 0.1630618449443091 0.6810239193098191 0.16322629428066193 0.740548459747973 0.14131726501068442 0.7406089786397486
9 0.19921871368023858 0.7261993384227053 0.19921884811776636 0.7797800613141821 0.1731351386474671 0.7797799940288526 0.17313516426133901 0.7261994305034363
9 0.07823095762057619 0.34537725138738606 0.1086510676167336 0.3455951148178375 0.10820952782046334 0.40724444860298936 0.07778941783249138 0.40702658593961216
9 0.16982670929780852 0.4847143390985106 0.20008894372426766 0.48822560083771754 0.19338357594665467 0.546012053138678 0.16312134430881997 0.5425008074400135
9 0.4881831976661033 0.9002924240537005 0.45690330787044786 0.9001298621384918 0.4571690462175866 0.8490535424976431 0.4884485081154253 0.8492161032971355
9 0.5718626341729305 0.7730509986962867 0.5718628540854525 0.7185862646864457 0.6054687604818128 0.7185864430975871 0.6054687484288479 0.7730509691261559
9 0.4693785161446158 0.6389710688081204 0.44389218817207166 0.6269737165747601 0.4677574232165398 0.5762821924839855 0.4932435240347104 0.5882794817552052
9 0.5376572401063413 0.45852775565268866 0.5160381302493988 0.4543408674858928 0.5221229437680677 0.42292389280138304 0.5437419630724207 0.42711077193799973
9 0.5996022112481114 0.9375341265362643 0.5846545289796268 0.9356071779867173 0.5889222251593083 0.9025110724880457 0.603869769211201 0.9044380120112726
9 1.0118971664948049 0.0503364508054939 0.997862786508108 0.1533073360356438 0.8932520620335254 0.13904934479488656 0.9072865729733621 0.036078612595969624
12 0.7520894989942235 0.35154152236161396 0.7952508533887794 0.35321236137569695 0.7933806793529357 0.4015209430900412 0.7502193251638118 0.39985010870432947
3 0.05450788930181716 0.8768830574028826 0.07758887604643405 0.8759645190803035 0.07884367415658744 0.907487469323417 0.05576268764696124 0.9084060037136423
3 0.11950643713555564 0.8641970645069302 0.14124070749323892 0.8776322221908444 0.09589006374051223 0.9509783054531663 0.07415591580320324 0.9375433077487468
14 0.06137783503618266 0.768489876459892 0.07382884224489317 0.7686769924090242 0.07352249915982156 0.7890578285234827 0.06107149196134287 0.7888707130269067
4 0.049570389575592344 0.8576098054192701 0.03162527958784267 0.8522751561042569 0.03751210283985529 0.8324770989407102 0.055457123495898486 0.8378117340875589
3 0.14977601676514496 0.981305931421832 0.15712182113816198 0.9813399151320487 0.15704060518055485 0.9988900646181132 0.14969480080821995 0.9988560809978433
13 0.21403061972137039 0.8659256326745534 0.22502758411042123 0.8646660707158974 0.22970866036359894 0.9055258854357017 0.218711697170761 0.9067854404018288
3 0.07156891898341655 0.5717778156300561 0.052862114834852036 0.5714426568553973 0.05342523321621684 0.5400185035997529 0.07213193783547922 0.5403536614826298
3 0.15060527749164976 0.39599305516093136 0.1707110133417018 0.3894958359403688 0.18759642102077123 0.4417452750762728 0.1674906955768165 0.4482424715299995
3 0.8818243617249664 0.9999999943790956 0.8702773740000112 1.0044077903537167 0.8675830001110398 0.9973515195523485 0.8791299640000716 0.9929437286356625
15 0.02584575048354054 0.4749141589724004 0.007552938633239137 0.4800988780338259 -0.0067137355016484435 0.42976592514372897 0.011578951902492918 0.4245812248046945
15 0.10458564710063456 0.33752314769171204 0.12001495207573498 0.3321952062788716 0.1335247710552494 0.37131714217781 0.11809547184384428 0.3766450716683248
15 0.8627627629808785 0.036703190837227624 0.8350009634872322 0.0612750085615602 0.7846551218776767 0.004393131515252268 0.8124169115856148 -0.02017867874803521
0 0.04935051923428091 0.9999999885681238 0.049351061670336094 0.9460539483216936 0.09765640158957467 0.9460544977964422 0.09765624584349553 1.000000149832112
0 0.21477025720582787 0.7542742628271938 0.2517998160319621 0.7569919920071072 0.2435179539221508 0.8698120279142976 0.206488399077557 0.867094336628516
0 0.2487432743342879 0.9999999998635812 0.24874330392253796 0.9897394848738422 0.26254763612371335 0.9897395244201213 0.262547627999993 1.0000000179249882
0 0.4601306863376067 0.6819974402732388 0.5080530394592415 0.69335299253652 0.4862460919651994 0.7853672183049017 0.43832377993237515 0.7740117858984148
0 0.5795214547212026 0.5913340383830226 0.6329757871316133 0.5688423618349776 0.6874510595019956 0.6982943659184574 0.6339969057804637 0.7207857316984625
0 0.628937517509371 0.8885971669356537 0.6795089080000025 0.8643482113943145 0.7044125797340257 0.9162725255008907 0.6538413121446638 0.9405212890869559
0 0.5630993035073288 0.44637670763295234 0.5656009539436582 0.3745674146984062 0.6659285159660158 0.378062325033686 0.6634273332693965 0.4498711633273504
0 0.9924192673197467 -1.0265695985546079e-8 0.99241927336152 0.04685157708211009 0.9031121478625437 0.046851567799235466 0.9031121570000096 -2.0620803252183873e-14