15 0.16772666911572287 0.45235879754887753 0.16538923772350245 0.45736986690179166 0.1528120521480787 0.4515035531605188 0.1551494846970627 0.44649248860635965
3 0.029398209422879518 0.31052647611783873 0.021774008311240323 0.3122521726307557 0.018581941804768576 0.2981498657142756 0.026206133065102222 0.29642417036033536
9 0.14521034832171154 0.44404342711416583 0.13956733409190747 0.42689379608099426 0.15838894083753985 0.4207009775955508 0.1640319666724963 0.4378505862373231
9 0.21889476661885965 0.43816243721410725 0.20417516998702467 0.438371275511199 0.20381773819599402 0.41317817182418354 0.21853728661540117 0.4129693338697733
13 0.2316715193097707 0.41156299956727366 0.24367560061432414 0.4211084453138104 0.23085650073051056 0.43722848840248624 0.2188524307963462 0.4276830553410982
13 0.19911976338607928 0.44817989957453147 0.19415176675875045 0.4462536629249699 0.19705374891248084 0.43876955775966614 0.20202174072619528 0.4406957933691829
15 0.26388766428340205 0.40494083758430904 0.2585114330478291 0.4232224514816067 0.24430019832459493 0.4190434344086281 0.24967643944785323 0.40076183749295524
11 0.2711526847714367 0.415840786090519 0.26861309104344855 0.4220687814605787 0.26330468330468193 0.4199042823142258 0.2658442778595145 0.41367628921998856
11 0.22672797429254388 0.44873707027193405 0.2213857621858324 0.44817043260457773 0.2222830811838321 0.4397111245707009 0.22762528720079445 0.44027776191265533
0 0.2635787412912123 0.43906212399760763 0.2722872253824562 0.4407596291804256 0.26977387624219773 0.4536527495324366 0.2610653925828501 0.4519552458652914
8 0.052096564999715156 0.31978326101560745 0.05777977842490145 0.3194825228403444 0.05837204997396839 0.3306746442728573 0.05268883656208345 0.33097538228118156
10 0.5655245713124941 0.35293701327765714 0.46069926640473113 0.3950248289070917 0.38400083845067456 0.203999564904696 0.4888245051039348 0.1619121166579308
10 0.5915229484529618 0.3538841254308472 0.610959693540849 0.33297363686255227 0.6456951621421467 0.365259772551337 0.6262584729530545 0.3861702068006391
10 0.6359797896321879 0.4593967318603196 0.6359802818935805 0.4073499707199046 0.7513284820707895 0.4073509832712462 0.7513283854052588 0.4593973362803361
10 0.9181504667474201 0.3772929713351702 0.7901794563543945 0.42139480444658106 0.7594046406238704 0.3320963083522 0.8873744889366435 0.2879946887652641
13 0.7788300468773741 0.45109157889279844 0.7791703206773946 0.4245369506113141 0.8173448173466795 0.4250260807465695 0.8170046120731058 0.4515806413112449
13 0.744239065419606 0.2661801863960022 0.7995257545796903 0.2303862282184719 0.8463034311333786 0.30263662205631636 0.7910168500571899 0.33843044633763625
13 0.5605517099079407 0.2683533114871143 0.5789407095302295 0.18358889118072205 0.6389908388113099 0.19661616588023942 0.6206020524775795 0.28138039852181995
13 0.5717521723946675 0.05127264624801617 0.5886622479591779 0.056415799588692486 0.5823083804699536 0.07730653298072365 0.5653983053707634 0.07216338074581331
13 0.6995505315871924 0.11923048114338576 0.7022398158155738 0.10454004493303086 0.7601562323180815 0.11514237340752949 0.7574669657595905 0.12983279381673205
13 0.7413485941742692 0.10751848968448442 0.7473747935725896 0.09503847691892556 0.7819277982007407 0.11172295905757901 0.7759016083573442 0.12420296363843746
13 0.8092101341850366 0.08244896961536534 0.82482767013596 0.08703778536464798 0.8193234083598782 0.10577089216966709 0.8037058729410091 0.10118207770974562
13 0.8247682871237885 0.05440153959755515 0.8419319639167497 0.05784909679630614 0.838803824641559 0.07342253132251404 0.8216401479766091 0.06997497465378778
13 0.9230071615313591 0.19290846584304486 0.931182108129974 0.19392260828153796 0.929390053715224 0.20836808585289343 0.9212151071986909 0.20735394386574724
9 0.678802402611268 0.41464039639003375 0.6853683627795135 0.35281411124408757 0.8200744306395791 0.3671190546291997 0.8135090182047406 0.42894483120850535
9 0.9447957589785574 0.4312816347894188 0.9579007045264234 0.4229056170620638 0.9696880025713881 0.441346734698549 0.9565830666275588 0.4497227402328544
9 0.6840459379166077 0.3045217395725563 0.6330806030135818 0.2973814225624582 0.6420176939828934 0.2335935996058866 0.6929827603458989 0.24073389738861795
9 0.7256119506633922 0.28722380688143045 0.7235652450107182 0.3257706783533795 0.6809570466726882 0.32350830878494374 0.6830038241701004 0.28496151284809285
9 0.72051898664688 0.27695568704047946 0.7212877737690633 0.2542760559588254 0.7424291877567839 0.2549926857542035 0.7416604206725879 0.2776722974707489
9 0.7568432401712926 0.2538541237188042 0.6917553125883842 0.21743301483072797 0.7509789662867661 0.1115964714387096 0.8160665420870146 0.14801745601380822
9 0.8550212720828085 0.1022785912093357 0.8778931295881875 0.13308442694343622 0.8498436251609292 0.15390971329046296 0.8269717911044836 0.12310389885608214
9 0.9223417865965757 0.1876413870227964 0.9091685070840185 0.178684314623258 0.925124479557212 0.15521789139390638 0.9382977449183727 0.1641749571341224
9 0.8939786687142259 0.11418077589951987 0.9067282129276464 0.0890463196753302 0.9496086775577623 0.11079751313606799 0.9368591575458822 0.13593194869127156
9 0.8936128474146017 0.08293378005278478 0.8806910128602112 0.09040527866609106 0.8722983551148218 0.07589033805181247 0.8852201856202555 0.06841884091058455
9 0.9758519204693812 0.0933359303944243 0.9787953666759677 0.08361911055790285 0.9899408001198253 0.08699530829372316 0.9869973557357525 0.09671212657468556
4 1.0000000269490101 0.3753491740139212 0.9874088139939659 0.3753491740139212 0.9874088473439997 0.32942367169373554 0.9999999987350066 0.32942367169373554
11 0.9308275002467781 0.414554861575266 0.9134593355295237 0.39088682068260033 0.9693186283815294 0.3498978005267697 0.9866867582987879 0.37356574573295287
9 0.9844058064707042 0.3728235391002178 0.9923854328825428 0.391903576996177 0.9707267271058981 0.4009612037933675 0.9627471317727441 0.38188119222895905
13 0.9341304995048176 0.4286180600776693 0.9519755586920837 0.43514981207617437 0.9432328305272222 0.4590339347410192 0.9253877770433974 0.45250219396071556
4 0.8960272007559524 0.11500488518762647 0.9306641475618562 0.11973119948688074 0.9255753477724511 0.1570244347862749 0.8909384015645401 0.15229812412992602
4 0.9665609572956555 0.16435729556125522 0.979793945732581 0.17612091521487058 0.9583956394191091 0.20019178625289585 0.9451626609896948 0.1884281771289691
0 0.9672797529283343 0.16587714533499895 0.9547385435483875 0.17858885168795013 0.939815810879395 0.16386638654173036 0.952357013742585 0.1511546869050841
10 0.916056495272187 0.24391898062192485 0.9231107912155494 0.24916683332809586 0.9103063466852745 0.2663785449817819 0.9032520545026728 0.2611306966553099
13 0.5164241010430715 0.4593967517401024 0.5164248970501149 0.3998039343888189 0.6504390088231276 0.39980527619164113 0.6504387320925389 0.4593975854449166
10 0.5770149717287723 0.3080501897822089 0.5088590075404227 0.3029793044363499 0.521652897626609 0.13103198864341645 0.5898080823241116 0.13610284487971333
13 0.4938526407319159 0.16824697585140885 0.516156933577463 0.09933435300857235 0.7027616039084705 0.1597303303087944 0.6804577144378072 0.22864260567816264
13 0.5818136814930313 0.11090394920549468 0.5881965414513388 0.0986103695709518 0.6153376464061466 0.11270205314885247 0.6089547939560589 0.1249956263544147
9 0.7676892731645921 0.11910828821896194 0.8137675936606001 0.09373676650811301 0.8537369870381326 0.1663265419545321 0.8076586982916751 0.19169801763557973
13 0.930291634225 0.4503895503801741 0.871722306825518 0.4899437599810646 0.8110731137929861 0.40014272945795615 0.8696418748869519 0.3605887805761402
0 0.15970444317952115 0.8763664014647342 0.18005243031598184 0.8755140269378019 0.18261288938083453 0.9366224902258591 0.16226490271242255 0.9374748575266943
10 0.11743969062013093 0.4593967153505262 0.11743973323677892 0.4856107273660624 0.10054408830262673 0.4856107317497656 0.10054407757490935 0.4593967517401937
10 0.13516081273758118 0.6100398467185048 0.14734375800401267 0.6078757758630415 0.15289192046907374 0.639106291701728 0.14070897690874062 0.6412703560316886
10 0.2247292913465344 0.6367128014756164 0.25440442555509435 0.6314416918235329 0.2698369505502569 0.7183115642285258 0.2401618290849683 0.7235826259476036
12 0.2169438973915021 0.9266539973816967 0.23841584554008932 0.9282364117507584 0.23416535838055097 0.9858958743707797 0.21269341170579992 0.9843134733302106
12 0.24197423641476234 0.8206398996065979 0.2636897188003786 0.819152590285198 0.26742610910014264 0.8736941153636741 0.24571062777431507 0.8751814142095531
11 0.2349187434980422 0.7393853250237602 0.24621256016462212 0.7386412011617169 0.2485395702177584 0.7739529210284616 0.23724575385028857 0.7746970418539273
9 0.2779997831452192 0.7561967430971777 0.3093811566898239 0.7546979441980585 0.313431973722345 0.8394966485557778 0.28205060125981163 0.8409954319877734
9 0.15064622883198808 0.5307359468583637 0.18060265629367223 0.5275667248724736 0.1899545369748239 0.615955001538478 0.1599981135627786 0.6191241989489987
9 0.09108445675190069 0.9278669141318834 0.07733170334336137 0.9303095098751998 0.06409663856300085 0.8558086739123886 0.0778491124234506 0.853366103776244
11 0.12814158043295265 0.7416559957146169 0.14227550167049685 0.7402195701637092 0.14616225931206372 0.7784572660461355 0.13202833905381794 0.7798936852105635
11 0.3482809795856383 0.7088400998132857 0.33770903536264996 0.7073263278738499 0.342421442289492 0.6744207100947033 0.35299331383305343 0.6759344767615971
4 0.18885983835991738 0.7556054549732072 0.2242895380745722 0.7517123415637619 0.23978878152445304 0.8927372668675376 0.20435909306570466 0.8966303114609881
8 0.23967277935116726 0.5650819377477863 0.2271569988866986 0.5641593950683426 0.2298775297784914 0.5272549535772173 0.24239323346364472 0.5281774934144742
8 0.2780129887402154 0.9680957601585763 0.29009925589696195 0.9677587163932463 0.29099683962908784 0.9999363126508675 0.27891057254203133 1.0002733547880203
8 0.32081926231785474 0.9285860040583611 0.33253123378176497 0.929449141747185 0.3296895522136083 0.9679976327777303 0.31797758128368514 0.9671344999109648
13 0.3372372034930322 0.6340583262326247 0.3279719590560717 0.6346005374337783 0.32518364415113865 0.5869588902740459 0.3344488065150699 0.5864166814815192
0 0.2008115136259221 0.6106960122950414 0.21912770482015276 0.6108136890486057 0.21853545399233099 0.7029847999157474 0.20021926280537627 0.702867124249579
12 0.2851846337767938 0.6806519235237185 0.2651543149004283 0.6835401617630148 0.2558545530611127 0.6190526170212768 0.27588461617688154 0.6161643975733337
12 0.32210308816195266 0.618313740997918 0.30334935151631726 0.6169314215477026 0.30699130948767106 0.5675280446295238 0.32574487794579454 0.568910357829827
9 0.5749495634991035 0.9730390332589316 0.6084752911000351 0.8685456327449861 0.731133310484438 0.907889298331007 0.6976098541306328 1.0123807618605867
9 0.6073929988349391 0.8477297779167147 0.5595152979418572 0.9543017411603961 0.3688296366181021 0.8686517845471453 0.41670814131941825 0.7620827411462697
0 0.6443656824226309 0.7649250087085829 0.6890404408022732 0.731400830353692 0.7631771716040703 0.8301779271954285 0.7185028520864307 0.8637015991911653
0 0.6982337853735316 0.6445597922321458 0.7253293140902315 0.6231028587252485 0.7827980364930909 0.695664044546165 0.7557026891759051 0.7171207758187848
0 0.6461143361176482 0.608002255059053 0.6452149717490556 0.5874194713138411 0.682122990428411 0.5858069239208528 0.6830224206921685 0.6063896385134498
0 0.9168528472786193 0.9542224781409597 0.8578272558464732 0.991788368266493 0.8167232831052615 0.9272201795720467 0.8757479045109449 0.8896547004180385
4 0.8559486227087518 0.8259763704214719 0.9035845671154448 0.8562379345790392 0.8714000689557224 0.9068890737779389 0.8237643107013355 0.8766277488877204
4 0.7609560111900464 0.999999922975509 0.7609567330916889 0.9492835814947014 0.8383123234741561 0.9492845630075578 0.8383121831803919 1.0000003218251108
8 0.9587879746790122 0.7673739447453584 0.9352715940009375 0.7783833930499912 0.921676259211381 0.7493484697038195 0.945192491396142 0.7383390621120752
8 0.9835537590142849 0.7643115744017291 1.00018829917542 0.7645209019592961 0.9998226901204816 0.793569278947198 0.9831881499735573 0.793359952110665