12 0.07574221282914095 0.05611888264410183 0.10986909748919516 0.025390947863662236 0.14401125295910333 0.06330969126909423 0.109884382719315 0.09403761136549782
12 0.14390782634905008 0.12343174803291151 0.16287261496097472 0.07618736757239829 0.2189750757601132 0.09870788728847148 0.2000103446511048 0.14595221877192682
12 0.266368462916148 0.15692859164390746 0.277792988835472 0.11964547205968351 0.34361081387282866 0.13981364331689233 0.33218635657055984 0.1770967040084747
12 0.40828000419844557 0.11029953671143256 0.39329132282136925 0.1095140147012021 0.39563459663133926 0.0648018879275227 0.41062326046801445 0.06558740948276004
13 0.3903040442208976 0.001322720114256645 0.4020553356887149 -0.009258189167572818 0.4244396474578025 0.015602110233738599 0.4126883565326125 0.02618301902238552
13 0.3000716801930139 0.11918836962224763 0.3082625920372948 0.10379454767187951 0.3526272862352471 0.12740048815732533 0.3444363914139785 0.1427942955072859
13 0.15327539507677557 0.03681703099680927 0.14250121830764328 0.006177926374343006 0.20742185296694515 -0.016651276037795787 0.2181960300180208 0.013987821073553536
13 0.2611702423304223 0.10205105970717807 0.24884387172221523 0.11619362854513578 0.2146186841529243 0.08636373782422974 0.22694504817798133 0.07222117851810383
8 0.1296689624384726 -5.610212938092763e-11 0.12966896249008641 0.009332040028602048 0.1144135997022886 0.009332039978276313 0.11441359975367504 6.5785300931052034e-15
11 0.3310393568373229 0.06339692019051428 0.33800873967845746 0.04613736732729455 0.36143667897385967 0.055597526382763794 0.3544673007691017 0.0728570753282406
11 0.23174299445815905 -2.943153296783016e-11 0.23174299454421998 0.010050437215908247 0.21555328262388684 0.010050437179844687 0.21555328266185825 5.88787450763166e-12
10 0.9014813719212498 0.19950738916260402 0.9014814910485711 0.17112542016449378 0.9967142150717336 0.17112571456171186 0.9967141719741903 0.1995076090785457
0 0.35271947393823666 0.9775318507876227 0.3663436793360688 0.9784277219947489 0.36486582947941315 1.0008958681694313 0.35124162438421536 1.0000000000000007
8 0.3701203321261346 0.8763501008760344 0.35874178039512117 0.8761490300208307 0.3604646603805577 0.7786795100484596 0.3718429333654285 0.7788805784450216
8 0.33530287033943296 0.8262512244421348 0.34847033433175056 0.8238440175397603 0.35304235423552655 0.8488477482289861 0.3398748923606263 0.8512549473201544
8 0.3349631151089625 0.7993759563514623 0.34787182667309935 0.7980069227416262 0.35001295670679156 0.8181917889487573 0.33710424568027975 0.8195608191345641
12 0.37659602010671733 0.5099616978062298 0.3560640614575732 0.5095988300621114 0.3571471828756785 0.4483207860283175 0.3776789562674594 0.4486836521254754
12 0.32018540632350323 0.3964256193163743 0.3605172921580788 0.3980560989637342 0.35512590668042776 0.5314103722179233 0.3147940215632161 0.5297799079144146
12 0.279651315251499 0.4477141451249507 0.3019788405924828 0.48417357226205693 0.25115290966880366 0.515296665123202 0.22882556695628864 0.47883739741519
12 0.21805551988802563 0.417708677212654 0.21906248465882072 0.35754312122294607 0.25108155074372007 0.3580790340073845 0.25007470261243725 0.4182444732865307
11 0.3466734844432722 0.6197154876945231 0.30677139936005915 0.6085908215532175 0.3301065580586737 0.52490195201427 0.37000806579897016 0.5360265322959554
11 0.267380647831601 0.5410159253174119 0.2795354788300983 0.5413509951188219 0.2787176770516453 0.5710144187684437 0.26656284608759506 0.570679349809574
7 0.22142224406559308 0.49438781601571113 0.23533503120552268 0.495358635824853 0.23336643633467702 0.523568306300425 0.21945364940143008 0.5225974886187054
7 0.274797057099363 0.9757947543986256 0.28294861982055863 0.9760333310896363 0.2822412408557966 1.0001955381022918 0.27408967817154917 0.999956962279271
7 0.2880577185864013 0.9115163344261887 0.2974124029373115 0.9111926160530351 0.298212467250778 0.9343065939921641 0.28885778295682485 0.9346303113125473
7 0.3099072532803575 0.843553943385048 0.31826670037446547 0.8430507150541681 0.31966385236398764 0.8662545680763457 0.3113044054096008 0.8667577948836908
7 0.3011543905487315 0.7771935754315402 0.30932571992320845 0.7775468657367544 0.30838217098198584 0.7993663151260796 0.3002108416652618 0.7990130257470202
7 0.3001199813627409 0.6851659457725227 0.30809483683992767 0.6857151119332795 0.30669646604781065 0.7060189337435862 0.29872161068999503 0.705469768767105
7 0.3268084106052811 0.8581867938540421 0.33435862135274874 0.8580278790024187 0.3348031835301981 0.8791446687493849 0.32725297279739607 0.8793035831569187
7 0.35221135670940384 0.8697799706600575 0.3603209984040632 0.8706357165313482 0.3581658219455903 0.8910548651954838 0.35005618061768473 0.890199121680623
7 0.3698478548494677 0.8917593129547823 0.36339214514521245 0.8916452381058839 0.36363685139656354 0.8778008897562084 0.37009253702899514 0.8779149643924733
8 0.29488898754846105 0.6292534208473846 0.30235423630858804 0.6292708114785799 0.3022691209475852 0.6658035407179487 0.29480387218768556 0.6657861501494624
12 0.3138293223424853 0.5067804740944076 0.33477494683029363 0.5108908553906131 0.32727257468684456 0.5491181125877622 0.3063269538148461 0.5450077442081979
7 0.3573518518887795 0.5121890063579914 0.37171059898309977 0.5160969555288826 0.3651313410820194 0.5402687051726885 0.35077259703905384 0.5363607638492977
7 0.27725038013136327 0.5030703309533338 0.2909578719641104 0.5054242978896327 0.2862410180317738 0.5328889989640041 0.2725335274923282 0.5305350372045609
7 0.3027159793014107 0.49050211948803013 0.28917398474334277 0.48558794280723827 0.2987541966185745 0.4591896582831232 0.3122961412530003 0.4641038249943917
7 0.24245097287894168 0.4280069713277865 0.2564749062546525 0.4292595845842393 0.2539721666482819 0.4572779564616516 0.2399482335816856 0.45602534558276286
11 0.2079122981422188 0.5133823468541815 0.22701036214618853 0.5116272257703034 0.23184182241584494 0.5641954319053067 0.21274375946609325 0.5659505453723757
12 0.8863528987276368 0.9998356344479297 0.8596091512088151 1.0022522994987042 0.851748145328088 0.9152799408935025 0.8784912224616619 0.9128633061149737
12 0.7379283031250452 0.8206572269162119 0.70747462590748 0.8124398742386382 0.7259210289920475 0.7440911458989092 0.7563742177341055 0.7523084288907997
12 0.8431810786515825 0.7533862397876874 0.8088048859783612 0.7459156705622872 0.8259425974471242 0.6670693957047577 0.8603182134386316 0.6745399002195192
12 0.6568900320087323 0.9396318278427527 0.6215455449452065 0.9317276035738682 0.6373673688266308 0.8609984998761763 0.6727111789650735 0.8689026455597452
11 0.6009995250996099 0.5790269904538202 0.6417125248342472 0.5841242834799518 0.626851701230521 0.7028060394341188 0.5861387124634803 0.6977088060220321
12 0.9093828874306382 0.7632651884541515 0.9080865868321553 0.7632358275095295 0.9085193942462411 0.7441306341371081 0.9098156891692497 0.7441599950175092
11 0.7424425076605985 0.6890028126145041 0.7708354773017163 0.6979001368814233 0.7535393723059087 0.7530864709252603 0.7251464279314632 0.7441892032061492
11 0.8288480711827333 0.6289003905529684 0.8024190171049668 0.6203187429430814 0.8314359154052227 0.5309651032357946 0.8578645575399833 0.5395466780109741
10 0.6983853980761978 0.5783707459222737 0.7219901912021669 0.5894541599100818 0.7063436069845466 0.6227736571529893 0.6827388373035319 0.6116902804899119
10 0.7522296151590808 0.36595951856515324 0.7700318584428487 0.37284208384834744 0.7536110936828209 0.4153136105845779 0.7358088603236865 0.4084310638976539
10 0.5913179911988209 0.49160857881097253 0.6127745366970885 0.4908887707664557 0.6143599234950443 0.5381433791214113 0.5929033781482076 0.5388631845005034
14 0.6464402856880724 0.8206324217776659 0.6208075865795308 0.8243183092123139 0.6128247839733376 0.7688134224485182 0.6384571398391472 0.7651275601061504
8 0.6336050993543267 0.8124179826292646 0.6517020740377575 0.8226451070864886 0.6323744228228634 0.8568382687541896 0.6142774850470687 0.846611195401506
14 0.7135300988685458 0.6987097528975079 0.7338379413291705 0.7106892007698192 0.7110839341058863 0.7492561629987239 0.6907761355894309 0.7372767742405202
14 0.7022796694192266 0.5288231148756763 0.7115974300827475 0.5311764828674198 0.7014783184112048 0.5712377411034781 0.6921605607094534 0.5688843812609852
14 0.7150005364330809 0.5222100693179336 0.6965782899286523 0.5295602887799821 0.6815543824961878 0.49190791335459605 0.6999765265765063 0.4845577168036025
14 0.857670355830578 0.5842659149683127 0.8706714392213826 0.5874427000940026 0.861113473115438 0.6265546338852849 0.8481123938852306 0.6233778605458979
10 0.9179343939694036 0.3857766151590311 0.9165903271938305 0.3857461684227705 0.9169747092450962 0.36877849972202487 0.9183187733990508 0.36880894642857126
1 0.890783923777235 0.26415282388596834 0.9106348980551502 0.2590938400293004 0.9189806621304797 0.2918410876022813 0.8991296905631998 0.29690006420936194
10 0.8717829033324733 0.27083944898998025 0.8809021067063441 0.2757332683572635 0.8659960176223649 0.30350876197457366 0.8568768189128377 0.2986149493606632
10 0.8270578545300395 0.3772573956486105 0.815216639885989 0.3693521179369364 0.832366688160846 0.3436643399848593 0.8442078732758773 0.3515696041828863
14 0.8232974957907118 0.2751024172636305 0.8378266816001769 0.27482485787092664 0.8387702068297358 0.32421354779178774 0.824241021037551 0.32449110656044294
14 0.774173983777132 0.1990670008244068 0.7891051833913707 0.20739317210088512 0.7691000957179313 0.2432674592009239 0.7541689042661801 0.23494129949787299
11 0.8860867898756624 0.3054352675627859 0.9134538737919229 0.31745673989942996 0.8825992544734618 0.38769525147446776 0.8552321996710361 0.37567382811072453