12 0.5312500477265303 0.11163376911544229 0.4531249736977543 0.11163376911544226 0.45312505010565474 -4.969616689786745e-17 0.5312499753041493 -2.4848083448933725e-17
12 0.6020143652207253 0.18380045834371442 0.6750092858247854 0.23248717136081445 0.6113174625284046 0.327976830631452 0.5383227124792711 0.27929033539435344
12 0.49786348076372633 0.36586538625087445 0.5809187332613419 0.3848001598449041 0.5499890538970931 0.5204619045675758 0.46693385867661164 0.5015273089345652
12 0.4553425467031502 0.6631966273697478 0.518852542693935 0.6737852025064811 0.4918270051110767 0.8358569979039202 0.4283170563164731 0.8252686214378422
12 0.5428917030000093 1.00000000000002 0.5428923832776036 0.9604565480954669 0.6172861784938277 0.9604576505820782 0.61728593799603 1.0000006623336573
4 0.6015625 0.06749078860569716 0.6875 0.06749078860569716 0.6875 0.21668853073463268 0.6015625 0.21668853073463268
4 0.7821960059831099 0.29225639223039596 0.7941037487333915 0.305231791574273 0.7721544705937049 0.3253744073581749 0.760246746570715 0.3123990261598267
4 0.9656395723300193 0.5871383886787835 0.9044761984984007 0.6129987965735539 0.8093574228812486 0.38804562737346604 0.8705188019999923 0.36218570464769034
4 0.9081612078410899 0.7771798573155635 0.896847297189538 0.7822377800144739 0.8775287459122865 0.7390322284647334 0.8888425492079932 0.7339743335373592
4 0.8898844712546179 0.7331336603950909 0.9006591488127924 0.7288223805150715 0.9169506380786743 0.7695309154762793 0.9061759724330614 0.7738421737553111
4 0.9424903874059964 0.999534545543234 0.9293296117062937 1.0049329577971924 0.9117421597129578 0.9620689685261815 0.9249027739999747 0.9566705937031624
4 0.9241904053033068 0.9527989532163825 0.9388435243597542 0.9470114839965015 0.957692684027279 0.9947214980390476 0.9430395890497039 1.0005089231593618
13 0.7013273822495876 1.016942116606942 0.6761009729356147 0.9977015485280736 0.7320814403148006 0.9243268628735013 0.757307390793585 0.943567168454631
13 0.7544146352627195 0.9735397589635026 0.7778179228971567 0.9675496474123406 0.7848733412214415 0.9951070140004292 0.7614700630156221 1.0010970999890223
13 0.5201987089619706 0.7353492872434803 0.5486889294903676 0.7442157023721819 0.5136161446955612 0.8568929600100009 0.4851259803259609 0.8480266716227726
13 0.6399397533026558 0.362257426171873 0.7017963729152825 0.34527480109755143 0.7439585604670356 0.4988364087660209 0.6821020130263378 0.5158188571317011
13 0.7830829463570126 0.3522213512446437 0.8238668420123076 0.34616741044445354 0.8436905055609714 0.4797080414444545 0.8029066221081393 0.4857619303862046
13 0.9028878110735832 0.34910755249153125 0.9547006433606384 0.33874419472694123 0.9800655765117199 0.46555323097150847 0.9282527688518485 0.4759165048669228
13 0.9392624772131057 0.8999510887304927 0.9434145443293573 0.9141119995148681 0.9252738771010627 0.919429568921429 0.9211218533848751 0.905268695209283
13 0.54985668628035 0.6285533066492577 0.5194538800640203 0.6126688687284185 0.5651572987634381 0.5252020324375698 0.5955596681906172 0.5410863314575611
8 0.713176528629333 0.3116730304481449 0.6762679618085485 0.29837919549419667 0.6962129432131405 0.24300624696325646 0.7331213424894258 0.25630004862442946
8 0.8865542608145915 0.27989000725343777 0.831910608429439 0.2797539914791525 0.8321117508615998 0.199017296795247 0.8867550829322681 0.19915331217210522
8 0.7804458783623431 0.5104010116852642 0.8062598146806295 0.4896252075231501 0.8438385173966481 0.5363129928568714 0.8180246702999057 0.5570886980401364
8 0.7894413435022898 0.6700025210354681 0.7665507404149139 0.6559225192378855 0.7980550669676632 0.6047108955038754 0.8209454633489486 0.6187908139964228
8 0.7879283737074729 0.8581047459357231 0.8016857820723544 0.9334311905224162 0.7484789020912785 0.9431457865445411 0.7347221261425148 0.8678198983911752
8 0.9453125 0.8025754947526237 0.968201736 0.8025754947526237 0.968201736 0.860897676161919 0.9453125 0.860897676161919
11 0.6128090697952757 0.8058403776677746 0.6431776616852858 0.8128090791810495 0.629744361969415 0.8713370408316662 0.5993757879995201 0.864368392814236
11 0.68546837088536 0.5205991885074094 0.7039681117709051 0.5083335335654146 0.7278569322486419 0.5443609492601741 0.7093572261090912 0.556626561152513
11 0.7549698789484864 0.6149269425102978 0.75496997681023 0.564951960203486 0.785156237085971 0.5649520497886724 0.785156274767246 0.6149268963596359
11 0.8067698018189731 0.8170374120666375 0.8265334146117311 0.8149787034579166 0.8300551459990402 0.8487802770509812 0.8102915345891688 0.8508389767805056
11 0.8336055164207892 0.9242347446007412 0.81982792096494 0.9281505076890587 0.8132306803561278 0.9049439328918756 0.8270081885510763 0.9010281829669955
9 0.844725445999984 0.9999999999999688 0.8447257941887756 0.9639428460378258 0.8847502123974209 0.9639432008908976 0.884750080119602 1.0000001394508546
11 0.8021482170763647 0.27569319617827837 0.8276079169966124 0.2731984757623854 0.8317354062970708 0.3153202118530557 0.8062757070953239 0.3178149275152108
15 0.850395862725577 0.809181834254833 0.8585656201069014 0.8092576309538293 0.858346208537796 0.8329021172058062 0.8501764511594274 0.8328263207308749