12 0.1303611694651181 0.009739212778108634 0.18021863210037736 0.010394302637792828 0.17892988410380894 0.1084780231799556 0.12907242141977804 0.10782293392632496
12 0.24302847936007765 0.23808401176022093 0.18893070412366342 0.2515294269011982 0.1644582651449582 0.15306489989601316 0.21855572410515833 0.1396195261517995
12 0.2774555428752592 0.468517534022383 0.2364349178521934 0.4764661554687214 0.2148930471356607 0.36529895673192175 0.25591310595439154 0.3573503911822838
4 0.14364642693772112 -2.62902824878045e-9 0.14364643004932987 0.03905720816161823 0.08990902370294407 0.03905720512255049 0.08990902668358558 3.3650517010718495e-14
4 0.027011181933858097 0.11608516038016087 0.03629650720108657 0.10750808902736687 0.050097207422822976 0.12244832398033012 0.04081188520069645 0.13102539216572512
13 0.23445653054579907 0.4690665055360318 0.21565751361356433 0.4751659774607955 0.19825126670116333 0.421521756801802 0.21705015040618036 0.4154223082366214
13 0.10641375194518332 0.26637235227939976 0.06669208822552264 0.25939236055204107 0.08770998015472742 0.13978659352693246 0.12743136101573782 0.1467665602958397
13 0.028846205904301314 0.255842525864393 0.002914341118412267 0.2539129337841068 0.010544182903686306 0.1513780481775048 0.03647588284570702 0.15330763409227505
13 0.16026321652896058 0.273140297014132 0.18103480951151596 0.2622335571365354 0.21344902480166184 0.32396396642455905 0.19267745488843957 0.3348706717932961
8 0.06399276057231873 0.07468694925385312 0.08854430440544547 0.06560535942971212 0.10287526968465954 0.10434820066238434 0.0783237286016174 0.11342978533017059
8 0.022378337849659147 0.3098927880151812 0.003835611875615541 0.299350078947454 0.02613150105605655 0.2601366671802694 0.04467416995794338 0.2706793559043589
8 0.02077545075019316 0.3547714800468089 0.03663044767597512 0.34499088266591593 0.05950275162365415 0.38206690945538324 0.04364777284797583 0.39184748292157234
11 0.09090254773389006 0.29916569069897325 0.07808839326935413 0.29316310934927736 0.0919445214362895 0.26358417698588177 0.10475864542422642 0.26958674998121424
11 0.042943230842979574 0.31167730165923074 0.06214821677212967 0.31073367827539217 0.06404369877759564 0.3493100118674116 0.04483871297668429 0.35025363341702015
11 0.02050692493526185 0.1304014346434035 0.004339641813089656 0.1298687308571978 0.005413652062657093 0.09727351811142727 0.02158091691046593 0.09780622159623466
9 0.6648883318325716 0.25767518290794195 0.7143489896704978 0.2208081126653706 0.8193350835034607 0.361653240640753 0.7698746898244053 0.3985200039742904
9 0.8012263748412352 0.42907207239816475 0.8251874717715282 0.41644406919216104 0.8441863335569906 0.4524915345932822 0.8202252601336113 0.46511950331861346
9 0.836727020330386 0.4556769106335172 0.8347625184723029 0.43735100527715765 0.8590720321383287 0.4347452292578494 0.8610365606000414 0.4530711040390706
9 0.5193581551370698 0.278064396227457 0.5150102885355636 0.24753362969475387 0.5314011925293016 0.2451994657672703 0.5357490757969572 0.27573021200048276
9 0.4621304093628851 0.24550894495528702 0.4292648928537801 0.24632715776689582 0.4265710948678816 0.13812151318287116 0.45943640438690636 0.1373033029427193
9 0.41373564347247793 0.4484857959616392 0.4211366943034136 0.44795735124544167 0.422129189694715 0.46185672164620506 0.4147281389192585 0.462385165851644
10 0.9574074371834058 0.29827310355162245 0.9007637733692491 0.34251033341629966 0.8120005088242124 0.22885528799227722 0.8686437481220537 0.18461831104138285
10 0.8826660651747034 0.09063602290725131 0.8644842247018687 0.08644921008834504 0.8695545952273278 0.06443045872883371 0.8877364262292531 0.06861727040225025
10 0.8245514251848363 -2.8561460683861855e-8 0.824551455024789 0.09524711955651192 0.7349908349634688 0.09524708785033056 0.7349908673380696 4.2060392101828645e-9
0 0.8797228289249688 0.45106798884173444 0.8759722089494062 0.41607865131936056 0.9626321759204757 0.40678970557064104 0.9663829704068121 0.4417788406952978
0 0.669579073871887 0.46945701348396995 0.6695791004874536 0.44705428658645113 0.6816388660554367 0.4470543075887285 0.681638858322799 0.4694570155300175
0 0.5581932718315556 0.4482232679749206 0.5704164652519239 0.4460253285121316 0.5745655026123586 0.4690975209209776 0.5623423101523031 0.47129545678092627
0 0.5430519531133768 0.3874416710127139 0.5311274528863805 0.3935710244027288 0.517087213069999 0.3662572578198862 0.5290116786151202 0.36012791519838444
14 0.7774806976869968 0.3701412923250637 0.8108305459237499 0.32680671839252895 0.8900765740376073 0.38779112985017705 0.8567269997205358 0.4311254525680634
14 0.8490349602818696 0.3270751326883059 0.8135166566997896 0.3290784081819846 0.8114158300548979 0.2918305934493417 0.8469340095373354 0.28982732145441953
14 0.806543708494246 0.2520965312408401 0.8103779100030124 0.28786413059668736 0.7728280049620935 0.29188923733810224 0.768993864319782 0.2561216935806308
14 0.6880435749615117 0.17891675310318503 0.6941681710053444 0.2092929665091654 0.6592053536959384 0.21634221183716978 0.6530807946965069 0.18596603066395875
14 0.6834528570200291 0.07997445013962302 0.6972543797010076 0.12035290037721524 0.6471011515305918 0.13749537735548759 0.6332996704823017 0.097116962410412
14 0.6345840304315971 0.4694570134115856 0.6345840441986184 0.4592541137282514 0.6484414310331204 0.45925413175459145 0.648441427271905 0.46945702141619083
0 0.6592570228741579 0.24079566446002182 0.6443732630643808 0.21508571963991796 0.6654649044290863 0.20287573580134874 0.6803486641480276 0.22858565932308073
0 0.6249013408543078 0.23989945663291018 0.6177857653816545 0.2110092203251202 0.6421077087100002 0.20501889421552338 0.6492233004933041 0.2339091058212853
0 0.5690261698390486 0.10874948912012118 0.5728816800867662 0.12858945756430581 0.5476051316071562 0.13350142676076607 0.5437496320200808 0.11366146759478242
4 0.7994312099444869 0.19532444132957777 0.7575359465801057 0.24481027489442037 0.6859032626382486 0.18416576332557658 0.7277984413692593 0.13468006293409854
4 0.6916475141931642 -0.00002173317797510655 0.6984602655103345 0.06353353749624038 0.6184268078702644 0.07211261681607206 0.6116140872399001 0.008557373564221376
4 0.6819927607517684 0.27287972559493995 0.66262121331863 0.2914420148407402 0.622803828264523 0.24988951305267204 0.6421753296144743 0.23132726539896709
4 0.6245116492098077 0.3590055893162478 0.6238836869306397 0.3710171602647764 0.6109022515764764 0.3703385118210907 0.6115302220374588 0.35832694952918986
4 0.7067053590607202 0.44217993299420827 0.6847083092231969 0.4200986777609244 0.7128416833112396 0.39207411759201083 0.734838677847165 0.414155317155088
4 0.6942772499085095 0.47094664936105723 0.6910505986425051 0.4408469239726887 0.7213247958765123 0.4376017763319608 0.724551502687973 0.4677014380198949
4 0.48655461563600966 0.35636994832093055 0.5180735430673167 0.36249172596918044 0.5093643765064826 0.40733026796675226 0.47784545365414033 0.40120850659626867
0 0.07533742486828032 0.6464442945480695 0.0351074114421408 0.6405603560941581 0.045665994033583956 0.5683787214125314 0.08589547416647747 0.5742626202955142
0 0.022021163022031942 0.8496870748646037 0.03609138164244996 0.8542926834889515 0.01739654153993797 0.9113924186620324 0.0033263400464420556 0.9067868471407251
7 0.04713891129915737 0.776584116689334 0.0030734295387446764 0.7732138999147758 0.009974973234079698 0.6829975403353676 0.054039580351172845 0.686367723712628
8 0.1280026193546746 0.9169137418107053 0.009833364371729658 0.8197452932649136 0.13318642470983377 0.6697644779982715 0.25135230434352707 0.7669307028441983
0 0.6513380935934947 0.9645024796118778 0.6230035030642966 0.9635767927584288 0.6248935745796871 0.9057453039312914 0.6532276978756499 0.9066709831405593
7 0.6173158811732264 0.8543812046684625 0.5655730980495264 0.8518663739951553 0.5707860860765095 0.7446440099676992 0.6225275523631808 0.7471588091259397
11 0.8265777019537381 0.6656819334679138 0.8750395592828681 0.6662400794329888 0.8711899037268722 1.0004297825071742 0.8227280468453273 0.9998716596881373
11 0.8026977915072848 0.6256451534308248 0.8550468339254849 0.6273842014486763 0.8426084544686319 1.0017389683466011 0.7902594155018505 0.999999999999999
0 0.678720854966059 0.7209323193703172 0.5198963028138905 0.7185610107140302 0.5236545683120539 0.46708783552430994 0.682471862133184 0.4694590898340462