4 0 0.0976980234375 0.0021349791666666665 0.0976980234375 0.0021349791666666665 0.129677337890625 0 0.129677337890625
4 0.024140355738040853 0.2646872391418438 0.045234531818323376 0.236562439378707 0.10039076953387394 0.27792985221278266 0.07929668113615662 0.3060545719501064
4 0.125295697316119 0.0223674242521774 0.11256877990774683 0.04039761563284346 0.08064877668778081 0.0178663384119193 0.09337569331410123 -0.00016385077025489762
0 0.13480219339123778 0.07180342821012843 0.16506155416834645 0.05463743125971874 0.21984445038822287 0.15120569103575435 0.18958511318783167 0.168371655513058
0 0.14408048256098027 0.05420810404463808 0.15317132265647615 0.04709824028570694 0.17025899702150582 0.06894692229126899 0.16116815855423283 0.07605678419376409
3 0.12615585203582214 0.030617147937796834 0.142824256474114 0.04384804093162085 0.12207605260982746 0.06998680226691695 0.10540765109760741 0.05675591257848056
3 0.20638020833337123 -1.861898535309871e-11 0.20638020835644966 0.005357378895788521 0.18257551039152986 0.005357378867038526 0.18257551041665465 -3.501094957954762e-14
9 0.3512351927927284 -3.815287039874453e-9 0.35123519605576803 0.045167247745505956 0.29657283627966535 0.04516724280691862 0.29657284114580307 -3.9061187181723816e-14
9 0.36328124833698894 0.04294432987900691 0.3632812584688736 0.08981933872628915 0.33433583292799085 0.08981933371198488 0.334335836387595 0.04294433827821666
9 0.32517486358335645 0.10857938729386649 0.3207909403430449 0.13439186548375068 0.28978029020436225 0.12912510575692907 0.29416422500025874 0.10331264216574819
9 0.8787207674916999 0.13018940664531628 0.819898520481388 0.12860683865880146 0.8234001951353775 -0.0015436081785366682 0.8822223077492026 0.00003895813857113544
9 0.7353373855733025 0.37656704428196214 0.7747898565029345 0.374607685188569 0.7803034771555986 0.48562076036040436 0.740851007319975 0.4875801052069977
8 0.5848055423138021 0.08067889439226769 0.5434697737142642 0.11925890100563856 0.48443067064113166 0.05600270240716411 0.525766393443746 0.01742273440538474
8 0.7606309622350409 -4.928963951800012e-10 0.7606309624725327 0.022440433641386835 0.7373352741118424 0.022440433046140355 0.7373352747396211 -2.3352539426351028e-14
8 0.7322346526477759 0.08613305800965242 0.7655726792897894 0.08063726967174129 0.7818535113142389 0.17939806492552487 0.7485154876437718 0.18489384221125707
8 0.790058298871827 0.4985053564473559 0.7727081477169122 0.4983576083191592 0.7733004844874358 0.4288133128579121 0.7906504665935472 0.4289610602701786
8 0.7500000859238298 0.7372493496093753 0.7363249113141137 0.7372493496093753 0.736325000616489 0.67578125 0.7499999956997954 0.67578125
8 0.6800212468145901 0.4112956437190228 0.6654249698875674 0.41163403024790235 0.6644232424163192 0.3684246549453295 0.679019445042627 0.3680862692734582
8 0.510929825771882 0.33735530864520064 0.5107000571199478 0.35943919885703773 0.480094306277806 0.3591207340079408 0.48032411038695955 0.33703687959119777
8 0.46202825294506056 0.2361801841950239 0.4513842162174342 0.2585227239860612 0.42273512425913395 0.24487444571834852 0.4333791667438618 0.22253193174949923
8 0.4183977081765988 0.13065368699951987 0.42837642652830255 0.10825414630579425 0.45428743730110455 0.11979712936762031 0.4443087331890183 0.14219665797266998
8 0.2191853786619049 0.04124470536003606 0.2232442104702841 0.019278994494109258 0.2463100400195799 0.023541105530730643 0.2422512110840671 0.045506813871029735
11 0.7011712486979604 -6.003799746700925e-13 0.7011712486985289 0.002795818359419352 0.6978083658842706 0.0027958183582401518 0.6978083658854075 -1.0779991578146395e-14
15 0.6786869348809432 0.0890330648145567 0.6526055345459554 0.09144534775631348 0.6492365068503432 0.05501964261173619 0.6753178864370284 0.052607360633227934
12 0.7304687539400447 0.077709865234375 0.7176275348119816 0.07770986523437501 0.7176275401699286 0.031249999999999983 0.7304687497348823 0.031249999999999986
12 0.7460937843873126 0.31080587890625 0.7262380719345174 0.31080587890625 0.7262381273384335 0.254727443359375 0.7460937443049716 0.254727443359375
11 0.6953125 0.330078125 0.7109375 0.330078125 0.7109375 0.363798595703125 0.6953125 0.363798595703125
12 0.8126299864342172 0.5601854402911758 0.7870666080434603 0.5611266439466439 0.7840198582827043 0.4783778448415751 0.8095829061562654 0.4774366472276641
12 0.7735573691127229 0.8510221676556559 0.7514196801249682 0.8513433250683923 0.7503381459926004 0.7767927372863036 0.7724754276537169 0.776471582819667
11 0.6938093012788613 0.46131144311595096 0.6823741375757209 0.46141632913615493 0.6820722038755775 0.42849748641974295 0.6935073165346921 0.4283926006337336
13 0.7038550700193582 0.3054795519067276 0.6861576935979201 0.30435126115584893 0.6926620679430471 0.20233276604541509 0.7103593038182225 0.20346105228002861
13 0.7309087805606396 0.21972759919980037 0.7179423778974297 0.2191103806474366 0.7206162175559712 0.1629400036306553 0.7335825784170993 0.16355722119628138
0 0.3552579374221523 0.01629643605951652 0.3647954144173582 -0.009939623244032676 0.4210683429786286 0.010517021424217676 0.41153087007262457 0.0367530770833448
5 0.37890625 0.048828125 0.40625 0.048828125 0.40625 0.078125 0.37890625 0.078125
5 0.14228812471833407 0.11282123782076434 0.12759835527845098 0.12085706040383495 0.10765311547754663 0.08439655006369277 0.12234287010028311 0.07636073248881751
5 0.3392918570331176 0.2721317674049855 0.3385349273188467 0.28812805612940834 0.2948520654558706 0.2860610205406576 0.2956090234374642 0.2700647617187376
15 0.3707615842949963 0.09593609541118743 0.3615293873566543 0.12501647042100308 0.3359800827114441 0.11690530587377591 0.3452122864583771 0.08782494335940641
14 0.3863800481770833 0.326166267578125 0.39657833463541664 0.326166267578125 0.39657833463541664 0.34275878125 0.3863800481770833 0.34275878125
14 0.18114778370875229 0.19941155362184648 0.17223065303812746 0.2039621494843012 0.16410950192937435 0.18804850438752366 0.17302662486883946 0.1834979108962876
14 0.1411159326132747 0.26328835131588035 0.1330590552938702 0.2655291886974039 0.12854322245402727 0.24929293139918474 0.13660008976478366 0.2470520954912457
14 -0.001145842394976171 0.18922700393384229 0.008371921875095722 0.18675536489057104 0.012565985955234282 0.20290564345437703 0.003048222153779534 0.20537728126568788
0 0.43348797780583936 0.3119625766056717 0.40949487269665497 0.33187412107695513 0.3536079073237488 0.2645327907655119 0.37760089810990394 0.24462132258276736
3 0.35902693548860043 0.13784123918873453 0.37526805481445535 0.10473250024260898 0.41511703593937455 0.12427987926797104 0.3988759510274349 0.15738858887151022
9 0.45902979667425825 0.27856362018660213 0.46071185490768585 0.29800974836372407 0.43120470517726517 0.3005619707824699 0.42952267423549984 0.28111586798737015
15 0 0 0.01745504296875 0 0.01745504296875 0.0257657265625 0 0.0257657265625