9 0 0.24926083410672856 0.004022112125162972 0.24926083410672856 0.004022112125162972 0.2746208317865429 0 0.2746208317865429
9 -0.0029811451206569473 0.20710267929751267 0.0021660774654037596 0.1927572522391899 0.017100801482911265 0.19811585341517202 0.011953587197581328 0.21246127342107599
9 0.07070159774787044 -2.165689720436554e-10 0.07070159802913167 0.02178768334329738 0.05387199450206026 0.021787683037958385 0.05387199480344407 1.9806804886480254e-11
9 0.05842915291384543 0.03683998124777269 0.06547257793374683 0.018106037022602932 0.08491149913811569 0.02541451173052825 0.07786807635727655 0.04414845402531665
3 0.08821378431798621 0.12059266181807878 0.1078245610877957 0.12319850955022954 0.10335000885322643 0.15687237082206276 0.08373923243425452 0.15426652495499005
3 0.03251280204597151 0.28190636721351636 0.008849058731470905 0.2792856891120419 0.01382892348385667 0.23432067797738446 0.03749258453342463 0.23694135152344106
0 0.06197972154575382 0.31714154219868357 0.056413134057038405 0.29195273362450397 0.10494685685682725 0.28122732456908844 0.11051348480441447 0.3064160754163354
0 0.04100544378832183 0.11157878751699275 0.052388924774732004 0.07950338665985889 0.08533248370417823 0.09119494395954884 0.07394902323085262 0.12327032735263078
0 0.04561998712301829 0.09852035962909177 0.0366461768840054 0.0733144466603395 0.07528700999262128 0.059557560701381705 0.084260826118566 0.08476346089323937
9 0.19110418056891376 -7.213096488060773e-11 0.19110418070636115 0.01419055691132059 0.17314506182685818 0.014190556789469141 0.1731450619458883 8.154769043190923e-12
9 0.2583774970419199 0.16006058035363138 0.2704110651325209 0.1570391014492471 0.281674487527539 0.2018972315954198 0.26964092087735025 0.20491870663689377
9 0.3264384001829512 0.20344414499010102 0.2909362577202046 0.19719373730352902 0.30459717158589683 0.11960130086732729 0.3400991777900799 0.12585169615749625
8 0.27717878993348677 0.05123334181088824 0.31707712560375967 0.05654823561310857 0.2982536917586458 0.19785316890110552 0.258355358922131 0.1925382893685968
8 0.241322205448796 0.24378498447512612 0.25864706791060144 0.245604328466272 0.2486169752761498 0.3411144664744412 0.23129211406626382 0.33929513022262364
8 0.23427296857289548 0.30807700476662314 0.22422834194821917 0.30650160719897707 0.2307980494080084 0.2646148164899278 0.24084263950453533 0.26619021113688424
8 0.11967423959629286 0.059674656753175896 0.11992082752965416 0.03282745530813318 0.14297707671335047 0.03303922449510456 0.14273049327834997 0.05988642134463976
8 0.01400444686123592 0.02545559804565787 0.033882499136552724 0.01907096398943714 0.046637987964004424 0.058784151925859625 0.026759936455050592 0.06516878427928309
8 0.006352665242388866 0.13468071229498704 0.009445955040405352 0.1164575407909966 0.027649297046991705 0.11954745030605207 0.024556014594281805 0.13777061528809542
11 0.21894746793941522 0.4613855891357045 0.19817631048499607 0.4591542911691868 0.20336548899001627 0.4108516941658092 0.22413651448050587 0.4130829850161751
11 0.2242061346310038 0.3590250938318569 0.203915120952729 0.3559332053444114 0.2143879751552049 0.2872061286136765 0.23467885300442504 0.2902980066048726
13 0.22851312654688627 0.37420305485755695 0.215423319897468 0.3733587962681646 0.2183735922934602 0.32761860420899924 0.23146333523311569 0.3284628607421267
11 0.25674050104669277 0.24018232920092705 0.2460107016790971 0.2387938500493614 0.2504269379876405 0.20466696209842072 0.2611567129508785 0.20605543966402717
11 0.2577654161572127 0.1746631188880602 0.2674516588950837 0.17503092799625766 0.2661947338706341 0.20813165981886905 0.2565084911516351 0.2077638510654009
11 0.2616816309943033 0.02978337630781769 0.26937249767809135 0.03080840220712627 0.2664556635185136 0.05269367570931519 0.2587647968650799 0.05166864995220571
13 0.2648692051850503 0.11446310748052736 0.25812516000041796 0.11366191586035793 0.26188256989416914 0.08203398097877546 0.26862660873052846 0.08283517221824972
12 0.28590687664438974 0.08212542966930322 0.2723413568293154 0.07993493092562909 0.2790407877829466 0.03844617911523788 0.29260629712302944 0.04063667698478664
12 0.28702492308957517 0.2686989530250199 0.30922584686254595 0.27055339442097 0.30452704959520815 0.32680479290208514 0.28232612643660104 0.3249503562718635
12 0.24292351323003913 0.4597557745763853 0.22883902422415758 0.4581833345958491 0.23443430666873155 0.40806933130912887 0.24851870220300043 0.409641766005264
13 0.23792202128777262 0.20017877864345118 0.2287367008681258 0.19881209736723202 0.23614411278447278 0.1490282690656141 0.24532940851497642 0.15039494844956572
0 0.23877302623054675 0.22057955442061544 0.23526013877199148 0.22024979504290937 0.23720429947468347 0.1995391966016358 0.24071718229288308 0.1998689557602346
5 0.09544980822511206 0.22918728913396183 0.09317601930376895 0.20644734437550147 0.11740382902132751 0.20402481548420276 0.11967763408335941 0.22676474201144264
5 0.024817635364229318 0.37028362353873334 0.007181555520446636 0.3676849470643006 0.010725810718440698 0.3436327539910215 0.028361844644336998 0.3462314270247238
15 0.13994837868870036 0.29332701723499144 0.11999213869057712 0.275852431578406 0.14217347190856344 0.2505216170398397 0.16212967943840795 0.26799617850431856
15 0.13269524341365013 0.08907555892634954 0.12739773473992955 0.07279620373084814 0.1474624290341353 0.06626690922950218 0.15275993984334946 0.08254626036350542
15 0.16121275060470452 0.05141492572138383 0.1738098064353153 0.06669398107261429 0.15449416344358724 0.08261903852401616 0.14189711178005382 0.06733998706556678
15 0.024172188612737955 0.29994245381354406 0.012800477176369895 0.3036634112000389 0.0006998925229027009 0.2666833820664038 0.012071568953956557 0.262962430848634
0 0.4329191496057092 0.21157753837764695 0.440723574575145 0.03439363618731353 0.6227113099367898 0.0424096685298785 0.6149075311899423 0.21959292476925357
9 0.36386643658681805 0.38894024362807045 0.36978813809798794 0.36441489459082343 0.40349803589572275 0.37255387055878597 0.39757639147569535 0.3970791701961141
9 0.5011919224253916 0.42209592807426705 0.5115592421809652 0.3791609137908305 0.6371720643107892 0.4094901315452254 0.6268051506583561 0.4524247965648176
13 0.8715845411659302 0.23330765559056937 0.9173040355724424 0.21636653661296487 0.9407056312523991 0.2795199525351411 0.8949861592379875 0.29646102694608656
13 0.9499445454189299 0.20606887029861556 0.930935178095524 0.20317011548931688 0.934084989957114 0.18251467908471805 0.9530943341687816 0.1854134321017074
10 0.9671784555681597 0.3016025432772344 0.9896460195761847 0.30669532033319835 0.9737618931699217 0.3767682015155162 0.9512943354321806 0.37167544338374053
8 0.8636146661300472 0.23159411051109682 0.8794753819453263 0.22806757070847475 0.898554887075079 0.3138764016650002 0.8826941754746258 0.3174029285686195
8 0.9142937425808668 0.459396749451951 0.9142938624511316 0.4168678317865504 0.9554120714724377 0.416867954993755 0.9554120681629001 0.4593967557633111
13 0.876967661305116 0.070577588438449 0.891796154993358 0.06356982942518885 0.902050284434722 0.08526764262283741 0.8872217920394405 0.0922753996366902
4 0.8160164856584515 0.02464618213456724 0.8626693607362768 0.013494200030429225 0.8853026306711627 0.10817746195979183 0.8386497597297193 0.11932943229594602
7 0.8648791843455683 0.1424055590425406 0.8413854055104366 0.12145193111941215 0.8601831171889671 0.10037553197869678 0.8836768820807492 0.12132914911398016
11 0 0.6478476194895592 0.04327317861799218 0.6478476194895592 0.04327317861799218 0.8099882447795824 0 0.8099882447795824
11 0.14120451310725457 0.9480418299836277 0.15677488234848624 0.9415894183873323 0.17325754396154025 0.9813527522511857 0.1576871978655845 0.9878051230624298
0 0.2518685140694288 0.527183588983611 0.2698622143461762 0.5270303526847203 0.27022372705152975 0.5694770073241529 0.2522300267793298 0.5696302430806625
0 0.2688855523492748 0.5848999183029198 0.29106976752700575 0.5902840852199976 0.2778622318783164 0.6446965040674884 0.25567802655643845 0.6393123653810803
0 0.29594949256340897 0.6792331917655613 0.27618083496690815 0.681642182741704 0.26920687138715493 0.6244189381651073 0.28897530408687544 0.6220099610870733
0 0.2772261966140377 0.7207312373651089 0.3051447690684199 0.7214415360137199 0.30293533126928196 0.8082693546113076 0.27501675910662016 0.8075590631382038
0 0.29387454307084226 0.7245039052669242 0.2805178830483328 0.7224715586552798 0.2843639806841338 0.6971990151909019 0.29772056811350467 0.6992313561873198
0 0.3097687494908996 0.7804731017742342 0.3170580644597294 0.7784770801804421 0.322987357111856 0.8001263074947027 0.3156980442619215 0.8021223236969444
0 0.3140099104850833 0.7078226350853672 0.3220569408661049 0.7087370145858656 0.31965787413048474 0.7298467884683071 0.31161084410587137 0.7289324110941453
0 0.33873735502345426 0.6787183514819038 0.3309917297189031 0.68025754768958 0.3267424612697596 0.6588769968132376 0.3344880530987666 0.657337804035204
0 0.33176053309625786 0.5860885877548452 0.3394924528320189 0.5869672035335433 0.3371092333309207 0.6079375471249869 0.3293773138790357 0.607058933033416
11 0.1625687194650709 0.6400132581872541 0.12601182858793436 0.6348620946899028 0.14640310518541355 0.4901672727545992 0.1829590961044687 0.4953183721660009
10 0.34585189931635796 0.5392103683488326 0.34100876640275146 0.5480636972022187 0.3241783094766788 0.5388575538101005 0.32902144328556915 0.5300042389791441
10 0.35316373237878906 0.5940947838656028 0.3432543406362356 0.5930961895026152 0.3468222734477422 0.5576942702863004 0.3567316036089778 0.5586928615165206
10 0.3410182367698553 0.586799826774882 0.3496327199489997 0.586759605639435 0.3497648914810725 0.6150647569199051 0.3411504083029513 0.6151049779509599
10 0.3429293805962743 0.6479693548746637 0.35123359226474804 0.6482691153103458 0.349946996587164 0.6839066851478655 0.34164278497416944 0.6836069257987246
10 0.32902208920188514 0.7110839332827745 0.33823896753756344 0.7111620407146411 0.33791992950204985 0.7488033094504747 0.3287030511701232 0.7487252023458256
14 0.05638316232068519 0.4593967412246236 0.05638317300258677 0.4697335393122096 0.0463060613315065 0.46973354245928217 0.0463060580182173 0.45939675174018385
14 0.018912508112066462 0.5135008286838318 0.05756694423234876 0.5178934115109977 0.049561448298618416 0.5883349326684046 0.010907016622013543 0.5839423758747883
14 0.3039252682970073 0.5470080865017166 0.31851686975619486 0.5473866188785407 0.31649392604390414 0.6253588066742454 0.3019023246819188 0.6249802769324572
14 0.30155872692762387 0.6380853949989459 0.3116591605208896 0.6385492516254875 0.3096676634784217 0.6819082396959936 0.29956723002135277 0.6814443850945442
14 0.3264847254057486 0.7535921313991732 0.3165277021670363 0.7533358375669067 0.31879323927569203 0.6653373276428739 0.3287500713815916 0.6655936189986366
8 0.21769207372790333 0.48070137838826044 0.2430116020841524 0.48209276978484283 0.23980630110338552 0.5404159948621008 0.21448677325793142 0.5390246097841233
8 0.23731902507154246 0.5860527553751865 0.24927554599469204 0.5873258710209178 0.2418512968131381 0.6570430048598609 0.2298947772245583 0.6557698976837572
8 0.25912573814866846 0.620162088903452 0.25285971590801637 0.6199446652918434 0.25376954480100267 0.5937273464938198 0.2600355367683278 0.593944769580778
8 0.2533799153846985 0.707239797881716 0.26691078387216294 0.7087773007700208 0.2639585487365821 0.7347545123978524 0.25042768100138346 0.7332170139196361
8 0.36962190352020863 0.4593967517401392 0.4481478676662321 0.4593967517401392 0.4481478676662321 0.6744823120649652 0.36962190352020863 0.6744823120649652
4 0.6894617094625346 0.9821314194151396 0.550326261962482 0.9891911768196827 0.5374819045872528 0.7359997917979223 0.6766077692979025 0.7289402841275656
7 0.5606656733023101 0.7307977764298939 0.4989373160830155 0.7215597853807266 0.5184207055599472 0.5913949804602466 0.580147397983751 0.6006328421789984
4 0.8451874903170165 0.4380036565349079 1.0328363306821302 0.46892837311876223 0.9412850459328865 1.0243778184862162 0.7536365879168443 0.9934549827812049