12 0.6134599320962479 -1.1752546962042357e-8 0.613459945781301 0.07208338611862379 0.5429687380866426 0.07208337199154323 0.5429687523283064 2.4761414141426557e-9
12 0.8183525419240141 0.2793763406563425 0.7975786057985488 0.2642509341632611 0.8306997654127599 0.2187617386771003 0.8514736398292371 0.23388711255472383
12 0.7026051977176166 0.43430620682031806 0.6972988378752234 0.4053042999409306 0.7468654492429323 0.39623574215677826 0.7521718799694099 0.42523755654918294
4 0.039062488351305547 0.1712893382925379 0.03906253828438366 0.2521452446116674 0.005059131737084499 0.2521452007357989 0.005059170000890845 0.17128938194996957
4 0.7702203358476254 0.0014872635907863703 0.7880625374627925 -0.00021905947963125514 0.7898418967042744 0.018386846123412768 0.7719996951029771 0.020093169145441115
4 0.9475878655442784 0.21617960927887822 0.8997340447066335 0.2770463385140879 0.7824213885525069 0.18481524909549152 0.8302750551052895 0.12394881713777543
13 0.47715688559742375 0.00023516366364036533 0.5080047016817844 0.0022599861734439734 0.5027081610487585 0.0829518193315334 0.4718603450555747 0.08092699787287219
13 0.32057213746065827 0.2485963445715795 0.30709132195499933 0.2459917607726849 0.31006226769761724 0.23061504299092866 0.3235430681812659 0.2332196252954297
13 0.4796702839807949 0.19436901725931785 0.4877357428853202 0.18549770956033315 0.5015727930688172 0.1980776910706892 0.4935073392961158 0.20694899381901763
8 0.8588252130000456 -2.8737042857178883e-10 0.8588252143960062 0.024878186175642518 0.8111361814189877 0.024878185606036548 0.8111361821482888 1.2217534272539464e-10
8 0.9418540981145043 -0.008003709797296716 0.9699818008590455 0.01075746675108489 0.9474536061603658 0.04453286795209631 0.9193259056395391 0.0257716936970648
8 0.9730226788429945 0.14968844325226335 0.9649255849000156 0.18507478245549477 0.9239863558713068 0.1757071150413497 0.9320834754759062 0.1403208120954136
8 1.0000000361370667 0.19178691850813673 0.9705508984718563 0.19222073997132613 0.9698993577834472 0.14799049641132497 0.999348428041003 0.14755667544475756
8 0.94140625 0.2942747376311844 0.96484375 0.2942747376311844 0.96484375 0.31770052473763116 0.94140625 0.31770052473763116
8 0.93075906110505 0.4513887917628711 0.9457590285485367 0.42389667447353757 0.9839528601273742 0.4447343729408904 0.9689529878182839 0.4722264084076121
8 0.9868303191540235 0.5066932842360502 0.9815720857448014 0.5471926363154066 0.9304463432888497 0.5405550895925108 0.9357047174504487 0.5000559031287838
11 0.2784526504818814 0.10543410921950094 0.290326336108933 0.10859471384959826 0.2821716357838113 0.13922996669841797 0.2702979508710541 0.13606936393841695
11 0.3189364667176733 0.07983641814905608 0.3053665643844852 0.07826411212613404 0.30861958726325156 0.050188732878696254 0.32218948210788767 0.05176103846456223
11 0.46673252630967 0.1838865402379478 0.45605150894880353 0.1822256845011151 0.45889199087889665 0.1639586599509579 0.4695729979534917 0.16561951487280885
11 0.2856246383839789 0.25038020820927115 0.29414056630128016 0.2496897072854707 0.29581227796450094 0.2703064624626995 0.28729635011563914 0.2709969628205094
11 0.2854494991079264 0.4102149056370596 0.2744595993233361 0.4101591430273657 0.27457481781277693 0.3874554055512871 0.2855646871693125 0.3875111680835909
11 0.4577174369565 0.3140564104872578 0.4706508542632264 0.31257837837954894 0.4730285346505525 0.3333834538917684 0.4600951176057606 0.3348614844736116
9 0.009102208678086754 0.39190273899886346 0.040584876188631824 0.3937129503831925 0.03746842059786104 0.44791061869558874 0.005985753620052492 0.44610041357957725
9 0.16904045725289052 0.25845475465239204 0.13823115881689318 0.256676077997016 0.1421188895508294 0.18933720604247706 0.17292804698274722 0.19111587862457144
9 0.166082774465508 0.023149565903068398 0.18279694846171424 0.021149081927837435 0.18619103686171457 0.04950690264675197 0.1694768629314467 0.051507386306322685
9 0.41279846615543647 0.0821503228179652 0.4433686389859304 0.09252091195495014 0.4284672345540912 0.13644675539822296 0.39789706559952265 0.12607617432390766
9 0.500257340272583 0.276522914614393 0.5151494876884044 0.2819738465112778 0.5072678216579334 0.3035062991372644 0.4923756770564296 0.29805537276511956
9 0.5223604843541807 0.1298920546428799 0.526218501860285 0.09986478879734043 0.5454325591928182 0.10233347640971917 0.5415745530315235 0.13236073199956774
14 0 0.33106414692653674 0.0069029600000000005 0.33106414692653674 0.0069029600000000005 0.35253619640179906 0 0.35253619640179906
3 0.09031738986766413 0.21275932767705769 0.1085845476020495 0.21380049843999602 0.10624458605343534 0.25485405392167204 0.08797742844865297 0.25381288468470914
3 0.11583694975490744 0.28390139488376553 0.09214871198798846 0.28074144632835696 0.1010170686327001 0.2142625752888749 0.12470518796601482 0.21742251585736494
3 0.08153133820246694 0.4589608145374004 0.10033404263992907 0.4620002690292006 0.09090356163881097 0.5203350532364353 0.07210086039185626 0.5172956121294535
3 0.8747121389612857 -0.006596314801855843 0.8965699721336478 0.01367603146889841 0.8624330403009708 0.050482781687141876 0.8405752100870814 0.030210438675075352
0 0.171875 0.424081292353823 0.185928604 0.424081292353823 0.185928604 0.46021910944527733 0.171875 0.46021910944527733
0 0.15001441381957648 0.13799250009718034 0.19420423102280893 0.10723176998236768 0.2697274658361266 0.21572503035557852 0.22553774095320023 0.2464856499432488
0 0.09765100799995707 -4.174705447716653e-9 0.09765101212212812 0.05255830601164895 0.05272072494915392 0.05255830102594131 0.052720730000032745 -5.375882854176811e-14
0 0.2646495969689795 -2.684605727185908e-10 0.26464959715167424 0.01932546479291288 0.24884727672724694 0.019325464545257656 0.24884727699998166 -3.996969523282545e-14