4 0.9063071032323933 0.023915182099856637 0.9387564932262649 -0.0006021010617530528 1.0230821711728595 0.1110054719457986 0.9906328123767025 0.13552272075197513
4 0.5663706453930217 -7.047124817297324e-10 0.56637064682036 0.034561920605790324 0.5373703000932437 0.03456191938703806 0.5373703012295437 3.238364430929756e-10
15 0.6272536300210731 0.13131010040846844 0.6083233057618145 0.1439302671497132 0.5868366615391096 0.11170030219740337 0.6057669666056427 0.0990801441297994
3 0.30221382800766605 0.0840077282417725 0.32129101697444185 0.09166458705918865 0.3085815592103245 0.1233303065651402 0.2895043725288815 0.11567345187611007
3 0.29396082346909225 0.27744490218450846 0.2936218009174354 0.25597936291429024 0.31041909921395927 0.2557140764017245 0.31075813615859715 0.27717960106752554
9 0.6166955135158787 0.15713611073842382 0.6010944792113833 0.18052346056492585 0.5651732447822724 0.1565615849003064 0.5807742739993955 0.13317425924270843
9 0.630878670243078 0.06564247212507021 0.6133220755443745 0.07910619719163522 0.5862771639173161 0.043839863144542496 0.6038337505559639 0.03037614265261654
9 0.6944069483784006 0.18956875380412497 0.7250099908471839 0.1912232620116225 0.7227802851550678 0.23246506069110667 0.6921772428446502 0.23081055467499711
13 0.7245693650550038 0.21617410091788544 0.7468098917197494 0.20278129368599707 0.7683833011004708 0.23860625588170473 0.7461427890966661 0.25199904356676256
13 0.6950274574785453 0.1793875475422995 0.6873259104531826 0.18517406866321187 0.6777147920710149 0.17238230574718938 0.6854163346354198 0.1665957871093572
13 0.6736443149078468 0.07143841658778728 0.6339102964935819 0.08026819291254313 0.6189731741552578 0.01305107730890408 0.6587071589549396 0.004221304835525747
13 0.7127363725969644 -3.38672549776837e-9 0.7127363749336837 0.033419801127042896 0.6521570818010787 0.033419798233524964 0.65215708475273 4.2457982309401675e-12
14 1.0000000000186446 0.193639353515625 0.9995751223685829 0.193639353515625 0.9995751224059859 0.191389302734375 1 0.191389302734375
15 1 -7.455260706786609e-11 1.0000000001456328 0.021108050781317732 0.991196990767321 0.021108050638250244 0.9911969909029494 2.5867775802432834e-11
15 0.9113643424478823 -1.0285016979341029e-11 0.9113643424520887 0.0025205292960897995 0.8900330716085136 0.0025205292850941155 0.890033071614539 -4.672216191007319e-14
15 0.7187425051712353 0.10925009560897765 0.7187425123851199 0.08601787295725585 0.7393567123007188 0.08601788027947058 0.7393567122395552 0.10925009570313333
15 0.7772809995283296 0.2836860001365776 0.7741056930386776 0.2508171332438241 0.8029404130486455 0.24803160883550068 0.8061157538869566 0.28090043703233886
15 0.6009396948101084 0.08348352902498392 0.5996332278587033 0.06385382111187049 0.6201328704921707 0.062489457574397 0.6214393415991708 0.08211916091889422
15 0.771826411501138 0.15876995173537675 0.7655415647330983 0.15908917438891929 0.7645805952867022 0.14016971816212498 0.77086543668986 0.13985049564433757
13 0.7560480206107059 0.00875513288792863 0.7692173061167296 -0.011203842606517802 0.8106374691602696 0.01612591438997701 0.7974681858502208 0.0360848878733261
11 0.8857340013814792 0.019621383949715 0.8970051890115656 0.019872888704285947 0.8967052426681903 0.03331498399165952 0.885434055038445 0.033063479250723234
11 0.8197751778479869 0.15996689433681563 0.8257732626985899 0.14902935398342831 0.8394412123266193 0.15652472453942684 0.833443132260868 0.1674622607715631
11 0.8235163867196889 0.26100954890511197 0.8222999619766824 0.27263420369759483 0.8115569396795763 0.27151005391219507 0.8127733688951366 0.25988540419937695
11 0.7338351510416666 0.18492592578125 0.7446655572916666 0.18492592578125 0.7446655572916666 0.1993535390625 0.7338351510416666 0.1993535390625
11 0.7420792601758421 0.08145623718343185 0.7537813976432517 0.07913837993985368 0.7567525282676115 0.09413865750873007 0.7450503909368535 0.09645651427864069
11 0.7129142489911828 0.02170938664809785 0.7145528501436047 0.0019860109058066427 0.7369629457009523 0.0038478224413786865 0.735324345498725 0.023571197236619917
5 0.6726686135760929 0.07931980246407298 0.6847508379695455 0.07603703332649005 0.688935111663227 0.09143721134915408 0.6768528875402353 0.09471997980593767
0 0.8362676797805761 0.22602894139855886 0.8246559147962671 0.23529383479404137 0.8079299619971607 0.2143313622994835 0.8195417135455045 0.2050664772426272
0 0.8037831492438272 0.19280362424965702 0.790531146014473 0.18879634920373 0.7965425724637498 0.16891687313960155 0.8097945615303388 0.17292414589573424
0 0.8116316819728127 0.044986463309124494 0.8217010556719515 0.0598121287325871 0.7967806919809846 0.07673764868293281 0.7867113228753624 0.06191198733877683
0 0.7768590197651974 0.06256624741739436 0.7634691767736967 0.06848193172635457 0.7413689078065318 0.018459147947076707 0.7547587429394298 0.012543465633135464
8 0.32533944140629956 -5.252827410971718e-10 0.32533944184001484 0.017398998107496483 0.2875125099562865 0.017398997656549838 0.2875125104167182 1.2633697428567241e-14
8 0.3831670463850969 0.06668615353588436 0.3620425455399072 0.06534024428319245 0.36410383743418606 0.03298769870593552 0.38522832761589143 0.03433360761123342
8 0.3752899318373011 0.2655022655740921 0.36345893425493614 0.2657384012440165 0.36310978780852565 0.2482452101214253 0.3749407692263276 0.24800907461267488