4 0.12454401479567423 0.9494654895874277 0.0892479576665437 0.9769118326610435 -0.005824655868082118 0.8546778941025824 0.029470412512750954 0.8272321364817634
4 0 0.47021484375 0.01171875 0.47021484375 0.01171875 0.501900916015625 0 0.501900916015625
4 0.09360782034968906 0.9999999999667711 0.09341434973543983 1.0001727599148893 0.09301636794759816 0.9997272032918147 0.09320983854161113 0.9995544433594061
0 0.1825433851596472 0.32677569695699676 0.20876334414072062 0.3443304928884071 0.1315976007529116 0.4595803857202525 0.10537775936199978 0.44202573514302573
9 0.21279472742901362 0.2191321607890559 0.24176486938836206 0.23072798749331708 0.2262666243854028 0.26944693958709076 0.19729649236421665 0.25785113082587513
9 0.05930605992989513 0.212390106107005 0.020547983887126975 0.1567873343925478 0.07052332320381538 0.12195219836456632 0.10928137758628509 0.17755488645035872
9 0.22114326843882282 0.2963742636008341 0.2525086966835488 0.2969902682794068 0.25170914422187707 0.3377002857699616 0.22034371601307612 0.3370842823021012
9 0.22373340390481644 0.4291226032607584 0.22246526352807905 0.40334424568151994 0.2546337145696498 0.40176182637381946 0.2559019046451567 0.4275401314775987
8 0.08984375 0.19921875 0.14453125 0.19921875 0.14453125 0.306530287109375 0.08984375 0.306530287109375
9 0.125 0.609375 0.15234375 0.609375 0.15234375 0.650390625 0.125 0.650390625
9 0.27579911701934634 0.767223725190916 0.30827921593640895 0.746454348178528 0.32802985394641837 0.7773358273904826 0.29554982570857646 0.7981051147253728
9 0.3426845542587671 0.7231924252288401 0.3403047917747699 0.7576448607472668 0.29969573567552743 0.7548401319241816 0.3020756438305625 0.7203878539581438
3 0.4319098009451636 0.5973404755405906 0.39852783761818955 0.6202990648879547 0.36694446766694 0.5743812316878473 0.4003261930803319 0.5514227564440276
3 0.2641829983726893 0.3042136488606657 0.31247873945335414 0.30487420328654974 0.311479162839305 0.3779547195632133 0.26318342179877163 0.3772941676555849
3 0.32421875 0.01171875 0.3738560651041667 0.01171875 0.3738560651041667 0.08203125 0.32421875 0.08203125
0 0.46657893932217576 0.04555194449829796 0.43743230580560066 0.08927190509497748 0.3558376852671472 0.03487549743724694 0.38498431286166124 -0.008844439041790888
0 0.47554846637785886 0.3279306409586845 0.4556758019472227 0.3629223026420546 0.36129823375699743 0.3093242222454718 0.3811709024530501 0.27433274225940046
0 0.2791865131556506 0.6032704170019156 0.3136554958630313 0.5691938670929346 0.3746910782344912 0.6309254882159023 0.34022237406281874 0.6650017589439636
0 0.36322856127412706 0.6625228201164475 0.3395041392210487 0.6967875494278658 0.2660692806158522 0.6459485137039201 0.28979362146628773 0.6116840886819245
0 0.18573683253282525 0.8503778484599585 0.21602715921903837 0.8654417475359297 0.16505187684549583 0.9679166420269385 0.13476170525598263 0.9528529816401122
3 0.21200341876999573 0.9918048763291435 0.19876161501053957 1.011103111632777 0.16009168802861495 0.9845768072716511 0.1733334577891128 0.9652787078698554
3 0.2415888976960332 0.901723138103039 0.2130208689676465 0.8940404515214251 0.22285179572145353 0.8574933590957453 0.25141955054107257 0.8651760068897172
3 0.23761737747781808 0.8963775015983673 0.268149538313196 0.8838263929119836 0.2884016249798833 0.933079843410821 0.25786951648865397 0.945630858966964
9 0.2960802996989287 0.9999999973866017 0.29608045834095265 0.9809117934836207 0.3411468973620231 0.9809121623993529 0.3411468684892043 1.0000002354960287
9 0.5184043333664476 0.8465119411444716 0.551595791122736 0.8433658761673133 0.5554611594398011 0.8841369134398483 0.5222697041454012 0.8872829614209801
9 0.765463615767203 0.6091155971600277 0.7891906322042814 0.6219966343907025 0.7545117052803789 0.6858674864365306 0.7307847529699529 0.6729865412821537
9 0.8888627071186193 0.7822742134875207 0.8174849604981773 0.7886115680998408 0.8058670151363003 0.6577669656565559 0.8772427521330428 0.6514296997415169
9 0.8277702929688076 0.999999999999951 0.8277708465398064 0.9545629952224455 0.8807744749743733 0.9545636041198199 0.880774279946877 1.000000250618144
8 0.8217667911168292 0.8786656331676999 0.74078032610214 0.8793967584654865 0.7385984033202249 0.6375037490445312 0.8195803606716936 0.6367726440464567
8 0.7606237356562815 0.9999999945964816 0.71066011200503 1.0003249935436855 0.7098978024590679 0.8830514887976263 0.7598597419192856 0.8827264953360404
8 0.7245233848693715 0.3735772611189461 0.7598876512653305 0.37476548726863756 0.7545489441188238 0.5336480845404589 0.7191846784360223 0.5324598714984472
8 0.7244221123849002 0.4892817904616699 0.7041036370876554 0.48983819858526434 0.7021256433068856 0.41760813171561456 0.7224439173261317 0.4170517263366594
8 0.7674754117755356 0.15599148270517008 0.7152703009121524 0.15624212370395937 0.7145871769617997 0.013933289931136452 0.7667920903413687 0.013682649414709725
8 0.717236502152673 0.08277328858013241 0.6760882183044714 0.07005080539093052 0.7000908675092887 -0.007580788128658824 0.7412391218798575 0.0051416908231217825
8 0.3750402344703616 0.8369078213890841 0.4013747362826052 0.8554351071901168 0.36767013142002725 0.9033313523171485 0.34133574896782193 0.8848042100822753
8 0.47527779092331457 0.7468244002320616 0.46055525180679524 0.787023975021499 0.4150987546288434 0.7703788611081566 0.42982139387049756 0.7301795107039792
8 0.2436884903183909 0.6510686151672049 0.2815508480474591 0.6763065445873263 0.2454838936237138 0.7304068083450134 0.20762167503016826 0.7051690515650908
8 0.2663809726028603 0.5414433209688646 0.24445925389204604 0.5728289403071124 0.18838451302701742 0.5336659989562118 0.21030618335544204 0.5022805541045191
8 0.07421885144754015 0.50141406640625 0.04114485247282573 0.50141406640625 0.041144998843378744 0.44506905273437514 0.0742187306325377 0.44506905273437514
8 0.10645114879162065 0.867187496355221 0.10645127759323714 0.8378906029620021 0.13541569863662062 0.8378907343826997 0.13541568004711735 0.8671875174974779
11 0.7302548288497519 0.23841558391505333 0.6878719475921571 0.23711445115366178 0.6918846447520082 0.10641227367819739 0.7342672280090028 0.10771340178858149
11 0.6725334092449202 0.3278108617720116 0.713545126005215 0.3251972615336255 0.7209312890815909 0.44109356075047995 0.6799195741475614 0.443707143218668
13 0.722373667212878 0.38132375004361785 0.6955046107780163 0.37908638490299346 0.7018309572434873 0.3031160232390517 0.7286998007663215 0.3053533794545781
11 0.7489750907192274 0.6004341082939522 0.7271611008386571 0.600334764491684 0.7274237999887418 0.5426787856048114 0.7492375703125163 0.5427781289062501
11 0.7578370961905421 0.6504956211398817 0.737792564047254 0.6513417426301009 0.7356375145905076 0.6002930105378578 0.7556818518609134 0.5994468931665459
11 0.703125 0.849609375 0.71875 0.849609375 0.71875 0.884765625 0.703125 0.884765625
11 0.7015495357152304 1.0000164703203542 0.6664912355962542 0.99986212783599 0.6668956072143146 0.9081554072086524 0.7019529750858737 0.9083097476441425
13 0.7311154722245874 0.8027500758641608 0.7173797795582004 0.802515122201371 0.718290112584441 0.7493116026501284 0.7320256326121353 0.7495465548366825
12 0.7680899589370256 0.8995320830666149 0.7406735235992983 0.9004284898306649 0.7379864914416885 0.8182544786008947 0.765402340393166 0.8173580813984999
12 0.8648497798645849 0.530800314453125 0.8194939361553679 0.530800314453125 0.8194942906167171 0.43508589062499997 0.8648495060240293 0.43508589062499997
12 0.7779568674357051 0.26356535280195037 0.7492372752192296 0.26282902871505576 0.751446846454769 0.17665190647222925 0.7801662733692183 0.17738822844410332
12 0.7385336940047864 -1.4731372322725184e-10 0.7391303807543181 0.01573141448401258 0.7256454455923631 0.01624289284986499 0.7250487591145429 0.0005114785155781497
12 0.7864662187463409 -1.702788243479436e-10 0.7866811030230565 0.010187985953825508 0.7624311301595981 0.010699464338846288 0.7622162460937716 0.0005114785156006209
13 0.5143310938741479 0.950963942173235 0.476678870993851 0.9785734984512124 0.41211293698961526 0.8905447514468624 0.44976436734225445 0.8629356188129423
0 0.39213792746750187 0.9999998323201299 0.37314417643335673 1.0150709926940618 0.3426942608543868 0.9767070515700761 0.36168783313758013 0.9616360010480597
15 0.1534122340375461 0.812597177802981 0.16556843619787287 0.8092978046875008 0.17071096807319464 0.8282410843021836 0.15855476907529464 0.831540449326872
15 0.053839694485532164 0.7211366093931698 0.03018021536854576 0.7211649370302761 0.03013029610326612 0.6793884685853285 0.05378956478909913 0.679360141074031
15 0 0.847531009765625 0.020008834635416667 0.847531009765625 0.020008834635416667 0.880931806640625 0 0.880931806640625
15 0.06792595358274411 0.5569348142488553 0.0481218914328565 0.5526478437025449 0.05821732077060915 0.506015496762852 0.07802123595831745 0.5103024508923356
5 0.1409853895517017 0.151447486272117 0.11715582024817195 0.13243248400857913 0.15234387188922938 0.08833510974765313 0.17617341035588652 0.10735009272735095
5 0.18957870907252072 0.5993297302185562 0.18564624651367012 0.5629110195963308 0.20850097665311296 0.560443448823689 0.21243350386600923 0.596862085475534
5 0.18945304067972302 0.5917967813218546 0.20868349988984392 0.613161387245621 0.17305478114133166 0.6452272363612745 0.1538244224979053 0.6238627271375514
5 0.2993166103524345 0.8481447666390968 0.2782222817904767 0.8551747480801574 0.25722824617412243 0.7921921305144078 0.2783222508694507 0.7851622077463906
5 0.30696259599847053 0.847007272782132 0.30818898078416623 0.8601225037992604 0.292130071189149 0.8616237801522829 0.29090371613551724 0.8485085766344731
5 0.1953125 0.87890625 0.21350271875000001 0.87890625 0.21350271875000001 0.890625 0.1953125 0.890625
13 0.7025425151106219 0.6763664791332765 0.6839338308611786 0.6767030931770239 0.6823998588077984 0.591902724278313 0.7010082414172984 0.5915661129442715
0 0.7065654376859811 0.5945254886998411 0.6993826621928747 0.5941873320461927 0.7009776942459212 0.5603113304460993 0.7081604269548052 0.5606494860908044
5 0.47406020099674606 0.4628468076505373 0.45902839263521855 0.49550148578016817 0.4110098657404251 0.4733986544507967 0.4260417056996175 0.440744099483717
5 0.2873702176309507 0.15786812138229742 0.32355937351417197 0.16066275175678557 0.3204500196592335 0.20092705494460386 0.28426086413696794 0.19813242764126315
15 0.5639054725710366 0.4217366546899369 0.5268430163829407 0.44609951106338036 0.491473291398961 0.39229520623228736 0.5285355287744551 0.36793244747959464
15 0.4996407017480351 0.7173972090405716 0.4848978310952816 0.7396070957856394 0.44663944160129176 0.7142151224125319 0.4613822902414313 0.6920053468836127
15 0.4770566274534076 0.7372369217558243 0.5012915767451886 0.7163995407748839 0.5338620062943846 0.7542743585780864 0.5096271674075297 0.7751116212840666
15 0.45378372213417606 0.013199712996404094 0.48789685382132575 0.005336207588546391 0.4971617394636496 0.04552874328650669 0.46304860828320216 0.05339224728862882
15 0.26686086223980965 0.3237115360763581 0.2452755410681675 0.30908243119833595 0.2792113069847346 0.2590114475050699 0.3007965430377908 0.2736405124299162
15 -3.1527633836958557e-9 0.9999999999999882 0 0.9981093691405818 0.0074310374727701856 0.9981093788737461 0.007431036458228846 1.0000000075946733