12 0 0.5715009800796812 0.012111194666666667 0.5715009800796812 0.012111194666666667 0.6226485159362549 0 0.6226485159362549
9 0 0.019013703187250996 0.011718749333333332 0.019013703187250996 0.011718749333333332 0.054253998007968124 0 0.054253998007968124
8 0.1225350466004329 -1.0372386915833164e-8 0.12253505398723519 0.05632159577257054 0.059694352816677565 0.05632158799349179 0.05969436133329964 5.0770846507033834e-14
0 0.7503825804483313 0.09148588831303052 0.7165026772370311 0.06657155108792014 0.7832106201004763 -0.024141533683374402 0.8170904910889476 0.0007727853749903698
4 1.0049216606037135 0.5404526745908427 0.9341764945147588 0.594778450912437 0.8261766704810043 0.45414652351139695 0.8969205876410342 0.39982147021148334
8 0.32974079112682375 0.3041612238340808 0.39146687215702514 0.24378006970022884 0.5058164994198933 0.3606733275958721 0.44409091914485543 0.4210539790350888
4 0.5743020119999755 -1.8492094965404473e-9 0.5743020134208336 0.0233060856560669 0.5012420316968473 0.023306083931794286 0.5012420333333694 1.6551929587420978e-14
0 0.2979359520205662 0.38940510572616216 0.3229574072768173 0.38644631820265213 0.32852622439577317 0.43353754328078586 0.30350477074205173 0.43649632198643423
0 0.21509420527729617 0.4000630343356235 0.24687298281662606 0.3920908662323625 0.25782994262749526 0.4357654234204989 0.22605117370335392 0.44373756858352154
4 0.5258853154368808 0.7478162765214372 0.5924644124739871 0.8636225713242047 0.4565347667240758 0.9417508657222275 0.3899583347387079 0.825946876339594
0 0.9254050327893992 0.7937616174391704 0.8550227210564572 0.8753250033718989 0.722477124664124 0.760968782466668 0.7928583013434718 0.6794070892979639
8 0.08858047801493285 0.835512865661319 0.07012646036719161 0.7865531154834179 0.19478431420930065 0.7395751075042338 0.21323866762054422 0.7885340804790386
8 0.10577058307467269 0.7752356035088452 0.09649973655245958 0.7445316341636085 0.17503813779501343 0.7208214226015833 0.18430914653561103 0.7515251025809847