14 0.5327100066564299 0.20488515364300294 0.556256215170265 0.19542913198043896 0.5645618275775632 0.21611047016139304 0.5410156228504093 0.2255664850608853
14 0.2912833114858131 0.2608824237113703 0.26816201398901285 0.2592219503827703 0.2699102720087012 0.23487902584341566 0.2930315273185897 0.23653949765764595
0 0.21208597263773754 0.23921781723755642 0.2659170155626498 0.2633894290273163 0.2338633811082218 0.3347722024660717 0.18003238770120333 0.31060067354329596
0 0.10232084963899979 0.4152071599998399 0.07197637460308215 0.4110329358767375 0.07851659389359611 0.36349183441549204 0.10886089847008407 0.3676660466369195
0 0.4553431866667097 -7.597544435587304e-10 0.45534318715840527 0.020452458240084122 0.4191421313171304 0.020452457560763672 0.41914213200004724 -5.221824736793422e-14
11 0.0042606461579453025 0.10721577887478623 0.04443550023665921 0.11168796978380087 0.03992731755715795 0.1521859525917927 -0.0002475360878406718 0.14771376526087154
0 0.4305220516831696 0.5309903130261869 0.5040958068580039 0.5343134088051237 0.49835160000054657 0.6614776490627755 0.42477784758250436 0.6581545918837534
0 0.13168002392751532 0.8280762325575952 0.10338603259117463 0.824920494493313 0.1092696467553651 0.7721810670203471 0.1375632741139725 0.7753367845429616
0 0.484548247828684 0.9884367512072129 0.46380488134241205 0.9866964200649906 0.4674426536378178 0.9433512284527534 0.48818575595737457 0.9450915484527296
9 0.3911704831231191 0.31231453374673573 0.3680382901654866 0.32230613425381477 0.3451280505202021 0.2692664761197315 0.36826013931829493 0.25927490146793747
9 0.5447810289424524 0.17788511576368848 0.5108340993257343 0.18784377308027284 0.4876506714175548 0.10881681184040946 0.5215974816482003 0.09885817361979779
9 0.6091360253333278 -7.320284426606994e-10 0.6091360282184723 0.03814652425508049 0.570112001681423 0.038146523031371435 0.5701120027799789 2.371777519294604e-11
12 0.8007812506591563 -7.940578424090644e-10 0.8007812511508519 0.019021364521864127 0.7495320871512376 0.019021363442900705 0.7495320880000236 4.587577406759389e-15
12 0.5344322022232291 0.2320723930332849 0.5771649344046637 0.2186368693395628 0.6066802158726432 0.31251060324276214 0.5639475092623343 0.32594607144523746
0 0.4694083305842014 0.3355569893532664 0.4849331498803622 0.3394342237356738 0.4784865175811319 0.3652461985155358 0.462961700268238 0.3613689696554804
12 0.5534865854692725 0.4358569118986083 0.540519682516333 0.4375212329016716 0.5359795347334284 0.4021501515733835 0.5489463790585205 0.4004858343930312
9 0.5178162310990047 0.6226680619462048 0.5496426479390948 0.6149506043015232 0.5673698812031489 0.6880475993132025 0.5355434847436982 0.6957649990325583
12 0.6186809115781671 0.7896019343152999 0.576529737068654 0.719080642322077 0.6287844409196168 0.6878529867748668 0.6709355940647583 0.7583737933431631
9 0.5585428530862373 0.9434235611405724 0.5824984115982943 0.9404815931280843 0.5884072278377062 0.9885818128580464 0.5644516731389331 0.9915237598881205
12 0.771211320334487 0.8516197351387698 0.7506011166178723 0.8565968455460294 0.7396362711257325 0.8112006391416017 0.7602462420368283 0.8062235580386583
12 0.8862008137767816 0.629712571130868 0.8513100074389968 0.6321408479824077 0.8472853301321948 0.5743156659493905 0.8821757678327913 0.5718874019500422
12 1.0000001356291932 0.6194311593625499 0.9714682117713664 0.6194311593625499 0.9714683468080239 0.5600063804780875 0.9999999674736273 0.5600063804780875
9 0.9893836773333334 0.016666075697211156 1 0.016666075697211156 1 0.054665956175298805 0.9893836773333334 0.054665956175298805
12 0.8258615280000186 0.2461507131474257 0.8013355727001681 0.2224381029146299 0.8488467405373967 0.1732979996029173 0.8733726409371911 0.19701055909303103
12 0.7654797905207715 0.4188017409851909 0.7489110737799365 0.45129963821019736 0.7067572121236481 0.4298090093736412 0.7233259435898844 0.39731121131295905
8 0.8950981084393561 0.3428395690579825 0.838295792955364 0.34496540822871746 0.8355904150411106 0.27267413820961267 0.892392341633581 0.270548306372777