14 0.25374951117180444 0.47268667028029254 0.20522092825899563 0.46429088628823334 0.22944681121407484 0.3242725309215692 0.2779745815652177 0.33266824334008904
14 0.46820341369516427 0.17954824446115158 0.4205652980690502 0.19390645388398253 0.39624062023438 0.11320161269439385 0.44387856694004313 0.09884343067081165
0 0.6743642260282741 0.40230121663549534 0.596114111844372 0.4519090703410296 0.5342234444223095 0.3542881562441457 0.6124727533310761 0.30468064494320973
0 0.16552687164892177 0.3798846698516094 0.1327922287847514 0.31685857930738665 0.20131172695209898 0.28127202509742644 0.23404640244621078 0.3442978666357688
0 0.3292253190347765 0.34108595352797444 0.2910631474417187 0.3057186077577183 0.3332615319212664 0.26018696246139794 0.3714235863809563 0.2955542093943533
12 0.5967863598897338 -2.7099133013939793e-9 0.5967863622585128 0.03195022065757212 0.5344303876413505 0.03195021813312774 0.5344303901773628 -4.845376272542076e-16
0 0.6124710630872414 0.07493630915082805 0.6051287211394083 0.07612964924703006 0.6011719119422878 0.05178435215519919 0.6085142503410452 0.050591012359559255
12 0.906589534189493 -0.021856121973116174 0.9407430743710847 0.020278865789146665 0.843322947063939 0.09924504132481282 0.8091694389790973 0.05711008660158572
11 0.9206492896446434 0.10702093423340686 0.9189280707792022 0.1414855654220946 0.8913343092149262 0.14010748031800785 0.8930555450316433 0.10564286722968402
7 0.8132587817448211 0.10224346763347456 0.7975206007605493 0.1338483819351479 0.7710774481226963 0.12068062226951393 0.7868156320440676 0.08907572366307974
7 0.9355087104374888 0.05559565371375974 0.9254357021745818 0.09055341544129002 0.8991178154310546 0.0829699732659228 0.9091908297540385 0.04801222158358765
7 0.8450710839017574 -6.165505358727393e-10 0.8450710849822372 0.027297403727722963 0.8137441760205775 0.027297402993063862 0.8137441767077007 9.337967531903312e-11
11 0.7796725784447476 0.12285551235955057 0.812249133697135 0.12285551235955057 0.812249133697135 0.1889831617977528 0.7796725784447476 0.1889831617977528
12 0.6009614890564308 0.777962271216948 0.600384655784751 0.8238120252302885 0.4932223379558991 0.8224630130033771 0.4937997628608173 0.776613855168888