14 0.01589467509700171 0.6065806426989948 0.07433913630563893 0.5271372471799022 0.1843291536521292 0.6080458003081315 0.12588581493878337 0.6874881836446385
14 0.38071968523308897 0.14721102227335484 0.4157011275270861 0.09642151776596229 0.5037574916582344 0.15707026727647544 0.46877619128554215 0.20785964445097885
14 0.5444648041818709 0.451489019870885 0.6041177535640827 0.42545825088562056 0.6294590679044632 0.48352761046080084 0.5698061893762087 0.5095582617619231
14 0.5769761368272839 0.9036416494929114 0.49566536144197926 0.9024405170675462 0.49764888936579155 0.7682900301133816 0.57895686665222 0.7694911417677746
0 0.4303743519993759 0.5957892202933364 0.4235575203113058 0.7277137871282111 0.3382968489289624 0.7233077662035644 0.34511474504904527 0.5913843111202268
0 0.4709734205424638 0.0479623702275933 0.5241491626551351 0.04190442352790388 0.5357349675861087 0.14360265682741427 0.4825592280251385 0.14966059433468903
0 0.46201623630872746 0.2714676751729145 0.5043952081249472 0.2566868001631228 0.5303608867592402 0.3311323765602872 0.4879819414022677 0.3459131979010446
0 0.41571816509861037 0.9999999923533005 0.41571855518202483 0.9503087292660565 0.4566932399103507 0.9503091232302407 0.4566931525361042 1.0000000821261648
11 0.12411693946773994 0.9475244271395781 0.16339771984473828 0.9393322829070462 0.17340618527464358 0.9873087458029939 0.13412542268065408 0.9955008308974483
9 0.5706067706667 1.000000000000039 0.5706073880868416 0.9434668685330617 0.6269151424091888 0.9434674275480116 0.6269149960575078 1.00000009017817
9 0.657758473046897 0.8695685212637495 0.6750627252667982 0.8695716474107946 0.6750566797975353 0.9030273604824323 0.6577524275775204 0.9030242343495257
12 0.8054670780559263 0.9971467474933504 0.7490644235473383 1.0306380955897805 0.6750527113941871 0.9060281966524952 0.7314535604060666 0.8725375333055329
12 0.6416322169127398 0.6386745265362307 0.6879565847558524 0.6425611321767395 0.6809823332934002 0.7256756430078883 0.6346579695162973 0.7217890709660025
12 0.8741198226204006 0.3152508822920768 0.9138356288899558 0.4039024169837724 0.8103838238740764 0.4502459205001443 0.7706686981762232 0.36159496078974734
0 0.6192521134216804 0.7535140835052617 0.6027907502823382 0.7562070909342821 0.5970660298788744 0.7212194311864912 0.6135272650719799 0.718526434404933
9 0.8698935882388241 0.5153576987873617 0.9203590451536456 0.5105552974572205 0.9293685955857427 0.6052224127409106 0.8789031445101045 0.6100247750059752
9 0.847298063731273 0.16354343267481386 0.8133168060612661 0.15038873993021526 0.8333846903344693 0.09854967945210899 0.8673658827268582 0.11170435834128446
9 0.7360304988204689 0.3902817890379918 0.7117932597441268 0.3757972922390367 0.7527724366763096 0.30722871539042756 0.7770095143971503 0.32171314983561905
12 0.9912919939720268 0.001033382928684562 0.9903867166663076 0.053594829038026655 0.9291012143821717 0.05253928127821252 0.9300065050800868 -0.000022150276814211137
4 0.9981706694185277 0.20457764257398225 0.9126190362361513 0.22916413204572042 0.8717343767133343 0.08690128566089206 0.9572854579538443 0.062314882550358976
12 1.0000002095260925 0.8838669561752988 0.9661759660557436 0.8838669561752988 0.9661762558189366 0.8170443227091634 0.9999999129407797 0.8170443227091634