14 0.27323009653616737 0.2569243759215399 0.25765990459865407 0.26392064974589197 0.24504367465783616 0.2358437524236673 0.260613835607046 0.22884748665049112
14 0.3337366028474662 0.588433418220773 0.351149039186339 0.5865530192362866 0.35463101849063605 0.6187925107628576 0.3372185830645549 0.6206729041359381
0 0.35522634515689333 0.679611650485477 0.35522676001153286 0.6355867609783168 0.41433365643092657 0.6355872452067158 0.41433350218153464 0.6796118753527375
0 0.13584765688949574 0.4118270934466007 0.1461836190972008 0.4101468969357045 0.15360868463869792 0.45582068231800543 0.1432727236762048 0.45750087370401354
0 0.5103831233269602 0.3428646357402676 0.4915838044383918 0.2423306331554356 0.5826224175441439 0.2253072719654991 0.6014220449800405 0.3258408842950619
9 0.35594378726352716 0.4442984661515267 0.3782338308458293 0.45386718463322445 0.3564026552591031 0.5047187949879993 0.3341126340349092 0.49515011479683396
9 0.22752462805806317 0.26367602591394507 0.25656751771532527 0.29462454796303356 0.20878634544601482 0.33946230492610163 0.17974355213902982 0.3085138762866973
9 0.10251044679398547 0.20676066990290734 0.12547973643609112 0.20302666604770248 0.1331686176289395 0.2503232034538436 0.11019932955184686 0.25405720101150603
12 0.2953051670875766 0.15793876430623335 0.3381530764789886 0.17413471011399675 0.3063837896551149 0.258182303395898 0.2635359047083057 0.24198640346898986
0 0.36806080030578414 0.30683055973219736 0.38518287372301074 0.310352771043157 0.38085569916529494 0.3313872622433337 0.36373362687584176 0.3278650546116452
12 0.42115307193955687 0.2097715844898036 0.3975017625733699 0.22197911940855813 0.3895382755240462 0.20655055614804801 0.41318956343786795 0.19434302791262928
9 0.5799679241171134 0.13114951998116978 0.6066661586939972 0.1612382469371583 0.5589484132220832 0.20357859633362144 0.5322502300091401 0.17348991826151122
12 0.6135268217858538 0.08141242642482424 0.5882629100298118 0.0855195254455987 0.5749919184395367 0.0038859401175269648 0.6002558048029414 -0.00022115686941385544
12 0.03847675170527509 0.9736164053398082 0.04967884707821213 0.9722784639405503 0.05298913673811967 0.9999861396557058 0.04178704235857822 1.001324075436613
12 0.14793321015133643 0.9151186422883676 0.07394595770904289 0.923855965483805 0.05605036122142337 0.7723388104643297 0.13003474570427898 0.7636016582531276
12 0.2980649547411076 0.8335450876030092 0.2577798305326269 0.8450470861491187 0.21990660776168625 0.7124210032583348 0.2601904954407246 0.700919192550065
12 0.34549747068490433 0.8362090486119844 0.38826270282118003 0.8220901921898686 0.42623984042722896 0.9370944443641306 0.3834747163903103 0.9512130703231245
12 0.5442539296814175 0.996325676000721 0.4870727477400578 1.0152807048512917 0.4376786391422911 0.8663118698764692 0.49485752281952955 0.8473572494289691
12 0.9168205873934312 0.8728106735933061 0.8410162877614766 0.8818652061105762 0.8287501463336184 0.7791862544199075 0.9045524689418016 0.7701318422079174
12 0.9776564064447939 0.9054910300082802 0.9937804122231455 0.909332616069559 0.9824632409788592 0.9568209001563142 0.9663392443655994 0.9529793407067022
4 0.9301297742987344 0.9792324174504284 0.8742842559803421 1.0042521118533456 0.8347062483659329 0.9159347885391385 0.8905504102086752 0.8909154466740425
4 0.8374197190122459 0.7141185672867195 0.828298055484197 0.6900010953197036 0.8651552881891575 0.6760630531995536 0.8742769941351298 0.700180424489835
13 0.9884585636042402 0.8338198979358407 1.0033859701896972 0.8359994579062522 0.9977127776038515 0.8748455452707228 0.9827853734075234 0.872665996442191
13 0.9293680385552534 0.8605533077115748 0.9414344112415165 0.8652139271383835 0.9270074592063793 0.902556593401576 0.9149410999118572 0.8978959990459981
13 0.8260126540601505 0.7188732953131528 0.8209225385892296 0.7193467670684798 0.8184054761181869 0.692290757995714 0.8234955620736173 0.6918172876213635
11 0.8950367230478378 0.6812122998082774 0.9105843758030687 0.6706384256324206 0.926439462441067 0.6939481812355737 0.9108918353139188 0.7045220241306095