8 0.3610109343348995 0.31135147619924225 0.4330164960059619 0.33325509837130807 0.3815416875202118 0.5024643535419757 0.3095362315866623 0.48056097118522506
4 0.11020508935882845 0.25409254854368785 0.12257852237848965 0.25208108381070904 0.13661186139836445 0.33840438778891413 0.12423843031456272 0.3404158446101959
0 0.4314013993807748 0.5168372352068367 0.46392423710847197 0.5074089493709488 0.4739226354162156 0.5418955204544631 0.4413998089011102 0.5513237790205197
0 0.45670055453058467 0.6115258040675643 0.48728248967688614 0.6064616320401826 0.4955925149492941 0.6566388831662834 0.46501058589069544 0.6617030302942073
12 0.8787361343792099 0.679611650485401 0.8787361483808809 0.6694733867452521 0.887467911451381 0.6694733998420159 0.8874679065484088 0.6796116544801538
13 0.8378098817478303 0.23868331070757 0.8525387134611719 0.23824178881837393 0.8576277619318944 0.4080037437212791 0.8428989303787375 0.4084452619255957
4 0.860665395262572 0.42187296331220475 0.8695933838041583 0.422690620274738 0.8660094707021244 0.46182106006956264 0.8570814824638546 0.4610034052653701
12 0.8628213390302335 0.4851059195277912 0.8549172345831266 0.4841478263285305 0.8585419712809426 0.4542465784331147 0.8664460418488034 0.4552046695487091
12 0.8567137230930939 0.21529994331082836 0.8488946466750349 0.21510845863137165 0.8508363922535409 0.13582088514030827 0.8586554357065097 0.1360123694174323
4 0.9045921747110697 0.5922103784909645 0.8971854655802645 0.5924142142885166 0.8957320939489364 0.5396078684144857 0.9031387356476444 0.5394040335455385
7 0.8836296252682132 0.5749640504913371 0.8924379468633106 0.5749115561548093 0.8928231263658972 0.6395359580242298 0.8840148047743241 0.6395884520477887
0 0.8944886036949811 0.25753563964901743 0.9017597351941049 0.25731767384690535 0.9050192558715935 0.36604920485369413 0.8977481244234014 0.36626716952910165
7 0.9038878945385704 0.19394368117431576 0.9113013504538685 0.19435954072610273 0.9071184237953958 0.26892671945398655 0.8997049679688871 0.26851086099477833
11 0.8328790439484237 0.07420052696931154 0.8356206187144153 0.07411834095734847 0.8378109961523705 0.14718508235917088 0.8350694213911538 0.14726726827014802
11 0.07288494463637107 0.7272777452337562 0.10858962131760563 0.7429776089727765 0.07658465421116034 0.815750214082235 0.040880064932252935 0.8000504974721511
4 0.12469106963783361 0.9012436216356796 0.1605900197603205 0.9132544839973202 0.1310998919972235 1.0013727143846893 0.09520101800364955 0.9893620138249168
4 0.12512326242745075 0.9309956191255423 0.10108891037691592 0.9279818817919834 0.11212903363366422 0.8399612858532487 0.13616281778263328 0.8429749871831209
11 0.34720882314377377 0.985665291145602 0.18937342007143343 1.0107545472439035 0.1517897923451983 0.7743477588469013 0.3096152725452157 0.7492593059469994