14 0.3350425615731183 0.24030052537956778 0.34451618491425506 0.24261549267858298 0.3399592466495278 0.26126366109928795 0.33048562391275027 0.2589486954969225
0 0.27570283776708493 0.07380271791812033 0.23639351329245528 0.11014582810314713 0.19305652370462667 0.06327184794458901 0.23236581988112448 0.026928761654834286
9 0.3846050015960145 0.11068327575718268 0.3748374353517647 0.12106148205448142 0.36014057426280033 0.1072294109186838 0.3699081376231561 0.09685120800976729
9 0.3598660568119385 0.2623162280485704 0.34780580651568016 0.255552162127002 0.3613188765440327 0.2314589953738724 0.373379106854145 0.238223054278374
12 0.29342060883266186 0.2638621753654665 0.2821546217520563 0.23292299350082138 0.3231936434817726 0.2179795792300166 0.3344596527069825 0.24891871111360817
0 0.3242517852579567 0.15892427729577221 0.31491799362243 0.16370016977075555 0.3089537106706075 0.15204392193415642 0.31828749755356966 0.14726803092161858
12 0.2762733455210764 0.18188266391713556 0.27060817218011834 0.19010652546844864 0.25709811594970233 0.1807999392082994 0.2627632883596789 0.17257608135598837
9 0.20679373266045786 0.09713786346729841 0.19789974098716812 0.12095137859508621 0.16612428417761294 0.10908374712787189 0.1750182813276524 0.08527024471737943
12 0.14822075755716924 0.14854187648181655 0.10729531099013911 0.15537923632389214 0.1002262648771648 0.11306706344612001 0.1411516419061627 0.10622970959576644
12 0.0449530008520469 0.17788279075226235 0.059127768017106064 0.18583285140081524 0.050869152656787264 0.20055760181727317 0.03669438826500482 0.19260754503036853
12 0.18782033658214914 0.32506689213506323 0.17482068132903805 0.3108194511249092 0.19692464886213656 0.29065194251659626 0.20992428833824306 0.30489936348992425
12 0.7209135829878051 0.3677288996078501 0.717909186358952 0.27519916165515085 0.8680844412292572 0.2703229609420287 0.8710894895696129 0.3628520261963198
8 0.28335568597208294 0.45850600636683714 0.3134873560312599 0.45612097741763236 0.31911888732815896 0.5272628223163106 0.2889872188375193 0.5296478384853395
4 0.26224667556391523 0.7672922090194889 0.28223756574823256 0.766552263919881 0.2849231611169216 0.8390942828173015 0.26493227129924435 0.8398342213377219
4 0.20841195600871742 0.7448101347327948 0.227811907841442 0.7432747276337603 0.2326835705554231 0.8048174111766774 0.21328362002475387 0.8063528070814855
4 0.2385593122494356 0.4809664661213612 0.23057313903939303 0.4808810796104119 0.23077898079520764 0.4616311382468166 0.2387651319060069 0.4617165246395137
4 0.16300442538340576 0.6197484139984162 0.15420392592102417 0.6190908022178897 0.15655288798825495 0.5876596586152363 0.16535333664182872 0.5883172684892316
5 0.3226588271725177 0.4575562849371703 0.33702164951978375 0.46028259033192304 0.33185656044622647 0.4874916657901138 0.3174937395966708 0.48476536583564356
5 0.2855790663854805 0.5362862167489135 0.30690610392855433 0.5367099347569415 0.30531990716599466 0.6165403087813229 0.2839928697187588 0.6161165937430924
5 0.21673024910057848 0.4690744409301026 0.2291219994807534 0.47015075756900565 0.22585075298025004 0.5078102821699183 0.2134590029914989 0.5067339685593489
12 0.29505465926058605 0.6743826412252169 0.3192668486369712 0.6740858126688525 0.3205087809416227 0.775374082899887 0.2962965916253779 0.7756709081372948
12 0.3049852700903557 0.7880718438979255 0.2796799809419781 0.7925013310004531 0.2671058920489031 0.7206779790026239 0.29241076142045586 0.7162485297774562
12 0.32386496994774916 0.9318805424515479 0.2956056691207323 0.932060593306962 0.29514417697293993 0.8595919747628462 0.3234029156814131 0.8594119257052152
12 0.22016031221210142 0.6017764790045581 0.23250572764425215 0.6007993354105955 0.2350059318878266 0.6323837687972067 0.2226605168026481 0.6333609094802837
12 0.16714598768817268 0.9315658494369177 0.15622132134535605 0.9354715325462057 0.14596609496811652 0.9067937086299399 0.15689067660673572 0.9028880421322517
12 0.10726269730434979 0.8820777433916058 0.12099406389779688 0.87852022131356 0.1275347718278681 0.9037600457206603 0.11380340995924598 0.9073175551776348
12 0.16630942582560237 0.9319249845367504 0.15490825524784668 0.9347952703429842 0.14788964149011008 0.9069233785752485 0.15929072478979833 0.9040531042593428
12 0.22435985968456862 0.40805360370238375 0.23682121570311665 0.40788776523514947 0.2372070707981493 0.4368799560539451 0.22474571478630878 0.43704579421154227
0 0.3570042889926981 0.6795839975562091 0.34722234973025934 0.6809682757437245 0.3432727351827225 0.6530620973806195 0.3530546192861266 0.6516778231559092
0 0.2215884953902787 0.6735526377948348 0.2453379373257576 0.6732629054661537 0.24634467603539179 0.7557730636311684 0.22259523414959403 0.7560627933539945
0 0.189174869011822 0.6138886718644211 0.21138960565644993 0.6121303840650035 0.2154504309218055 0.6634298329456848 0.1932356953021781 0.6651881119452178
6 0.3607427147387625 0.5119201622392415 0.3925266332928459 0.5272828869553586 0.36202622705502563 0.5903792552641098 0.3302423665245442 0.575016621465826
6 0.2475294951749447 0.4361026843725784 0.23665996585486937 0.4358107373281743 0.23817618949863117 0.37936421443266843 0.2490456428571406 0.3796561604584537
6 0.2672057258064342 0.6274249211509755 0.25715022894314643 0.6267079993118436 0.2607609946556977 0.5760700108141371 0.27081639857794926 0.5767869293340068
5 0.3175471396396006 0.7991933120031133 0.3350615441835316 0.7994901937950933 0.33404654128742095 0.8593575208213944 0.31653213679919645 0.859060641271956
6 0.2948769515305685 0.999999999999999 0.2948769541301317 0.996897961337531 0.29860984122501577 0.9968979643588409 0.2986098403869164 1.000000001260162
6 0.24631180145911458 0.9304288200407367 0.22272949971966227 0.9277798647218223 0.22977652384349767 0.8650613498711314 0.25335842157426214 0.8677102822544789
6 0.17252735288070653 0.8093285315326246 0.1668477705532041 0.8109277170257825 0.16247610762457043 0.7954045653656526 0.16815566883985866 0.7938053830236318
5 0.20557635940292585 0.6643499382481187 0.21863302871281576 0.6648023122505747 0.21746438547575053 0.698527622920002 0.20440771624771514 0.6980752505028268
5 0.19875839989379074 0.9222012210538417 0.2100776868498997 0.9228560591538689 0.20849627251004677 0.9501845438624406 0.1971769857726713 0.9495297083197392
5 0.17731061351332755 0.9200862393633019 0.18650573672766768 0.9209765596124083 0.1839121534909509 0.9477557201539462 0.1747170307611441 0.9468654033094881
5 0.287022349500603 0.9993684735559416 0.27655149163877013 1.0041525062888172 0.26759611661566396 0.9845576031051853 0.27806691581622545 0.9797735859599057
10 0.21088508673472006 0.9999999999999654 0.21088521969181784 0.9751013324761071 0.23679139181308528 0.9751014810021857 0.23679135586723987 1.000000051326145
9 0.2002796738553343 0.9818172521096752 0.19557076854312072 0.9842451062491321 0.19011643738053863 0.9736693143987284 0.19482532890299353 0.9712414645614414
10 0.11912531250766278 0.8597532669651633 0.11417776367989063 0.861180340414346 0.11053993064297174 0.8485710456119385 0.11548746357334494 0.847143974601302
10 0.10152737978114601 0.8743934923724779 0.10803332655359554 0.8741307626660164 0.10873870774275929 0.8915939109866381 0.10223276100737166 0.8918566400753902
10 0.14052267113493144 0.9558427561552317 0.13658526140613958 0.9552387283160071 0.13787951406516186 0.9468043864996694 0.14181691423584653 0.9474084135932349
9 0.08820562959363087 0.8630411732605215 0.08133117379827581 0.8630213556489066 0.08138327470919648 0.8449578796590641 0.08825769820771256 0.8449776972241347
0 0.07076716105518699 0.8571740787235235 0.07514896874226906 0.8541604914830505 0.08351690340464302 0.8663248738837576 0.07913510052821948 0.8693384552831881
4 0.797829578347887 0.6176813228390982 0.9084275546014169 0.6130622470972992 0.9233164405023899 0.9694995235458399 0.8127184793148672 0.9741184066516029
12 0.5202254388278789 0.8001111826954872 0.5987081241577243 0.7428931525841386 0.7211296880665259 0.9107771138224453 0.642648315247925 0.9679936055048706