0 0.31033279123971624 0.11623281487304375 0.38938314039501165 0.12400702983535147 0.3765778516848286 0.25421350801255066 0.2975275064480911 0.24643932195348417
0 0.16661386145790402 0.38782827250463914 0.15107876063211734 0.35880814370521225 0.19799032317848742 0.3336963648558415 0.2135254323186473 0.3627164091025604
0 0.13503964157393966 0.20017699122960037 0.09343155042654416 0.21106121703066522 0.0649896118095512 0.10233414233810696 0.10659749372450733 0.09144994560296309
8 0.6194309676416196 0.006881409345280642 0.6535545105720075 0.031243403722903088 0.6220607438892785 0.07535630198772095 0.5879372078953793 0.05099431594270528
8 0.7351411359857138 0.25949847736670195 0.708154133588323 0.24482117869004055 0.7270918924323269 0.21000118077083213 0.7540788343529812 0.22467845924272065
8 0.508035523130161 0.26820050138237267 0.5262656348995733 0.24354498870721494 0.5735454961186406 0.2785026321741456 0.555315450811463 0.303158084857884
8 0.6101138756629325 0.3436744154554741 0.6155405302599775 0.3363351539792195 0.6299459227300304 0.34698612735030165 0.6245192757653513 0.35432538191331403
12 0.5316969858233733 0.24338317028936893 0.5352716380280071 0.20374790245508703 0.5988547000484914 0.20948226512191656 0.5952801418725358 0.2491174456647052
12 0.5281484861012586 0.13473956926243547 0.540975605459721 0.14389723274364893 0.519831827801454 0.17351305510978715 0.5070047149339416 0.16435539945345595
12 0.4776321597776132 0.18578189349166316 0.49620474682637905 0.18010089494177958 0.5117452801009676 0.2309061067006884 0.49317269716584633 0.23658709565887343
12 0.6326358397882359 0.2953140309064946 0.6700722533387307 0.2863058459653437 0.6858700484505107 0.35195671103213994 0.6484336457054951 0.36096486593499494
11 0.705306369308687 0.32750043633741627 0.6741800979099253 0.30527892944773766 0.6968341974649093 0.27354767396381013 0.7279603915071675 0.2957691413749904
11 0.6845694416097103 0.12880350593739234 0.7200002720026077 0.1232892226880147 0.7277098517687364 0.17282514964639184 0.6922790229929205 0.17833942657627483
9 0.6483629717912436 0.010271079063554523 0.6987541083550468 0.0034435418107138798 0.7122648676165682 0.10316061829407386 0.6618737327361259 0.10998814939856234
0 0.799244151516632 0.11965079295374764 0.8054084906569869 0.15789521561754805 0.7761669203072188 0.16260839878524833 0.7700026083080047 0.12436400016197315
9 0.8187310480736869 0.03680074681048908 0.8226325384573556 0.031523990559300594 0.8475182181122136 0.04992377650434371 0.8436167289169134 0.055200531680994265
0 0.5094668735208643 0.16090667008663254 0.5275437971107522 0.17381229991352423 0.514460259502016 0.19213823678499134 0.4963833424627637 0.17923261480071914
0 0.5833402887475359 0.26512910596974115 0.5770851515576396 0.27416594139690015 0.5611787651336044 0.2631560501584298 0.5674339004150397 0.2541192218100959
12 0.18791979591833297 1.0000000000000275 0.18792286114580747 0.8859675277540462 0.3130154217516292 0.8859706421088581 0.3130144020199168 1.0000010807182422
11 0.1557884802099352 0.5526554291627961 0.08870360068874561 0.5440199496738245 0.1109495199552839 0.37122402713866914 0.17803269738851668 0.3798593922782767
4 0.30510467898432125 0.4636167136357398 0.4055179640993174 0.44406882978159457 0.4567260515399312 0.7070886883477225 0.35631291184881775 0.7266360932969254
9 1.0108310281239028 0.610375029962311 0.9210459363592918 0.8304125378164036 0.6187274298501961 0.707064056619913 0.7085150756768144 0.4870341770506611
9 0.4387755102040816 0.9345611583094556 0.6658219005102041 0.9345611583094556 0.6658219005102041 1 0.4387755102040816 1
9 0.5981820100673758 0.44201191121486577 0.5796769592930104 0.4873634639169502 0.42527150681985404 0.4243631851995369 0.4437767412409812 0.3790121263091321