8 0.4293178984962651 -4.3816276396260994e-8 0.4293180137121908 0.11561881737578046 0.2557210445047531 0.11561876265579935 0.25572110088069167 2.134482782588266e-9
9 0.43984969215114234 0.4903123531073445 0.3854075918994795 0.4903123531073445 0.38540781155120385 0.4294498502824858 0.439849434634084 0.4294498502824858
9 0.27940552631582705 0.6569907146892978 0.28745282832937846 0.5912445895861774 0.3690992601668768 0.6012367936137873 0.36105252668255616 0.6669824053530448
9 0.23240447500563732 0.5621696894609727 0.25815285160501844 0.574616459669842 0.23657356419960252 0.6192523629999243 0.21082522341328058 0.6068056482644627
10 0.4398502017621695 0.6302513983050847 0.3777648926946995 0.6302513983050847 0.37776555044524684 0.5180851864406779 0.43984962406022987 0.5180851864406779
10 0.2904993780765608 0.8643993057121897 0.31992690709091676 0.8786225984639187 0.2962227444545533 0.9276537434038252 0.26679528335216673 0.9134305564231072
8 0.2421501472408636 0.43875862039614166 0.278933250138266 0.45654027059141383 0.2530714918071908 0.510034219207606 0.21628843814630727 0.4922526452026947
11 0.40282551673783473 0.7822422369598097 0.4547367040535164 0.8073334128102144 0.41086981342289164 0.8980701832886082 0.3589588355093838 0.8729793321345319
11 0.07474870025316704 0.6679705010470589 0.17504887283064363 0.6790591532294982 0.1519766419365851 0.8877178700207815 0.05167651168380871 0.876629493780449
11 0.0779174924812196 0.8821331186440559 0.09305521562782815 0.8682724834741685 0.11668546513044475 0.8940738360581677 0.10154780500170091 0.9079344056574984
8 0.5483126184494722 0.9999999704702457 0.5483127332590811 0.9846506419376566 0.5885979950525098 0.9846508807461635 0.5885979736840454 1.0000001157139822
8 0.7494270720728764 0.7537743592163494 0.7281411983526596 0.7433344318101631 0.7540235846840915 0.6905718394310056 0.775309227687103 0.7010116996222032
8 0.8735603929208082 0.7519323539275978 0.8500666250429276 0.7318000200943129 0.8878592541390162 0.6877044715268197 0.911352841867938 0.7078366767626554
11 0.49543314423340234 0.9713798726685637 0.5105911058370793 0.957092104088084 0.5364827768386249 0.9845528038912474 0.5213248935849606 0.9988404921923101
14 0.865137985616002 0.5506066652107916 0.8515159805039048 0.5630814406620249 0.8383646325115706 0.5487219443760006 0.8519866127819569 0.5362471892655357
0 0.8384835322216304 0.6403136864590748 0.8184910924735505 0.5914375047761685 0.920711701389223 0.5496292709860373 0.940704319529118 0.5985049629862496
9 0.8391014650604802 0.7125561445995766 0.8201840682424972 0.7044760760531226 0.842375603056098 0.6525280956481366 0.8612928047519972 0.6606081165544794