14 0.3783658559887044 0.23044166018736717 0.3597921310943093 0.21997653192757222 0.39594084226678206 0.1558199321129307 0.4145144987767253 0.16628503573390574
14 0.2518141567927614 0.16966199349367445 0.2486372949080078 0.2183644920892333 0.22011976589942606 0.21650428331383917 0.22329666559608086 0.1678018251393076
14 0.13877863519064704 0.011163475913501062 0.16889581527323116 0.028132773788308352 0.13441781717426693 0.08932441589041859 0.1043006439660985 0.07235512734924399
0 0.2707248817323489 -3.2946717565603073e-9 0.2707248845290451 0.04143472919775295 0.22168167005497708 0.04143472568524921 0.22168167360484858 8.486067763312948e-12
0 0.3173233663810606 0.20455636877074554 0.3101197476783 0.1692849036435454 0.34060649197056136 0.16305855443964418 0.34781013312158393 0.1983299882456053
12 0.16072452280855032 0.18034119446362704 0.13513725232508023 0.2015121485973858 0.10475585634708295 0.16479341174584092 0.13034308636406422 0.14362248445702258
12 0.15367000227513472 0.37882652484410856 0.1536700856910329 0.34840234338843634 0.1976051633815814 0.34840242889292156 0.19760515381335608 0.3788265375167702
0 0.13563430311342017 0.12907432785108575 0.12423434724848903 0.11869371336791242 0.13307341319773514 0.10898672713677629 0.14447336596754212 0.11936733910685614
9 0.20553094579020126 0.31520376157414853 0.22107945036020737 0.3125882272108404 0.22892717910440297 0.35923888370225576 0.21337867612567152 0.36185441172746874
13 0.5058873870759726 0.3842290734323961 0.4762503442397019 0.3772636969064035 0.48717873648229215 0.33076657474461096 0.5168156310256791 0.3377319330925719
13 0.47333924426936846 0.2559368660714285 0.48428624116354513 0.23758452877315434 0.5123644106673737 0.25433256464013504 0.5014174403706875 0.2726848787797827
11 0.6738347485672875 0.24700585076528658 0.6927398788201344 0.22378663498512427 0.7704335054014564 0.28704361743678086 0.7515284770162225 0.3102627386307045
11 0.6019495386824474 0.20620842346937973 0.6238222650989655 0.1649511473621256 0.6809100888516468 0.19521617530196547 0.6590374592258286 0.23647336789539536
10 0.6917431032998138 0.14156218686343708 0.6759294355830434 0.07966020386352486 0.7487989292612838 0.06104477453640896 0.7646126453944362 0.12294669313830273
10 0.5970879168708052 0.07840312026688236 0.6247395865551653 0.04746481295074526 0.6810250064307866 0.09777083171254057 0.653373369145811 0.12870910826963652
10 0.5764673663202302 0.1445103026203726 0.5470658262462393 0.1655402631961258 0.5218356004776297 0.1302665935855845 0.5512371042781297 0.10923665150226679
10 0.6090228311566079 0.06928279823320001 0.5905152809689298 0.0709362094189676 0.5879353586616389 0.042057686265568994 0.6064429000612108 0.04040427546709646
11 0.8842301410101072 0.23653123060232553 0.9197178522950935 0.2903790594487958 0.8555096448282029 0.332693386842826 0.8200221340086955 0.2788457350444254
11 0.49522895418306234 0.19729975573123099 0.4561337631076867 0.21759688849065068 0.4321251614645689 0.17135326287608674 0.4712202586646299 0.15105615959302549
7 0.7600560661784357 0.26262573522614246 0.7432681881579128 0.22767397765024236 0.7855920920256949 0.2073454784912248 0.8023799826476079 0.24229717792035785
7 0.642174505646949 0.1445449280058681 0.6550675812189866 0.17454893234049107 0.606212547135101 0.19554227843577818 0.593319520140767 0.1655383152398803
7 0.6303368404563798 0.06298852547418564 0.6357456196601561 0.044537837764873356 0.6590284128405983 0.05136313127934445 0.6536196381539412 0.06981381517175306
7 0.5864105572794642 0.04745287037860344 0.5458843437569385 0.06832480355015352 0.5351932298993916 0.047566288554263515 0.5757194324754664 0.026694358719797775
7 0.5747441892739289 0.1421984610052071 0.5896073516336173 0.17409717964114876 0.5406167958436754 0.19692400151854672 0.5257536854015825 0.16502532686242635
7 0.5169975797400639 0.270514681551732 0.5406471638299308 0.31241583508911663 0.48762755629707044 0.3423398244328565 0.46397810891755853 0.3004387887264601
10 0.4453740150931935 0.09767817343735942 0.4399488669907896 0.09790483663423026 0.4394146782307189 0.0851191255530899 0.4448398244018108 0.08489246239663376
11 0.6757914391117765 0.24599760204082222 0.6992283293340051 0.1979260284070066 0.7839302633842635 0.23922103626439853 0.7604935686393901 0.28729244357317846
0 0.8304622096505909 0.3604233609930081 0.7546601434212334 0.46435083707923547 0.5074720833324591 0.2840614474643193 0.5832738964032842 0.18013520827481563
7 0.43982808022922637 0.19858313775510203 0.45790223925501433 0.19858313775510203 0.45790223925501433 0.2481694413265306 0.43982808022922637 0.2481694413265306
7 0.471524775114176 0.15255505198923242 0.5034205694444154 0.13661164952925225 0.5204322957556542 0.17064445015724128 0.4885365111634883 0.18658783769746695
9 0.03558700060921183 0.697439470806237 0.06278603398175164 0.7067840479282472 0.03932003076408819 0.775074851718856 0.0121210337250659 0.765730350110585
11 0.23658614469911754 0.3788265306122473 0.2929734713043217 0.3743052785795601 0.30185285876473245 0.4850396983003041 0.2454655365928602 0.48956091714071165
11 0.3091014904327949 0.4433855196478109 0.39945364971947583 0.5531770176149312 0.21815929151011915 0.7023543103123537 0.1278095051463879 0.592565036853798
10 0.21622579356665028 0.8246937990930095 0.1772735357566262 0.8149535261760749 0.21878637579845872 0.6489729996633925 0.25773720466270333 0.6587130851675609
10 0.24707900173621056 1.0081193552027432 0.18618126894295983 0.9996171003496721 0.225817205017961 0.7158088750484084 0.2867104474471489 0.7243108130125754
14 0.29932693502689744 0.9867076781065579 0.26710135864720996 0.9756368188923663 0.33363843577080843 0.7820085905268221 0.365862395092563 0.793079148052593
9 0.21720338900445313 0.5567143196061303 0.12618576690840655 0.5617053879581917 0.11624455042181125 0.380407156276575 0.20725974985691664 0.3754161557541331
9 0.18748848443249244 0.5183123697544655 0.20948941885262684 0.5258716221025236 0.18496883501177308 0.597231329524083 0.1629679243442297 0.5896721254613019
10 0.8367755211577332 0.4612698580956083 0.7789529939248041 0.511980708813091 0.7005726602193363 0.4226131744303497 0.7583946306693861 0.3719027378903788
10 0.9834430766788955 0.6059749858612912 0.9418445426853168 0.6424558630687486 0.8776605256467747 0.5692753898284011 0.9192586224927481 0.5327948392857447
10 0.8560133361368116 0.6898713124396402 0.8179500262014017 0.7298580027523217 0.7626655182079958 0.6772398840735782 0.8007285458412525 0.6372535125032086
10 0.8380665581520361 0.8117321980464817 0.8784377204342491 0.8076585626241629 0.8827028083996993 0.8499183593123469 0.8423316494264554 0.8539919728705706
8 0.9337661851363919 0.7180861857169044 0.8974147679695079 0.726658068711614 0.8791737603768297 0.6493120513734734 0.9155245989531977 0.6407402395461301
8 0.8154840179541907 0.798351467521821 0.773921116516135 0.7931589139013969 0.7823488628376936 0.7257152002513798 0.8239111197145803 0.7309077132840847
8 0.6505319965797298 0.43522256182427516 0.6909030967826766 0.4311483411513005 0.6972695070256805 0.4942285540329623 0.6568984096275017 0.4983027564051877
4 0.5578552035221946 0.786942831685789 0.5419255080934136 0.8360995258812671 0.5004568665310671 0.8226636817163008 0.5163867005281872 0.7735072508672979
4 0.4951531979427273 0.7208542520937047 0.5089776275799522 0.7186540116977415 0.5134184826935098 0.7465520182559187 0.49959405469940066 0.7487522516987215
4 0.548588182311164 0.8740930037941058 0.5386816898377447 0.8766600071933142 0.5296342349945462 0.8417520906114683 0.5395406387010553 0.8391850992931794
0 0.619812951392646 0.7460230230272028 0.604006359179948 0.7668944907161963 0.5749814147185361 0.7449166679756545 0.590787970586689 0.7240452868467351
0 0.6825705202328436 0.8185143975388891 0.6676093543594561 0.8212184068479318 0.6617673697121518 0.7889010552260093 0.6767284182367348 0.7861970567796186
0 0.6805088925528935 0.9404836012980448 0.7177517678378535 0.9143968727894894 0.7492212626694936 0.9593124429189878 0.7119785595999701 0.9853989644885592
9 0.8169557987195049 0.5079529965568415 0.9007123152762233 0.5467256190896636 0.8447383815756666 0.667627581048506 0.7609821551762934 0.6288554224816147
9 0.7277623052775652 0.8382687580720818 0.7031603807223519 0.7991547806750281 0.7413134389195193 0.7751620177059422 0.7659153390918618 0.8142757803864101
9 0.7224841213363788 0.9264756800207032 0.7529198981598029 0.8997890308972535 0.7836433018525213 0.934819650467428 0.7532076914677646 0.9615061232410299
12 0.7867200162420431 0.9211900563717823 0.7455742053724634 0.9168341611489379 0.753038579048166 0.8463461201171948 0.7941836128459272 0.8507019739197834
5 0.8427407276285521 0.9277015207098007 0.8010821137301036 0.9415669117029982 0.7804999430065891 0.879742116290526 0.8221578664572462 0.8658768500399034
5 0.7219284592981694 0.7080495696312221 0.7601316925137098 0.7427090055278488 0.7223403589373447 0.7843570852533667 0.6841373380468667 0.7496978709764511
5 0.5939603398927602 0.6330194161121268 0.6209176069818341 0.6358735557222165 0.6152814982442578 0.6890994635912506 0.5883242335372643 0.6862453393753696
12 0.5707720491652708 0.529533514603897 0.5568933655605406 0.5342923126901581 0.5477569430138374 0.5076487095622348 0.5616355694842241 0.5028899221938888
12 0.5400281658594395 0.7359738668539039 0.5246476265407409 0.7412458754967686 0.5165718292715837 0.7176892704439595 0.5319522907685723 0.7124172763414037
12 0.575076956475641 0.8695129877698007 0.5431097486111867 0.7919404501037592 0.6051232260273309 0.7663903617859202 0.6370906652487065 0.8439622502289562
12 0.6173320403232765 0.9290396805061438 0.585954224559714 0.8641829231502252 0.6393448553907319 0.83835871686509 0.670722777237529 0.903214954425117
6 0.7177799274600147 0.690946158937368 0.6767834098192225 0.6817985267422602 0.6939695176807845 0.6047880406130713 0.7349654260624447 0.613935602659366
6 0.6983416132354705 0.9987282560984947 0.6703866743370099 1.0015488028297013 0.6641633380465919 0.9398836005129396 0.6921177680196706 0.9370630796916981
6 0.5740143291717459 0.9069682270761504 0.5813362934018187 0.9005481172655788 0.6015135263046432 0.9235538839629516 0.594191587886371 0.9299739663945819
6 0.5325351280279165 0.8509660188043309 0.5466649935905252 0.8386357754756687 0.564600027290453 0.8591839327037399 0.5504702028260908 0.871514132276904
6 0.5059071255871004 0.7016239009167252 0.48921805335908175 0.7127786882291872 0.4692215399967381 0.6828654872340986 0.485910519795425 0.6717107422201294
6 0.47152702556297754 0.6975225149743651 0.48955291243419197 0.7058666008975802 0.4774560370076415 0.7319956311961893 0.45943016628996247 0.7236515714437627
5 0.5483765729162542 0.8777366762006307 0.5543465200332776 0.872501955641523 0.5697145173417084 0.8900242696612645 0.5637445857047396 0.8952589737960925
5 0.5242791746679814 0.8502614149895018 0.5288074764537214 0.846290725398055 0.5391457800445778 0.8580782550242578 0.5346174859010944 0.8620489365180547
5 0.47398741072697703 0.7764372325965979 0.4625471302266533 0.7830389950330973 0.4480947320893165 0.7579986771712602 0.4595349517031764 0.7513969369860625