9 0.3086424611601615 0.6819567733057749 0.26905869975655605 0.6774024925032829 0.28005224367677783 0.5818669711641172 0.3196352757806835 0.5864212094499845
0 0.24987972554151838 0.2170512178078708 0.3840224335782523 0.21457913773982065 0.38787817996080776 0.4237982880473518 0.2537354732652375 0.4262703428381841
8 0.12889703003247632 0.36907183700743085 0.15796502493776643 0.364346540620058 0.1654708262691429 0.41051696201078747 0.1364028346699797 0.41524224531029014
8 0.41865258074733447 0.5672319156614504 0.3902147505633593 0.5773809014269639 0.3819415115239053 0.5542010468477672 0.41037923275177945 0.5440520824248462
8 0.8564536614543385 0.5826428403191293 0.8696816865575556 0.5814293682737356 0.8733448718169257 0.6213573096723406 0.8601168473294365 0.6225707772506283
14 0.8770235835312405 0.6500676775212871 0.8872987879923357 0.6496946419748001 0.8883850532059796 0.6796116504854368 0.8781098488053658 0.6799846848990884
12 0.8403296453027451 0.4701847310836957 0.813913421540974 0.46666568371748035 0.8272921366614128 0.36624367012836756 0.8537080259338836 0.369762694994178
12 0.8763535429829972 0.3941338613559291 0.8597095829508135 0.3926482421754055 0.8664333692438504 0.3173229730166464 0.8830771942883757 0.31880858615378144
12 0.8877656338185034 0.20798647313187138 0.9115635506791477 0.20977123313009627 0.9021485490823125 0.33530790668466937 0.8783506333157902 0.33352315602147686
12 0.8911963631859408 0.07441315788288565 0.9287715156290233 0.08334279160076206 0.8954500491425961 0.2235558825656634 0.8578749060957307 0.21462627841854054
12 0.951422787774618 0.10234224555830235 0.9342004645407087 0.10310153557494393 0.9296594090615145 0.00010055681286818816 0.9468817035269694 -0.0006587325521607988
12 0.9536564417735462 0.27030605089391724 0.94229462366809 0.2689331865991642 0.9465891629413363 0.23339249037745968 0.9579509503578265 0.23476535280383157
11 0.952332442441616 0.2905113114362408 0.943291368225573 0.2887891508855152 0.9534412447781051 0.23550520808655886 0.9624822795321961 0.2372273647010618
10 0.8288110236085231 0.19961366578690135 0.8091685992330895 0.19695130124558724 0.8194923043807876 0.12078591007129402 0.8391346569627558 0.12344826971698952