4 0.10053401074821977 0.33180445186534807 0.018262693290125753 0.32208439815687806 0.03792118682531509 0.15570140879017824 0.12019143148461353 0.16542139616241275
9 0.09719231387987293 0.40629732419111814 0.06751742105075209 0.38643576054429113 0.10323500867150415 0.33307301153473784 0.1329097441102931 0.35293450295308554
9 0.31781865620087046 0.17473456451510358 0.290558862599255 0.21730806220825935 0.22502995377681145 0.17535023636072258 0.25228973481682715 0.1327768269176295
12 0 0.8366594621513944 0.0078125 0.8366594621513944 0.0078125 0.8745322709163347 0 0.8745322709163347
8 0.12038623358591849 0.9999997687877346 0.06036456331435147 1.0063416937423901 0.0345799838031553 0.762350507298218 0.0945978261363507 0.7560087830333817
4 0.1894531253333298 0.6711435498007844 0.16351544485007707 0.6635767665431993 0.19704420999914873 0.5486604426503986 0.22298134912182377 0.5562271418240876
0 0.22656249927069894 -1.034164792951643e-8 0.22656251383716608 0.06959990306586228 0.1519773005670686 0.06959989044060491 0.1519773126411792 8.638610768808038e-11
0 0.5836316155993018 0.20890327248378243 0.5341756046395858 0.38545038557440553 0.3850014151965979 0.34366234165828996 0.4344581270447634 0.1671163347057744
0 0.9142255664030472 0.43656621017443337 0.8785374767450094 0.48401868301407314 0.7436998201172855 0.38261439518608165 0.7793877064773369 0.3351624198438128
0 0.6510313192277408 0.9461934849892881 0.5765984711904366 0.9217539801668803 0.6597049617311086 0.6687073322413974 0.7341333244351063 0.6931460411707473
0 0.7654297625358595 0.9999999998993869 0.7654304806527534 0.9437277694196478 0.8183532936936899 0.943728395250203 0.8183530164294552 1.0000001873122943
4 0.49776637992840733 0.844925275964313 0.6123066935883799 0.8679649299202422 0.5824544578769064 1.0163354415925876 0.46791428453309436 0.9932962799674597
8 0.4511718746666702 -6.932615282252509e-15 0.4809400573160474 -0.006641612713378312 0.4917889222605254 0.0419837717726361 0.46202073997540083 0.0486253834432799
12 1.0233488525188932 0.3463398582812658 0.9522833904959498 0.40653737605777107 0.852194318559782 0.28838138249607176 0.9232591666309418 0.2281842901007344
12 0.09147732933331554 -1.413788175096722e-10 0.09147732971553069 0.01468432870915357 0.05783281853587141 0.014684328568450459 0.05783281872174939 2.518370030005761e-11
8 0.28923301680526947 0.3160738403303011 0.30642969868256387 0.3143188767432932 0.3105652656812481 0.35484146757096113 0.2933685843663625 0.35659642750559983