4 0.0027385040690433016 -0.0025446205298962758 0.1265862243541278 0.00003301398331917262 0.12126069813371032 0.25590779055893337 -0.0025870199311839315 0.25333016899478666
8 0.8096544319051873 0.07294829849795477 0.8291007685629666 0.02545946301365738 0.9345898482071107 0.06865643114419416 0.9151435845885771 0.11614520303587882
8 0.83203125 0.16129032258064516 0.875 0.16129032258064516 0.875 0.2375366568914956 0.83203125 0.2375366568914956
8 0.673828125 0.19648093841642228 0.72265625 0.19648093841642228 0.72265625 0.2375366568914956 0.673828125 0.2375366568914956
8 0.7320055708764812 0.1816563864502188 0.7508894384853875 0.1864716291067572 0.7394962583515508 0.23115154209852207 0.7206123933372055 0.2263363063966597
8 0.61328125 0.3548387096774194 0.64453125 0.3548387096774194 0.64453125 0.40175953079178883 0.61328125 0.40175953079178883
9 0.3642543023638609 0.3536307728335822 0.4220040033862915 0.3287446653390316 0.47434990223484874 0.4502111382569974 0.41660032077550113 0.4750970454000336
9 0.46882950637666454 0.5671570304875081 0.4034817792294234 0.5932684780101395 0.35910718229536087 0.48222272752171713 0.42445379083903845 0.4561115316705381
10 0.5310865726696647 0.6965320924874424 0.47606737864600746 0.698848204482184 0.47126254495822195 0.5847093738569733 0.526280521349122 0.5823932874220277
10 0.390625 -3.2029086385362636e-12 0.3906250000026148 0.002932551318891693 0.3789062499959073 0.00293255131244937 0.37890625 1.825421742932488e-14
9 0.70703125 0.04985337243401759 0.7421875 0.04985337243401759 0.7421875 0.0818651495601173 0.70703125 0.0818651495601173
13 0.5273438649661557 1 0.480468588327426 1 0.4804688757446911 0.9530791788856307 0.527343497076572 0.9530791788856307
4 0.6484375 0.6363636363636364 0.66796875 0.6363636363636364 0.66796875 0.6891495601173021 0.6484375 0.6891495601173021
4 0.62890625 0.5542521994134897 0.6484375 0.5542521994134897 0.6484375 0.6129032258064516 0.62890625 0.6129032258064516
4 0.76171875 0.4604105571847507 0.8046875 0.4604105571847507 0.8046875 0.5131964809384164 0.76171875 0.5131964809384164
4 0.7513447782583853 0.33230899459736524 0.7489425513126662 0.3568390692367581 0.7218585265377442 0.35418679590436253 0.7242607844879103 0.32965675625507435
4 0.8249716173612569 0.35664087864089106 0.8033237336519505 0.34222355410966615 0.8219601858678516 0.3142416018743266 0.8436080146088898 0.3286589013268164
4 0.64453125 0.25513196480938416 0.671875 0.25513196480938416 0.671875 0.2785923753665689 0.64453125 0.2785923753665689
4 0.67578125 0.25513196480938416 0.69921875 0.25513196480938416 0.69921875 0.2785923753665689 0.67578125 0.2785923753665689
4 0.62890625 0.21407624633431085 0.65625 0.21407624633431085 0.65625 0.2434017595307918 0.62890625 0.2434017595307918
4 0.9501681620032514 0.11250173324912288 0.9688509981380093 0.14153534867222395 0.9332200230664967 0.16446335343954674 0.9145372157499878 0.1354297633205987
3 0.5546875 0.8944281524926686 0.578125 0.8944281524926686 0.578125 0.9413489736070382 0.5546875 0.9413489736070382