8 0.2532426383213533 0.4213890752755722 0.2671697596535978 0.4241684804473895 0.263496438950483 0.44257382171449283 0.24956931863289356 0.4397944199706369
8 0.2700018103465709 0.2798954580493567 0.26407324036927093 0.2780269640963649 0.2702331398983233 0.25848259110019045 0.2761617006108281 0.2603510834817028
8 0.26765746894045606 0.3225779872919978 0.25994451424935505 0.3211435485865593 0.26403316382936737 0.2991596575377925 0.2717461025358716 0.3005940947136552
8 0.2590774984427071 0.26791360645038714 0.25087227115147925 0.2629623809875334 0.25873852258200714 0.24992661524429488 0.26694374226747186 0.25487783773623013
8 0.25494839728071383 0.23082092578990634 0.24599471903809444 0.22621276291252518 0.25294534694467075 0.21270787937196542 0.26189901761392775 0.2173160398942881
9 0.3305687155574333 0.2589161285169938 0.3431257001305994 0.25998186576186544 0.3410862963121417 0.28401048906676946 0.32852931187426293 0.2829447528840108
9 0.31714534687296236 0.28224778788299176 0.33040041103856765 0.28057209615586187 0.33267887559020437 0.2985947619776702 0.3194238116773249 0.3002704523578435
9 0.3343123832408992 0.23064028271984052 0.3279651714586862 0.2279032352739458 0.3352950275633475 0.21090556700357546 0.34164223248001235 0.21364261275940946
9 0.3683654906906213 0.1654780817974584 0.36080396350268984 0.16178460201780526 0.3686097124468688 0.14580430139679382 0.376171234311073 0.1494977796374264
9 0.30958463103911527 0.29127651265020094 0.29980822137360974 0.2863316104244876 0.3073648350766689 0.27139204739472644 0.3171412330638077 0.27633694606845977
4 0.32529048027697627 0.1689519328830255 0.34231044366651986 0.17641835814366286 0.32603893230862013 0.21350939868561927 0.3090189741586755 0.20604298223275214
4 0.3066737880267283 0.0979515193248786 0.2919445069280755 0.08887268614621495 0.3117502233661753 0.05674043964547158 0.3264794946339862 0.06581926887185559
4 0.28912181293787853 0.32365447646089746 0.2762136743085648 0.32121485730666605 0.2859111663933618 0.26990658967829567 0.29881924496112333 0.27234620295958634
4 0.2694295462450782 0.3948227451444122 0.2773825875841567 0.39381735383017785 0.27970843581238114 0.4122148274364836 0.271755394689535 0.41322021760386235
3 0.26715724849998423 0.3661965445453638 0.2790868105901154 0.36468844793977234 0.2820114338255735 0.3878222373050917 0.27008187211254153 0.38933033189082983
10 0.3816902949258747 0.16652830411345998 0.3697092541706297 0.16202581618829107 0.38010190782472364 0.13437137127443105 0.3920829338320573 0.13887385611318034
14 0.7027314294491589 0.10952035532670545 0.7148204315994917 0.04715258755910187 0.8698433399438272 0.07720125432950292 0.8577545102381237 0.13956885192487287
4 0.6761199077194533 0.15915585454658998 0.6770583779025401 0.1455614847717719 0.7156375276441622 0.14822472009789878 0.7146990705481358 0.16181907744595891
4 0.7800897894940135 0.15954301198074408 0.7782264884293681 0.1473586044101393 0.809254519753722 0.14261366764830324 0.8111178279428941 0.1547980663988423
4 0.9159362971070095 0.10792932404348975 0.9153588985553824 0.1185308853760729 0.8922212055020964 0.11727072255737617 0.8927986080155961 0.10666916540220224
6 0.928544043315128 0.3021961924510621 0.9270204683824659 0.29218237800639935 0.9607152267948322 0.28705592979870614 0.9622388141857527 0.29706972888901684
0 0.42998897464167585 0.19656789133627017 0.46300568798235947 0.19656789133627017 0.46300568798235947 0.21446117914831134 0.42998897464167585 0.21446117914831134
9 0.5927922745064507 0.2638662401669764 0.5938636414955454 0.2792928080660463 0.5655240635778682 0.28126090708087004 0.5644527159263362 0.2658343574256039
9 0.6047929658665225 0.3821710112764022 0.5941733392717197 0.3541742694008817 0.6593451966730299 0.3294543629349906 0.6699648693210065 0.3574510021872593
0 0.7388604751932917 0.3363207001578735 0.7623980274235009 0.31142432030730166 0.805079423430584 0.3517748119906238 0.7815419496836284 0.3766711151499449
0 0.8568459647400459 0.3536791071243987 0.8080838125700893 0.3535478566181253 0.8081636753704515 0.3239077452082179 0.8569256791683983 0.3240389955155148
9 0.8171242665300724 0.3990996517494375 0.8157353008515429 0.42288057584610095 0.7174793488585465 0.4171416644419615 0.7188684502006026 0.39336088416041215
9 0.3024336394707916 0.9657647107195225 0.2918297113388917 0.9621301664197575 0.3024182682599985 0.931246333849518 0.31302210487160664 0.93488086107245
9 0.3147290870267625 0.6950763100411447 0.2984907084846782 0.6761224805020921 0.3190305748192941 0.6585277842837772 0.3352689189329112 0.6774815610895628
9 0.2906305035119203 0.6696801246474618 0.2503685119348802 0.666445400926052 0.25501753143441874 0.6085899982647386 0.29527907049043733 0.6118247037279458
9 0.19932516372659848 0.7819042790014774 0.20333547010886832 0.7379612631336612 0.24486375931326165 0.7417505248258087 0.24085368204669066 0.7856933289986997
9 0.17364196053529213 0.722481997351099 0.18774270011704175 0.7273155989321414 0.17730664657278794 0.7577549504345319 0.16320591547059848 0.7529213663697127
9 0.1643564413649301 0.490334928060474 0.18318501204794302 0.4844577376827077 0.19067438139177284 0.5084494077530836 0.17184581568517387 0.514326586903422
9 0.0937279519130243 0.6706165307514182 0.07755696337437712 0.6599310822720891 0.09473095516329977 0.6339440044871504 0.11090187033505572 0.6446294200148741
10 0.28216826113157367 0.7631852087399051 0.24630889938998735 0.7565652288436031 0.2605608406937563 0.6793789247171628 0.2964195986432969 0.6859988474019489
10 0.36735055584517795 0.6502956212227887 0.351334771630718 0.6425612307291814 0.36324884577447847 0.6178936207206466 0.37926455827539485 0.6256279907101815
10 0.20709804059038106 0.9203680957459589 0.22321335189099045 0.9258917050104857 0.2113756974813441 0.9604191854507185 0.19526040011317036 0.9548956050728334
14 0.10671650576034608 0.5658178089670041 0.12441314457953467 0.5690849653610329 0.1185275311620444 0.6009612630107307 0.1008308948606782 0.5976941160384607
8 0.2560959407326209 0.43979419712317597 0.25609622822526035 0.5116407188369055 0.1967467610118092 0.5116406966636282 0.19674678274395774 0.43979448656123676
8 0.17738555712878679 0.6393370959163228 0.19752938974113476 0.6462424519671824 0.18464820128076553 0.6838136061015592 0.1645043820240062 0.6769082776544076
11 0.27320524106039557 0.55761722926914 0.24928115682325824 0.550477872793415 0.2729657838330013 0.4711175361210747 0.2968895746819271 0.4782568456133709
11 0.26244556709468725 0.8639888473907025 0.292661696988489 0.8743458392842984 0.27132237968226036 0.9365872110572369 0.24110629511153547 0.9262303127819332
11 0.14198900302460515 0.9280797193380351 0.09205620435182027 0.931564703391405 0.08287939430010738 0.8000954911718742 0.13281047971793214 0.7966105668202424
4 0.6960342636117502 0.5340738100819343 0.683165577755176 0.4883691679009521 0.734527961177605 0.47390856696674294 0.7473967607937766 0.5196130231239147
4 0.8249308226821768 0.9542595854892196 0.7374928985184397 0.9456941715295217 0.7555696553821463 0.7612293271031398 0.8430033984756165 0.7697945354983807
7 0.874049389870379 0.9004039414699859 0.9321968913199044 0.8991067468200092 0.933977984346825 0.9789242966419438 0.8758304833488637 0.9802214764826555