8 0.034887092230178496 0.26676750746758576 0.04412923879453956 0.26763181094859656 0.04161468873417107 0.29451969743603656 0.03237254230430153 0.2936553949530158
9 0.1412860757245653 0.10785056549269571 0.12859936882409784 0.11251266523281984 0.11867337697322 0.08550169328297405 0.13136007401192273 0.080839595551446
9 0.15434094695717704 0.14229201309773543 0.16626672195286574 0.14233402494436606 0.16617412973039336 0.16861771068398757 0.15424835473481835 0.16857569886358156
9 0.2402438208159765 0.3380715769674387 0.252947364001443 0.33811632869204145 0.25281125317053466 0.3767522585900851 0.24010770998484077 0.37670750695941524
9 0.18589635918601743 0.3354895030517586 0.1991508766318475 0.3338116918457145 0.2022889134162824 0.35860093332849974 0.18903439638165764 0.3602787423180454
10 0.16921761475657604 0.044036370761376946 0.18623030582762112 0.05150951018901628 0.17266405840382504 0.08239319739081157 0.1556513688145742 0.07492006039291059
10 0.19216395972841838 0.11373140796029844 0.17755719076978949 0.11398676249809887 0.17673840379859485 0.06715000245969589 0.19134515365578864 0.06689464809035295
10 0.20083802128442585 0.24075628239750085 0.1862580445297226 0.24260192023008564 0.1811684158698199 0.20239587791216773 0.19574835302728388 0.20055024262391558
10 0.22510510953736684 0.26066884096237 0.2100148546157925 0.2613344862980955 0.2076223899159686 0.20709715724558417 0.22271258743035105 0.20643151316478023
10 0.2382590527620323 0.22655405327971795 0.2650020673271456 0.22908951126319177 0.2611516240557421 0.2697017396724571 0.2344086099993774 0.26716628558702077
10 0.28887790533042335 0.32001102933909753 0.31669391076161446 0.3163195234604315 0.32381759238512586 0.36999558083479994 0.2960015890711247 0.3736870761909008
4 0.31067462101748333 0.08969276644042887 0.32768967961101225 0.08822934978581257 0.3301566491880976 0.11691257209367256 0.31314159069268044 0.11837598808312792
4 0.30305583187998764 0.07875298394421221 0.2898608239590885 0.07733114270436994 0.29339147677933397 0.04456597697069144 0.30658647662630756 0.04598781777200782
4 0.2386896506576477 0.039891585805350536 0.2216769618644321 0.03241844189537084 0.23315236607129464 0.0062945749985681785 0.25016505219798546 0.013767718268304894
4 0.1403381942109263 0.25210032158677165 0.1244419037524267 0.25414015782123356 0.11348921365117803 0.16878757768812044 0.12938541664800596 0.1667477471689673
4 0.16749776472272515 0.3816377157883292 0.17910239630396063 0.3860875602306752 0.17050109101262478 0.40851761194438135 0.15889646286245807 0.40406777395187615
4 0.15656356475028588 0.37456192260416094 0.1622310397531237 0.393549108195034 0.15023758133031606 0.3971288547442052 0.14457012270975156 0.3781416831568334
3 0.09818388471217077 0.15562956775712614 0.08170203710869828 0.15680250505911983 0.07938250268523461 0.12420897718282274 0.09586432749676987 0.12303604069308247
3 0.06011833754007512 0.28870389669706553 0.07072194951581423 0.28736163444576185 0.07307547758466626 0.3059535588028371 0.06247186582493214 0.3072958199145559
3 0.15709477652842452 0.34079680835422177 0.1470888268879662 0.34151487834206284 0.14528208122362685 0.31633945623660487 0.15528800564641188 0.3156213871580549
3 0.14818670927115818 0.36307982438560066 0.13399417209120656 0.366105188518245 0.12896487307193638 0.3425126369209639 0.14315737446327148 0.33948727674711093
3 0.23351770818749173 0.4131623246042128 0.2194656627780205 0.41195765300562337 0.22210915881441906 0.38112408538224607 0.23616115181903297 0.3823287547196881
9 0.20244555316173773 0.3066467763772782 0.21172371362149534 0.30547230007545756 0.21388270556053612 0.3225274590526157 0.20460454528017635 0.3237019343882662
0 0.4098150990007525 0.2313023163380688 0.35197416881089794 0.28025721164471706 0.25630729955332754 0.1672264692573318 0.3141479292715985 0.11827178159815353
0 0.18947290683570372 0.4392156862745521 0.18947293410371913 0.42287542787451304 0.20551470687655637 0.42287545244371383 0.205514696802652 0.43921569370913593
10 0.12007762261453081 0.11342098340930423 0.12803032818123938 0.11241426437960278 0.13038385623156046 0.13100617869520056 0.12243115072851651 0.13201289737396096
11 0.6217313423153428 0.1743627892436936 0.570491449920155 0.05457381157843091 0.8511411236544291 -0.06547417393543568 0.9023809867039745 0.05431415959920115
11 1.0000000529358886 0.42581007058823545 0.9875608884791518 0.42581007058823545 0.9875609341609106 0.3593950333333334 1 0.3593950333333334
11 0.43161713175300065 0.43921568627452134 0.43161735123419476 0.39595316874686304 0.48127172923443595 0.395953388915325 0.481271646125947 0.43921577152818997
11 0.7698396244826426 0.3334571844371872 0.6041693492445575 0.48423482588558897 0.3766145533542158 0.23420757023534858 0.5422822389421071 0.0834320145884965
7 0.9540420994871965 0.034991625605331686 0.9348322372227358 0.0013483360465011847 0.9578075754550355 -0.011770268111800389 0.9770174373118152 0.021873018825499007
0 0.16826024164265618 0.502456955403995 0.19630006293709812 0.4957966418157357 0.21012800183211766 0.5540072746123155 0.18208819162691725 0.5606675561303239
8 0.21804458092947243 0.6514644995829605 0.26502449265217365 0.6495315735230162 0.272019291259312 0.8195142470422581 0.22503938179056604 0.821447136299453
0 0.2745342637279009 0.6511102501453716 0.3005471568918665 0.6551927587887086 0.2897322592157252 0.7240932844331486 0.263719372928108 0.720010805644386
11 0.23056602322606068 0.5357705273162828 0.2507328237516049 0.5341094517567457 0.2555648346789212 0.5927684302247127 0.23539803520611713 0.5944294973753972
12 0.17863269945473803 0.9279779027583198 0.14916632534175278 0.9264474344385267 0.15432754589880915 0.8271096637320401 0.1837931409123712 0.828640111826864
13 0.3110257720588834 0.6950977522677131 0.33053185566666343 0.6994732694651883 0.3083628228411044 0.7982867370209981 0.2888567556989301 0.7939112699806785
12 0.22501139636165135 0.4518280441176393 0.2366955737486478 0.4490903716263347 0.24649050417610852 0.49089161885961613 0.23480632965924997 0.4936292828987688
11 0.2732775175677489 0.513795339856161 0.26119566643353664 0.5145764160245047 0.25927538372354775 0.48487494115596125 0.2713571800849195 0.48409386676892713
11 0.32461808069933795 0.6036993971273409 0.3182630980978729 0.6068328376261561 0.30964916811126386 0.5893646613941896 0.3160041317530613 0.5862312264705738
11 0.3304485340506744 0.6200913951050194 0.33937749683957463 0.6184157632193328 0.34552732963004473 0.6511824789741534 0.33659836835408896 0.6528581054424589
4 0.1345011917538841 0.619150077267195 0.14658302003090284 0.618369040772486 0.14954698573762926 0.664212887842733 0.13746515780496793 0.6649939208317338
8 0.19122571677166889 0.45779827695227576 0.19930175885065182 0.4538160740381846 0.20724719099905542 0.4699286348993189 0.19917115221369386 0.47391083275664614
8 0.19704344456204126 0.4679345013686539 0.18872663724187078 0.47318561378122487 0.17670453776997874 0.45414600787634596 0.18502132523985892 0.4488949037669107
13 0.23552832268342172 0.4959927759748569 0.21204088621357187 0.4998871967862783 0.2036413502067944 0.4492320868908738 0.22712861820264152 0.4453376802432078
7 0.26096624187914585 0.4838539540283942 0.2475061422271665 0.49049096176470597 0.23772695554794154 0.4706597479970058 0.25118701874305316 0.4640227509804021
11 0.11147864127178764 0.7396246274794132 0.09865410024849552 0.7367478566633946 0.1182910771775596 0.6492207431372595 0.13111538267651213 0.6520974864547847
9 0.8493423491560179 0.6048401196813665 0.8397399950755471 0.6543656565042807 0.7706512084598671 0.6409714701567818 0.7802538105424901 0.591446264222067
9 0.7127127447980683 0.7383875380760617 0.6618749257660284 0.665134080793182 0.7280700258575052 0.6192013083676741 0.7789076893078573 0.6924541667345895
10 0.6381290650629126 0.43921564512123534 0.6381290995741438 0.4555442856012087 0.6169028132811718 0.45554430347394637 0.616902802387699 0.4392156866152344
10 0.6232361444167509 0.6354481478507626 0.6554017245861132 0.6780354108632007 0.6026320505077365 0.7178857857337642 0.5704667897398394 0.6752988129809899
14 0.6447240814635506 0.6193364351629193 0.6285449017266274 0.6057068029072868 0.6569607235383046 0.5719792908771608 0.673139823783913 0.5856088683161074
14 0.8136481768904105 0.5442242514710612 0.7913794462027681 0.5449756271408456 0.7900817863483098 0.5065174616063564 0.8123503799500895 0.5057660882518725
14 0.9203852867066189 0.7686518808080274 0.8985326989736677 0.758731931065339 0.9164183359011986 0.7193387104627739 0.9382707409993145 0.7292586122896375
11 0.732644267716978 0.5826122530920032 0.7043246549226296 0.5599405425304288 0.7318994866022877 0.5254997336007915 0.7602189649883258 0.5481713600475094
11 0.734500497422232 0.9553970996405329 0.6946391033246755 0.951896563268337 0.7008173196743428 0.8815670292978685 0.7406779266185595 0.8850675307819946