8 0.8480867308115876 0.710531959710707 0.8781210447103831 0.7248176985689627 0.8577754315812172 0.7675851543763593 0.8277411658905294 0.7532994916730943
8 0.8649284649511628 0.8039782934092086 0.8892836393456491 0.8201958468256157 0.865540215338001 0.8558456787621771 0.8411851119584526 0.8396282132816535
8 0.7799498091014812 0.8740527139216966 0.7987062548203312 0.8890186317348217 0.7709091360103457 0.9238474852777082 0.752152772233444 0.9088816587876551
8 0.8085937141098611 0.9912023478910769 0.8085938332726528 0.9618767415587484 0.839067072957846 0.9618768712704263 0.839067086817181 0.9912023444317236
9 0.3593751640657956 1 0.32155141328985337 1 0.3215516309390978 0.9618768328445747 0.3593749507804205 0.9618768328445747
9 0.45536852437919606 0.8349048141665508 0.4817415083510923 0.8436852179530714 0.4642292414188205 0.8962734750473288 0.43785628748571526 0.8874931353682478
9 0.48719712897627687 0.698270153582655 0.5135698894164307 0.7070511158501935 0.49873470396221364 0.7516000628523193 0.4723619647346595 0.7428191460173706
9 0.6104332505254888 0.3063289434201937 0.5833734806645907 0.28830710890060474 0.6210047671335133 0.23180521914164462 0.6480644236884245 0.24982700154719395
9 0.6645098709475405 0.3893575793282216 0.6915698564693002 0.4073790277106015 0.6678268408684289 0.4430282850207912 0.6407668946287686 0.42500688543171716
10 0.34984675217140193 0.8269794983082024 0.3498470207414357 0.7741934441514755 0.39843747898055426 0.7741937084325415 0.3984375229312036 0.8269794498981742
10 0.40040672726195226 0.6929023153755733 0.4284958432839403 0.7190888490745498 0.3796595740830071 0.7714645643859089 0.351570659289564 0.7452782386608005
10 0.5260045870928707 0.5348131673331826 0.5576517001246657 0.5453509143868773 0.5369377566548792 0.6075532387343158 0.5052906714364553 0.5970155515373315
10 0.5052702592183778 0.5287438720224823 0.4727980127045157 0.5071184065590235 0.519952648300773 0.43631761030330696 0.5524245930332654 0.45794293823653653
10 0.4604756965713932 0.34833181866685214 0.5159467449358317 0.34128794063791373 0.5267330636677343 0.4262273281511625 0.4712620224818238 0.4332711704424408
10 0.5334477019654287 0.1875236657159525 0.4765592366486544 0.15031494528835207 0.5253616914359327 0.07570137357580584 0.5822500156070873 0.11291003201130548
4 0.05550475962593282 0.8819066529385686 0.09545887041178958 0.8985334520917068 0.05536929473407781 0.9948428534799859 0.015415324395689822 0.978216302275257
4 0 0.7712609970674487 0.015625 0.7712609970674487 0.015625 0.8533724340175953 0 0.8533724340175953
4 0.23768016247640844 0.33814588508014115 0.27285798973423425 0.3615739418301424 0.24614579391629832 0.4016812813505268 0.21096801870305626 0.3782532884151465
4 0.23577008756694795 0.4395540093743525 0.25698569797236814 0.4704074018184257 0.21400029419874045 0.4999631665825591 0.1927848119033797 0.4691098883728472
4 0.23046875 0.6510263929618768 0.26953125 0.6510263929618768 0.26953125 0.7038123167155426 0.23046875 0.7038123167155426
4 0.25096465785122746 0.901053065656991 0.27271876481893287 0.9107095963560489 0.25121066246754253 0.9591500614649391 0.2294565989785724 0.9494936032333778
4 0.42828132721433576 0.985337215948871 0.42828136039395304 0.9999999999939285 0.41145833398434206 1.0000000003616656 0.4114583380999193 0.9853372536293404
4 0.7167965660707978 0.9560114216711156 0.7378165937354879 0.9770045080988816 0.6938713937795455 1.0209928904135943 0.6728515625 1.0000000000000009
4 0.618053824957201 0.6702297195992152 0.650525672783715 0.6917419971887298 0.5688515813384356 0.8150048218355782 0.5363800214973935 0.7934929035864504
4 0.7391646125531679 0.4074176888854327 0.7694580704342115 0.40965933053468456 0.7666215822680442 0.44798943664397006 0.736328125 0.4457478005865129
4 0.7536120267432125 0.44956384341693295 0.7782263830624743 0.4577600668927612 0.7647494584616652 0.49823032406952605 0.740135113820088 0.49003412580261535
4 0.0843065712083444 0.14778780307295075 0.039605458730989085 0.1345704396572648 0.057123692518530333 0.07532419254410816 0.10182472180372315 0.08854154323527813
3 0.11732959480639238 0.11458284553995247 0.1633308686307373 0.08394542688834862 0.1906745950897175 0.12500116938025066 0.1446733439667014 0.15563856020425343
3 0.12071835907624973 0.4666630538573387 0.1559538380381582 0.49005766733302714 0.11079461936856205 0.5580680582604626 0.07555925980250322 0.5346735941990469
3 0.13931946704565235 0.451972183951818 0.16888259603990718 0.4504897555174351 0.17095588331017098 0.4918332664324762 0.14139275463014656 0.4933156904550207
3 0.04296875 0.7531158357771262 0.094307708984375 0.7531158357771262 0.094307708984375 0.8152492668621701 0.04296875 0.8152492668621701
3 0.0895493635252933 0.7956051374758811 0.1141640987585788 0.8038003136911842 0.09463289867562708 0.8624513160639827 0.07001819333663661 0.854256203893126
3 0.5596285922129027 0.8876991498901996 0.5925222563890884 0.9135832750404174 0.5536934297076641 0.9629140564109432 0.5207999692175918 0.9370301602596823
3 0.75 0.7859237536656891 0.7734375 0.7859237536656891 0.7734375 0.8211143695014663 0.75 0.8211143695014663
3 0.6993504064536182 0.5233596316269483 0.7193248356003323 0.5390512156412129 0.691847269013806 0.5740252328307814 0.671872891898829 0.5583337072129295
3 0.7500000640031885 0.5740128475073313 0.7187499371658532 0.5740128475073313 0.7187500988569582 0.5231625747800587 0.7499999606533265 0.5231625747800587
3 0.6640625 0.24584502052785923 0.703125 0.24584502052785923 0.703125 0.29580785923753666 0.6640625 0.29580785923753666
9 0.6221431017850136 0.43309737846797475 0.6037199043189503 0.43555127994441595 0.5983465291645871 0.39521128078045176 0.6167696327510157 0.3927573856622531
0 0 0.9247403167155426 0.010330029296875 0.9247403167155426 0.010330029296875 0.9567388445747801 0 0.9567388445747801
0 0.15809924576149115 0.7722990517615969 0.11676840165011981 0.7715706862440466 0.11807568364247345 0.6974248455422184 0.15940583745475578 0.6981532049502062
0 0.12656218957124565 0.6654796218438964 0.10181639738641479 0.5893343724431473 0.16685600274706758 0.5682002333032338 0.19160204898855682 0.644344987536152
0 0.40859598836186706 0.3839499512960415 0.2800230281267204 0.3893212118475327 0.2670531651915553 0.07883653210214685 0.3956232851562618 0.07346533137830073
0 0.7687086184756708 0.3408906025712468 0.7321662907871769 0.3140047846701938 0.7739947741881679 0.25715461090399555 0.8105369383494008 0.284040340908719
0 0.8468023149233659 0.6306882736935859 0.7891090759310373 0.6290177808006617 0.7944566821505532 0.44437705663961735 0.8521481501896915 0.44604752361731753
10 0.4453125 0.9736070381231672 0.46875 0.9736070381231672 0.46875 1 0.4453125 1
10 0.4932464471870617 0.8693778205412097 0.47700957152608225 0.858566205033131 0.4953407407584791 0.8310426409890557 0.5115775145180805 0.8418542101351173