8 0.5003955259363693 0.07594699463817135 0.5298355174684275 0.10489041519543446 0.48782182684090003 0.14762472874907817 0.4583818640244317 0.11868133713449011
10 0.07224603706276866 0.08392463822421323 0.09669522246281304 0.06399740020911743 0.13613866707214584 0.11239135056624028 0.11168949906618764 0.13231856965701738
9 0.2755938082859757 0.05347380574085676 0.3062133190333043 0.049680501164591856 0.30981998561890123 0.07879343927840832 0.2792004750511978 0.08258674274299527
9 0.4462273141282367 0.09320653907876678 0.4343035766672756 0.07303864599527049 0.46105616263116644 0.05722191022197753 0.4729798999077275 0.07738979611644091
9 0.3784085401946413 0.19579311941995292 0.3688266821586694 0.17958642857695278 0.3949230380139852 0.16415767195824169 0.40450489551494684 0.18036434921644917
7 0.6855898153415865 0.22044614849530006 0.615757945030623 0.1943821829431154 0.6398460116971592 0.1298451909989068 0.7096776577851642 0.1559091110462674
7 0.7649284623862513 0.31969485516854446 0.7649287120755162 0.2629965859552171 0.8425217926444475 0.2629968990000885 0.8425217380223557 0.31969497225935833
13 0 0.3196948682385576 0.2421594049586777 0.3196948682385576 0.2421594049586777 0.4837829389736477 0 0.4837829389736477
13 0.38797523453968097 0.6915296360990955 0.4150110842502954 0.6191771523965521 0.5168603058027657 0.6572299332173733 0.4898254144849261 0.7295816018280907
13 0.5143362523132282 0.8651502229402066 0.5346422645362736 0.9087525761284 0.47809169589152134 0.9350817721512923 0.45778612324943424 0.8914797931309572
13 0.28916815917546046 0.9027915268514893 0.275377587165508 0.9517059794149373 0.21644795684824203 0.9350956552028039 0.23023878169851741 0.8861816210058514
0 0.20476261474095736 0.6043793441512758 0.15897758018581953 0.5684662663996841 0.19810263971010045 0.5185914402415451 0.24388735548507157 0.554504326079652
12 0.24806870607699238 0.6796275747882261 0.2209972475475297 0.6214899232921699 0.2856307021476141 0.5913974430787381 0.3127022587674446 0.6495346938950446
12 0.33530546230986147 0.760674458102924 0.38667377593662877 0.7141539356477228 0.43930921509286236 0.7722644315942254 0.3879413078691414 0.8187845286108778
8 0.2710783993941277 0.6891689728241259 0.2505528106054271 0.8047937073626491 0.08435946906593017 0.7752937150704355 0.10488674465636905 0.6596711722980014
8 0.36057253016360846 0.43643109798910545 0.49673631670748364 0.5030402518776664 0.438778442683315 0.62150841280157 0.3026151041055982 0.5548999639291875
8 0.47462307691114347 0.9234316387975844 0.49158346105662076 0.9598479185713934 0.38410659598150687 1.0098884301373725 0.3671469590506149 0.9734727857029735
8 0.317176254931951 0.3690782805118352 0.2884193945013749 0.395125310812943 0.23582894080288952 0.3370656185408061 0.264585670022484 0.31101869367136914
14 0.2623849300389338 0.4470635661037902 0.2158008434034855 0.4124075776536388 0.25640462233582184 0.35783159035816864 0.30298844263347746 0.39248743243739354
11 0.580575953077755 0.963203208886854 0.5589903925692852 0.9673310549040126 0.5301559926043637 0.8165844936736352 0.551740656896186 0.8124567370623127
0 0.6948176425173642 0.41310826234569503 0.6763667675319311 0.4020686870717043 0.7002001984684512 0.362236898000213 0.7186509937479286 0.3732764423751034
11 0.6680538709446182 0.5152288373189557 0.6482994265187472 0.5085594079180559 0.6658175976565417 0.45667567529634934 0.6855718956279588 0.4633450779025419
11 0.7646434555902033 0.6690148509667129 0.7452283871350573 0.6732063263918676 0.7011869014191916 0.46922492050167375 0.7206012876810064 0.46503352155307676
0 0.7933354700841164 0.6563022414461721 0.8087341760253821 0.6535543057330883 0.8161331753237846 0.6950106826280907 0.8007344724996983 0.697758606442109
4 0.9440246071209231 0.3541054155083679 0.9684339351331346 0.3502431394115327 0.9830259152872713 0.44245927390691986 0.9586165923811905 0.446321528084547
7 0.8334477271687319 0.7044650588119583 0.8584319848075666 0.705954656942882 0.8539431090941889 0.7812318185236126 0.8289588526217813 0.7797422331475018
7 0.8322796666054728 0.47889578850963926 0.8563644088912952 0.4796007722109837 0.8543199350446002 0.5494417708003009 0.8302351929274892 0.5487367909700618
11 0.5859288505585027 0.4815795025878629 0.6470873004360556 0.47309302665950365 0.6860019260337822 0.7535051419740947 0.624843519020942 0.7619913925534677
11 0.680554806276632 0.6882095592133508 0.7072487231827154 0.6836568745232305 0.758475727115183 0.9839583212793224 0.7317818547901425 0.9885108277416135
11 0.7731635814018318 0.9872360463436115 0.7436056366833554 0.9922332010227359 0.6931866934559139 0.6940689699820854 0.7227424641783955 0.6890719993633015
0 0.7704748288080054 0.5889306268189956 0.719880760396677 0.5761762414726948 0.7702535172608123 0.3763765801477288 0.8208461436800008 0.3891307764283591
0 0.8488551415194934 0.76416660297494 0.9121482423548741 0.7748746851450284 0.8823248168929467 0.9511167101176827 0.8190317730068273 0.9404088759075439