9 0.31911639313295836 0.22290796660651355 0.3130966431709794 0.16228884901339785 0.37063485347903224 0.15657511891783238 0.3766546937822568 0.21719413255158154
10 0.15970544987658286 0.05396519879190394 0.13942738276273303 0.07112812801148079 0.1102731163525732 0.03668226246081233 0.13055117546696238 0.019519338626046673
10 0.3352756958935288 0.21956576691214053 0.3685940546766915 0.213440728046241 0.3777831028367018 0.2634255485424185 0.3444647473454552 0.2695505760019894
9 0.04407106364089941 0.23652832213289202 0.03650984484863784 0.23320696572486793 0.04676964443217457 0.2098504441176526 0.054330851745930886 0.21317179761740448
9 0.11357532153351713 0.24809304786964756 0.0934141999421172 0.24205375441652308 0.10218478401179709 0.21277525673175812 0.12234586487545585 0.21881454364719655
9 0.18277282275425932 0.31103442612774335 0.1970038052994596 0.3122438160235105 0.19452487469993684 0.34141265535320764 0.1802938923772217 0.3402032672134519
12 0.6290991960148631 0.19668809661452918 0.5123606458824952 0.20172628434066628 0.5037285621469891 0.0017020358386052798 0.6204663454099091 -0.003336134521683014
8 0.6635943149472041 0.3191185168571564 0.7196346646254597 0.38184589722706236 0.6046796617322343 0.48454052653939683 0.5486399128465109 0.421813721512655
14 0.3366155518370988 0.7611977522327239 0.3611435821316036 0.7818863174903798 0.3126661458753688 0.8393490121547471 0.28813829029093085 0.8186606362967573
14 0.2143999700421091 0.7747503155590827 0.21270277338896904 0.8303033457701025 0.19125417109273712 0.8296480934419326 0.19295150855612064 0.7740952083265746
14 0.12563584885560886 0.688315577409975 0.08376147340482021 0.6783694455749189 0.1057928369388037 0.5856282036823112 0.14766647484668738 0.59557424457825
0 0.1877712191453611 0.5396849196574519 0.22506072556757317 0.5392833055574138 0.22602528580114267 0.6288329258813956 0.18873577941837993 0.6292345367905599
0 0.31107019386888624 0.834798347296053 0.3403158487552673 0.8342092306834061 0.3414274468930216 0.8893802803911216 0.3121817921711454 0.8899693927366834
0 0.2577222129028769 0.769990975702583 0.2812036538440452 0.7660635580377141 0.28791181885878814 0.8061632007678902 0.26443038273873753 0.8100905992545036
9 0.07896346000620724 0.7197364298065495 0.0695679819139059 0.7268620994518277 0.059318105365946394 0.7133493230663812 0.06871356022543296 0.7062236665820771
12 0.04094448305386322 0.722233206302532 0.06753189108394508 0.7314123279903797 0.04831476090657816 0.7870653861827187 0.021727383131178613 0.7778863264705754
12 0.11906771332735389 0.7535477108905378 0.14209500947981724 0.7551352415422794 0.1378866682420039 0.8161664150350504 0.11485937325892337 0.8145788959918522
0 0.12665177574626796 0.733719321832362 0.11518941045937936 0.7272985508003004 0.12192032081713933 0.7152844891746845 0.13338265825962026 0.7217052504454677
9 0.1823544382137925 0.9417923823939288 0.19426556666326178 0.9402454566694423 0.20107289797715566 0.9926463306681304 0.18916177185883498 0.9941932443631776
8 0.7108134629849019 0.7557440014046732 0.6973983883819983 0.6746393853441341 0.7898685106505354 0.6593467856599688 0.8032842365049646 0.7404505695379591
8 0.5407856083731986 0.785426895682904 0.6223211568661782 0.7519720680368288 0.6666053708582922 0.8598797752970592 0.585070098057372 0.8933341141125893
4 0.45901408954762246 0.8313336917248766 0.41691384257012487 0.8134301731979937 0.44508986708490283 0.7471876312536637 0.4871894832911039 0.7650909976808011
4 0.6258542773979343 0.7281693376721362 0.5772081898751367 0.7056474757071232 0.6375217477707338 0.5753923186276015 0.6861666413608418 0.5979138571052346
0 0.5228156843885472 0.7245730426105441 0.49446278848961356 0.709995934656515 0.5233346542681829 0.6538479049372466 0.5516872412059683 0.6684249170675463
0 0.7456425056080889 0.5905910301214236 0.7216888286278618 0.582255395491439 0.7372244708255948 0.5376161003375665 0.7611779703671573 0.5459517012852814
0 0.8290236728381615 0.5089172868199106 0.842241167709858 0.4939799117020493 0.8678732166482632 0.5166589166666635 0.8546557636309444 0.5315962518152445
0 0.5875873928702049 0.9450937398080442 0.6057676838308907 0.9245520258450469 0.6424968717500406 0.9570501281246996 0.6243167340915079 0.9775916960222164
0 0.6519900297685126 0.9999999999999462 0.6519903768752329 0.9650693231492858 0.6982902837519305 0.9650697636129428 0.6982901786102502 1.0000001980698385
12 0.5951530458623893 0.4793210515777345 0.5837356239367182 0.4734505323289607 0.602057743166597 0.4378186849580394 0.6134751127676736 0.44368918799687546
12 0.6397053971121522 0.5130526830487245 0.6127829791029171 0.5132562205005105 0.612456574005023 0.4700715309407274 0.6393788170219068 0.4698679941527117
12 0.5555807874891343 0.7189494128109434 0.5849428912185886 0.7340449804698174 0.5556537361416076 0.7910049028872195 0.5262917078269993 0.7759094465291126
12 0.6843586578659142 0.8677799731021532 0.653313997488226 0.8639295417746993 0.6598747289120865 0.8110459093274975 0.69091896881298 0.814896314186202
12 0.7215692901968396 0.89091639805016 0.74659348445266 0.9251794706241809 0.7062422518584981 0.9546422571560873 0.6812183244430798 0.9203794256718691
12 0.791153561234637 1.0033835094339545 0.7416312561025507 0.9762674670921639 0.8027132580449461 0.8647447942794673 0.852234111608027 0.89186034339237
13 0.7136065506120985 0.6755169382714639 0.6720220122105047 0.6656437591687534 0.6889632887373409 0.5942996135263723 0.7305472581049344 0.6041727219352582
13 0.5584492366382392 0.6552746893683554 0.524598893481766 0.6378706906442513 0.5549645043791998 0.5788177335419702 0.588814498636566 0.5962216238279832
13 0.6343732187358455 0.8732252129405272 0.673445003510551 0.9014466872226317 0.6377755380318604 0.9508172921880645 0.5987039545495918 0.9225960560988365
12 0.8640648364334993 0.6793217983038842 0.8357949257158452 0.6654180267781086 0.8615558142156488 0.6130466733114684 0.8898254528619418 0.6269503652608692