8 0.3895127713705051 0.23131098879260173 0.37856893149012194 0.21279286657661886 0.3988791363171913 0.2007901156962784 0.4098229757463514 0.21930822351395712
9 0.26029647991231286 0.24391403246635424 0.2918563779099941 0.2608556165430438 0.25713635939882806 0.3255327414050771 0.22557649894656606 0.3085912115443449
9 0.24619428649452857 0.21237148121733662 0.24669031195810476 0.27141678535716374 0.19902141842374022 0.27181713374041544 0.19852549700453892 0.21277193175024808
10 0.21564128536169846 0.1509018159096939 0.25092597612501777 0.13183352064454526 0.275682807985163 0.17764416104172068 0.24039813445585878 0.19671243143007222
13 0.1477362510719331 0.055627526894577374 0.1402124338842441 0.042896279614286194 0.16918016949944104 0.02577715392523692 0.17670398632242268 0.03850839814121423
4 0.3490089161191463 0.10463667568056322 0.33763897035100854 0.11275048792700319 0.32339007814834986 0.09278346622641405 0.3347600178068433 0.08466965712391532
4 0.3591661844849341 0.14291664620884204 0.34779622791052134 0.15103044271606905 0.3316997111545561 0.12847432908609005 0.34306965851055793 0.12036053728561952
4 0.46786714446943733 0.10067926100196802 0.4801788886737768 0.12151219852765342 0.45302607099381476 0.1375587505046106 0.4407143406102705 0.11672582499087514
4 0.46502841794335836 0.2001894629949322 0.4586281978228044 0.19076483309520786 0.47483402838076927 0.17975965420975773 0.48123424726156827 0.18918427878235022
4 0.5320491809485475 0.15466637740642358 0.5292247170018527 0.16926828292215187 0.5150756430815591 0.16653142752459274 0.5179001109095225 0.1519295271429336
4 0.44528538129316075 0.238952555540804 0.44733736225896337 0.2424247017906656 0.4328534962004369 0.25098426597900064 0.43080151774324804 0.24751212190842412
4 0.4645972065936803 0.2275398036738537 0.4666491859504731 0.2310119517906368 0.45196564838477116 0.239689518052954 0.4499136714468932 0.23621737203900614
3 0.1980454199332371 0.03256096692324326 0.2116893397194417 0.0228243813896608 0.22465055776649479 0.04098698704326676 0.21100663899346728 0.05072357136657255
10 0.7987311132646937 0.31955922829041816 0.7987311200839713 0.312268356238491 0.8126911606392468 0.31226836806508473 0.8126911587210088 0.3195592352006478
13 0.17993249797393673 0.7736214804626227 0.07068907853874862 0.7627521594309589 0.0827766960912868 0.6412987886611018 0.1920172257334798 0.6521679636116805
0 -0.0005382296171774215 0.6542874119880719 0.00026266381485129386 0.5617095163567133 0.20014807179620675 0.5634375972517787 0.19934891131754284 0.6560137699256238
12 0.305945767261278 0.710526269809549 0.2995549607683188 0.7524500838704458 0.22627550426545895 0.7412808396253191 0.2326665900164926 0.699357370119918
12 0.32627627833051065 0.9120271488395181 0.3322687352435878 0.872723737605529 0.39094805475338035 0.8816681446160117 0.38495595407425753 0.9209712372307909
9 0.29098429117993874 0.581311009353232 0.3092751849216029 0.49666343563423976 0.5479024072366201 0.5482213113988742 0.5296135877946426 0.6328670341940243
9 0.7571820941984697 0.8994899607622037 0.77321538585079 0.9001328200133576 0.7718980833160458 0.932978795781509 0.755864791840736 0.9323359394800886
11 0.5909836411846072 0.9999999999999658 0.5909847139988642 0.9376515618821549 0.6631534665308436 0.9376526512224479 0.663153057296654 1.0000004300680654
11 0.5564276571124083 0.8587375897994609 0.6553208678006968 0.797594616730553 0.7254942274055338 0.9110685015002594 0.6266018564853084 0.9722103807649464
11 0.7711540398026955 0.706028396510974 0.7985818280884587 0.7477816496443728 0.7377213233319253 0.7877538200265862 0.7102939270073421 0.7460009130969498
11 0.8301687904178152 0.6810799569046605 0.7671374430557307 0.6454614503712759 0.8377324419508341 0.5205505470988927 0.9007624604680586 0.5561685811155248
11 0.888113001280999 0.48759650413785044 0.9302332736674543 0.4853869781895199 0.9347708276467301 0.5718794276964172 0.8926505564787703 0.5740889381772042
11 0.9663058989781348 0.5066327309803448 0.9171977537338307 0.5075310232975848 0.9156031929909432 0.4203484744976025 0.9647107304342626 0.41945018776128584
11 0.8978356734152158 0.49806549142038103 0.8498531174094524 0.49380474486914977 0.8581455364742396 0.40042898862594256 0.9061274760074411 0.4046897075101232