8 0.2379811988810161 0.44094526681716967 0.22507292861405404 0.4365151306635137 0.23642484828792476 0.40344050099481993 0.2493330651012684 0.4078706271243901
8 0.2114515396791603 0.3494266735346578 0.20406244986929778 0.32471061046562977 0.21865285948263136 0.3203488288661213 0.22604196028453316 0.34506487268554753
9 0.25366791895157803 0.22982120586490418 0.23360251023927958 0.2041553178867449 0.2773367627675043 0.16996462716856042 0.2974021511851106 0.1956304719219098
9 0.2139378978597506 0.1403278104582603 0.2560841356475976 0.14105919208349693 0.25526001618436567 0.18854913059755174 0.21311377839833767 0.18781774984258603
10 0.14790426829779335 0.18081192879347271 0.17124611869417095 0.154925705927529 0.20622461081779875 0.1864658418571234 0.18288279579053324 0.2123520305341075
4 0.11906547647811294 0.271307618633989 0.12773017132383302 0.26295523281848215 0.14236677518761098 0.2781387788117727 0.13370208755020485 0.28649115727243
4 0.14444127915021454 0.28029078139558855 0.15310598187920732 0.27193840335647884 0.17066751979052697 0.2901561863586431 0.16200282609906935 0.2985085552121616
4 0.14758969452509518 0.414780924245016 0.13056813899095232 0.40731608469171143 0.1420252330516405 0.3811926165911552 0.1590467373290494 0.38865744321305873
4 0.19483948376421267 0.3999143673260526 0.20279456291598308 0.40384826723641654 0.19472628575135786 0.4201629930392178 0.18677120951315374 0.41622909759966326
4 0.2357252381756325 0.3732163145676597 0.24329035881510208 0.3765340308649063 0.23563103415176556 0.3939981922712169 0.22806591571156787 0.39068047966729136
4 0.2283130932523818 0.41068396674623286 0.22074796102867822 0.40736626151643335 0.2277032540420123 0.39150739094912973 0.23526837234430786 0.39482509267006843
4 0.24920632281953203 0.37332846933102054 0.2586627244684223 0.3774756147581715 0.25032063785272385 0.39649654706366155 0.24086423920368816 0.3923494066866188
3 0.08565129547525885 0.1612786219392327 0.07939913942414023 0.14036498993527166 0.09237574070380106 0.13648564654500867 0.09862790042097913 0.15739927207668192
4 1.0045546642866157 0.3726778680990651 0.9738107992471896 0.4189148912018334 0.9117162916350026 0.37762869304440344 0.9424601176125407 0.3313918670462149
11 0.8847723138461561 0.26826940637049607 0.9021819529846198 0.17726157874218054 1.0007835248742367 0.19612362848297726 0.9833742561548888 0.28713112716700995
11 1.0000000159662932 0.3458742320837926 0.9892665291744152 0.3458742320837926 0.9892665389768354 0.3222972673649394 1 0.3222972673649394
11 0.8533325750336189 0.34707020855618337 0.8513514491777414 0.32652373103209664 0.8733085601143102 0.3244066626166787 0.8752897065927527 0.34495311686638075
11 0.8066260802803527 0.24577498040595291 0.7970882043333631 0.2641271414143613 0.7778903304031246 0.2541499141839009 0.7874282083123489 0.23579776826368815
11 0.7795529674363024 0.08785959388635285 0.7904747655078381 0.07166740819465789 0.8082789714551382 0.08367650660551573 0.797357178511902 0.09986868773786826
4 0.6173020311247228 0.18139300501377315 0.6437318539537955 0.1422570029003384 0.6855272414164801 0.17048256340048593 0.6590974781679506 0.2096185125994176
0 0.8670488100214016 0.3873131480403453 0.8959501388782201 0.36434591249942827 0.9175215089088624 0.3914895271892518 0.8886202222946622 0.4144567155239957
4 0.6352963781238259 0.3247164079548865 0.6129945356533426 0.25388468829096617 0.6936419780703318 0.22849288133361953 0.7159439578814499 0.2993243470178001
8 0.23322484454240566 0.9999999999999866 0.2332249728045781 0.9853271209963598 0.27284410381389534 0.9853273937789283 0.27284406351816415 1.0000001848172622
8 0.74369705678032 0.4399117240260066 0.7436971076919008 0.45590147914194384 0.7130040101606028 0.4559015209464718 0.7130039926942118 0.43991179910309247
8 0.6309274391863937 0.5571195734386087 0.6457664181199334 0.5638645288051084 0.6365542980153123 0.5841292881708605 0.6217153270678182 0.5773843458542459
8 0.8346818053918241 0.7763785907036808 0.7926319559061312 0.7818863180022362 0.785886544475261 0.7303944409180996 0.8279358973794615 0.7248867466416223
8 0.8551058787334114 0.7908455408308119 0.8361594411153419 0.7468856735209258 0.8862309659779157 0.7253089390399703 0.9051774911956727 0.7692685291645827
8 0.6716089371150247 0.820291260436039 0.683653287782704 0.8096636903790728 0.7210926272570077 0.8520851897249709 0.7090483490153474 0.8627126831252522
8 0.5031042833371657 0.7070120584804644 0.5179434204679865 0.7137566818900237 0.5060315601100456 0.7399603111164622 0.4911924360519606 0.7332157090859226
11 0.6806555778629217 0.7219843000392945 0.713646042977075 0.7159921147270539 0.7245310781413536 0.775910545400581 0.6915406242005702 0.7819026890095973
11 0.4823308210424102 0.7885304766225516 0.5034319820389328 0.7894195510221566 0.5015845928468252 0.8332565529557413 0.48048343215066325 0.8323674833706346
5 0.7822448381973572 0.7132989687866867 0.7683872335393289 0.7158683580450623 0.7626058204191395 0.6846916432193283 0.7764633335706321 0.6821222626824501
5 0.7966450129832765 0.5419917412960806 0.7801769521713595 0.5419317075580454 0.7803292260869057 0.5001804224489702 0.7967971779905838 0.5002404559887745
5 0.670072950600229 0.6437061474100735 0.6864591717355779 0.6253705645982207 0.7045534907373394 0.6415391825247257 0.6881673150902543 0.6598747217626839