4 0.12500028699275845 0.9999999999999999 0.002685546875 0.9999999999999999 0.0026888329394978427 0.821114369501466 0.12499736929964911 0.821114369501466
8 0.0019531080389469935 0.17008797639288836 0.0909785120510378 0.17085798295668986 0.08879815533043711 0.42293717150021437 -0.00022724842062871176 0.4221671738648978
8 0.7770213831780666 0.4883559729558471 0.8088296440303111 0.41022748813174326 0.8868736167838733 0.44199943420352733 0.8550659103457292 0.520127447206324
8 0.900306994955713 0.5474952397994421 0.9480756571588245 0.5287164600321069 0.9893975518011757 0.6338187939305684 0.9416289944965683 0.6525973823650562
8 0.8780959330005089 0.8632493990262471 0.833409855754212 0.8321605705680523 0.8927473226411848 0.7468888026346927 0.9374325875595559 0.777977233478801
8 0.9571628370732697 0.967801619813264 0.9382639472985375 1.008699049661069 0.8550295170330173 0.9702463109388333 0.8739285466431284 0.929349432395034
9 0.3721483592523782 0.3037107651023289 0.29829173598966463 0.3134427309789596 0.2713108602692955 0.10868305103720927 0.3451665799723287 0.0989511437058998
10 0.37537565008165075 0.8502116761051488 0.41973242748736084 0.8520575941640698 0.4135142734520514 1.0014401909491415 0.3691574982287875 0.9995943117660859
10 0.3299464000916714 0.06447055991595484 0.3867404383630628 0.06453060691405248 0.3866101944258844 0.18771827448250542 0.32981615615301507 0.1876582276271959
9 0.6993596784037663 0.923541952950427 0.7237153600631245 0.939758781453785 0.6990777450255337 0.9767512055306007 0.6747221475744709 0.9605344814432853
9 0.799184542729904 0.8784328942617371 0.8151078558299787 0.8360226816539662 0.8570652664560612 0.8517724612326835 0.841142248297615 0.8941824241131568
9 0.6495975432143268 0.7383407214595935 0.6643103219430486 0.7981765392776405 0.6210708316233422 0.8088062865093256 0.6063584168359739 0.7489707832502148
9 0.7890625 0.5513196480938416 0.83203125 0.5513196480938416 0.83203125 0.602410017595308 0.7890625 0.602410017595308
9 0.62890625 0.4340175953079179 0.670536033203125 0.4340175953079179 0.670536033203125 0.4750733137829912 0.62890625 0.4750733137829912
9 0.73046875 0.04725176539589443 0.80078125 0.04725176539589443 0.80078125 0.14076246334310852 0.73046875 0.14076246334310852
4 1.0000010510102584 0.8797653958944281 0.9218743930362052 0.8797653958944281 0.9218755218448678 0.7652337888563051 0.9999999416193077 0.7652337888563051
0 0.9694168713394902 0.9628162147263873 0.9660731056932264 0.9304362903395856 1 0.9269337214076329 1.0033439057234546 0.9593134867273349