8 0.7724050295604457 0.019145521356674633 0.7913467011138664 0.03176096345711045 0.7693891384525386 0.06472950257154661 0.750447469466053 0.0521140636322744
8 0.671875 0.12609970674486803 0.7265625 0.12609970674486803 0.7265625 0.17124381524926685 0.671875 0.17124381524926685
8 0.75390625 0.12023460410557185 0.79296875 0.12023460410557185 0.79296875 0.15542521994134897 0.75390625 0.15542521994134897
8 0.5018250214843647 0.29745880004607295 0.5018250397970405 0.3163835169133488 0.4739024035068269 0.31638351440475027 0.473902409887728 0.2974588222741657
8 0.5513609739683716 0.2536132284100334 0.5613518094505707 0.27404121937278164 0.5326434036908267 0.2880814569173826 0.5226525996095006 0.26765349266867167
8 0.4805036875 0.3357292697947214 0.5011716015625 0.3357292697947214 0.5011716015625 0.36128186217008795 0.4805036875 0.36128186217008795
8 0.44596583586053384 0.3876924352198787 0.46785382618838867 0.39343895419294034 0.46088318851127497 0.4199881964223053 0.43899520186039354 0.4142416871464103
9 0.345703125 -8.359372821325089e-13 0.34570312500568434 0.0029325513141168994 0.32699645116724696 0.002932551312328752 0.3269964511719081 -3.600234928402968e-14
9 0.3984375 0.11436950146627566 0.4296875 0.11436950146627566 0.4296875 0.15542521994134897 0.3984375 0.15542521994134897
9 0.4548971185429309 0.16156211107677634 0.4278375266593457 0.14354011297099853 0.447265625 0.1143695014662608 0.47432518691857695 0.13239148586154945
9 0.3712281935726196 0.18473632292325046 0.37146254043886984 0.2044163813453758 0.344089774033705 0.20474230834230045 0.34385544332803875 0.18506226586614127
9 0.2581573496203191 0.17057023306324678 0.25637367524689125 0.1939585900894623 0.23191238496258393 0.19209309291812054 0.2336960738379048 0.16870475169476565
9 0.47066409304432 0.18014760313909578 0.46759839161882155 0.21031056507044005 0.4425962342213552 0.20776940672943084 0.4456619553664041 0.17760646712659092
4 0.4280650019530867 -5.1581920563916554e-11 0.42806500206586406 0.012050536700760783 0.41015624994679456 0.012050536622977837 0.41015625002467004 1.0370268424146496e-11
4 0.3106491293694944 0.22381047973346815 0.3643210210042298 0.22656014370000424 0.3615521954571932 0.2806050609087011 0.3078803042577647 0.2778554026552284
4 0.2586255949209999 0.4092941233528714 0.24757549923106126 0.4534499287155958 0.18690971665228062 0.43826880140433244 0.19795992989099886 0.3941131729763547
4 0.5283309259208409 0.19614973821971954 0.5448751189676386 0.2304763820330518 0.4751451987847304 0.26408299523767076 0.45860111513525226 0.22975644456075697
4 0.637166201591981 0.1224953035012534 0.6534019535240532 0.13330849945858708 0.633657968006105 0.16295342847991615 0.617422222889445 0.15214024090788403
4 0.6858269146455314 0.051489225845042355 0.6513908717375898 0.032082736335596274 0.6804077195951095 -0.01940648476080682 0.71484375 1.4237951816239024e-14
3 0.12890624950614438 0.014662746782858786 0.12890626134390004 0.06744868208323095 0.07812499571548415 0.06744867757164075 0.07812500051977622 0.014662759577573828
3 0.1862029624758179 0.059828549154780766 0.15236983297040751 0.09738419302120666 0.10443248706599206 0.054198418696388466 0.13826559990502574 0.016642796467166616
3 0.6044105286955528 0.14821643128989348 0.6287641820130148 0.1644362015354024 0.6049509409577922 0.20019095668049575 0.5805973025192088 0.18397120483528182
10 0.05859375 0.3841642228739003 0.08203125 0.3841642228739003 0.08203125 0.4166158826979472 0.05859375 0.4166158826979472
10 0.23028809891570745 0.1765014886972228 0.19984638937830823 0.15784123335787076 0.21824731723972945 0.12782284526897655 0.24868898924410132 0.14648308556501885
10 0.46484375 -1.3336967298904157e-11 0.4648437500233058 0.005789085038696466 0.4453124999776037 0.00578908501666387 0.4453125 -2.4583684310984914e-14