8 0.446331750000013 -8.7000968077506e-11 0.44633175011551884 0.010566377540787703 0.4204190060975179 0.010566377443852061 0.42041900619835815 -3.7029079857165704e-14
9 0.06587565009613172 0.08687306112033842 0.07135181455532802 0.09613450493291961 0.04758006209328869 0.11019036811129886 0.04210390205321346 0.10092892813693699
9 0.1757605438895098 0.09387903711558339 0.16727999844431451 0.10973248563082229 0.1412178981325951 0.0957910203242048 0.14969844411427857 0.07993757880221036
9 0.22925957339055003 0.12967080330445868 0.2290762545680991 0.14638772467790762 0.20274058818415597 0.14609891654428045 0.20292391614430016 0.12938200446731335
9 0.40299205379119485 0.2687733224368876 0.3961467774904577 0.2571965651880544 0.4199732795843829 0.24310836261175223 0.4268185552983823 0.2546851071342172
9 0.42086020436670424 0.18153984964604936 0.417326023759756 0.19980117103691095 0.3931572442182869 0.19512373650507214 0.396691434513059 0.17686242811131248
10 0.11519864975105065 0.17020380491990095 0.10287725439172846 0.14936558529507676 0.1327393488056714 0.13170860572457965 0.14506074342955344 0.15254680838703152
10 0.12635690208583128 0.18004546026249002 0.12718262932128255 0.15958378200104767 0.17404643053214386 0.16147493156583606 0.1732207293847523 0.1819365845306229
10 0.26023191425781533 0.17984545202493857 0.27040865937158287 0.16082133369982343 0.3040819623124662 0.1788343289928194 0.2939052403980895 0.1978584273522398
10 0.26534869762167546 0.22622847496594217 0.2669870086155015 0.20513248234327158 0.3211418792316181 0.20933806335387364 0.3195036091167367 0.23043401707919492
10 0.31250154835288413 0.28484327940035103 0.27845432475965026 0.2681205455728214 0.2956005288211827 0.233211995115364 0.32964766364125353 0.2499347028560189
4 0.07418051055276464 0.2600790442266725 0.06185901757680767 0.2392408716865429 0.08659460045680589 0.22461512914301518 0.09891609263320333 0.24545327944292009
4 0.0025689504683441555 0.1378474737882903 0.026247636799098473 0.1433752530285985 0.022862345586418087 0.1578763234225147 -0.0008163400947296395 0.1523485460384223
4 0.22795193999229468 0.09475610448853425 0.23224216036544476 0.07286461594614461 0.3171019624375049 0.08949508118975641 0.3128117724201047 0.11138654309692145
4 0.4638635536766742 0.14066234241265585 0.4713822543146762 0.1552632316295757 0.4500709995415946 0.1662373344685648 0.44255230853991634 0.1516364535147145
4 0.45497499271959896 0.14298853212453014 0.4352427476668481 0.13838204705703452 0.4390687971972511 0.12199298078442472 0.4588010292712852 0.1265994642658928
3 0.1848806441053057 0.04707465261850863 0.18753534159270657 0.024112115233406457 0.22009314429624283 0.02787611879996363 0.21743845153844177 0.050838651816958236
3 0.3675918377149401 0.018167690263052035 0.34983282878999944 0.014021833438981174 0.3532533049015001 -0.0006299647958943922 0.3710123131737646 0.003515891950725769
3 0.37651722851012437 0.13345031356292808 0.3781404852546757 0.11951129396209807 0.40307879279123426 0.12241544641242884 0.401455543505449 0.1363544592393478
3 0.40074430674553696 0.11678435446899195 0.4067513173952193 0.0977588807479326 0.4295541658938191 0.10495851556903052 0.4235471643120263 0.12398398154153899
3 0.44442687393757296 0.2442735770148221 0.4383548019538921 0.23400442997862972 0.46176691605364795 0.22016124764547604 0.4678389875510902 0.23043038457500478
9 0.3843715686653013 0.2028960645735348 0.3818976335098796 0.21567898718623907 0.36425924622813 0.21226538964195776 0.3667331868526844 0.1994824742915778
0 0.4822691725560162 0.20470365791534867 0.483949269444679 0.1795591088036419 0.5253040264149149 0.18232229695178373 0.5236239621616505 0.207466814920001
0 0.513535910290102 0.1085512198953399 0.48117601847923197 0.13389248392186212 0.4273899811453248 0.06520975524734124 0.4597498275849148 0.03986851839416826
10 0.13306980842230587 0.047142237701538914 0.1358078837308767 0.051772960886578984 0.12243169515261343 0.059682087677185684 0.11969362052343513 0.05505136507939555
10 0.17356361340057447 0.09200035425399308 0.17568411471677337 0.08104356098954668 0.19381069724101962 0.08455164471535548 0.19169019903654316 0.0955084352317699
9 0.683460966616849 0.2547680095752438 0.6371674947336032 0.2946327131288917 0.5845865310695899 0.23357322758408486 0.6308798402301363 0.19370864042954242
9 0.923706906336065 0.31972789115642314 0.9237070918848076 0.2620481390490395 0.975220413235661 0.26204833005628847 0.9752203598749247 0.3197279477428694
8 0.0505571286897748 0.6108399783263309 0.007520147275499767 0.5742273710309546 0.03394459893661406 0.5431696757010218 0.0769813926488041 0.579782150371763
8 0.24204539803019998 0.55003199958575 0.18994518329543553 0.559370003605144 0.17297016943985 0.464665789603013 0.2250696320688803 0.455327854386045
8 0.37520227546315255 0.7654149839059576 0.34552636868818354 0.7337893995787967 0.3761747147700589 0.7050353799295587 0.40585049472292667 0.736660815036785
8 0.48370244719239963 0.41962086381385116 0.4201118006244542 0.4398882879345456 0.39516239483600657 0.36161042184234765 0.4587524716777125 0.34134309492644693
8 0.50461620178271 0.5295411803303464 0.5087191571884659 0.5533176427213969 0.4815062462706692 0.5580131141373297 0.47740335218327346 0.5342367059712138
12 0.4003229642360111 0.49550053408517886 0.3648391837715508 0.49616433598651655 0.3627516634717267 0.38456837757771306 0.3982349151577864 0.38390458061144467
12 0.3037111552140459 0.3240017604981604 0.34166196120781933 0.34600892260740673 0.322114942249641 0.37971597032950044 0.28416416989671234 0.3577088541144323
12 0.38956560683402586 0.31972780288208846 0.38956565931948717 0.3412616025235169 0.3502099320248817 0.341261647736011 0.35020992217630464 0.3197278911564707
12 0.43080706134924185 0.5784113919232454 0.47574671891356957 0.5616759587147117 0.5035147306732597 0.6362333916219738 0.45857513770181413 0.6529687014636788
11 0.4137294488060661 0.6637205131821102 0.4506486117239774 0.6512784316997232 0.4696319355499554 0.7075994778417456 0.4327128094782893 0.7200414820556988
11 0.33399480139007665 0.7137090026148658 0.293286771188491 0.7209681103412041 0.2796748259928563 0.644643448594473 0.32038222266919547 0.6373843984697872
11 0.10777706389410469 0.4784486122449673 0.16486139873484262 0.49140366863726676 0.14469726766776603 0.5802462313658706 0.08761296433465304 0.5672912698957143
11 0.2718254744453361 0.3950833987557443 0.23495349341715155 0.3974196656202737 0.231111101747274 0.33677822378667016 0.26798283663799793 0.3344419646848357
9 0.17612519546742078 0.5901927971454367 0.23652712861417058 0.5526617540095475 0.29063983941432525 0.6397405670240045 0.23023818762396786 0.6772712475872767
0 0.09276276420541762 0.8353833008260881 -0.0037088710313355477 0.8092959204872078 0.04686413012552748 0.6223156002521639 0.14333191244827503 0.6484024368383734
0 0.128862832793061 0.8091612067999152 0.12182349506747414 0.8352601429179487 0.09491063750499507 0.8280026710149114 0.10195003202920816 0.8019038253870857
0 0.3094526018099941 0.8500742744679645 0.2745653009111493 0.8462262675296787 0.2806403963019193 0.7911608113290882 0.3155272168129386 0.7950087914782678
9 0.21876729238476855 0.9187965174173433 0.19415405740539882 0.9270905746246287 0.17717113051821798 0.8767043851456524 0.20178403600334605 0.8684103882798498
9 0.25772174434746375 0.4319775881965463 0.258378495267948 0.4529545635879989 0.16634006274171043 0.4558356012332973 0.16568344649147093 0.4348587568698847
0 0.30756505149190616 0.32841747330814297 0.3267454701237966 0.3054662579635743 0.3636562737001441 0.3363117616925634 0.3444759151039989 0.35926292076949196
0 0.5464684858600322 0.5587362522281928 0.5000977473325747 0.5743646582246598 0.46189824872897134 0.46103208294397846 0.5082681954191912 0.44540382209532675
0 0.4249052256267305 0.4704621360740215 0.41440272971249215 0.4735896467396016 0.40558316440660747 0.44397451506965246 0.41608561777036357 0.44084701118795755
8 0.6212517608024655 0.5166173363071981 0.6830953303550586 0.5267939067721251 0.6628770648534328 0.6496491648618122 0.6010335225494146 0.6394727068496179
8 0.7586726623471804 0.5806870843540587 0.7187561405626184 0.576803889387786 0.7235318635086969 0.5277191199644148 0.7634480554783067 0.5316022987807988
8 0.938614238948503 0.7269595379445078 1.0595349361852868 0.7801433361615825 0.9619711394237811 1.0019170807248 0.8410514205934305 0.9487349878492625
13 0.7213035809533039 0.42772481671509316 0.7440951717821918 0.43383306758151474 0.7026693411382894 0.5883929836893654 0.6798777795248725 0.5822848082980742
13 0.9563410015912268 0.49668412414711494 0.8286319327835372 0.5158828780862094 0.8044586573633978 0.35508547915593647 0.9321650845868135 0.33588692703710427
7 0.8880155270705927 0.5681327603111198 0.9668146831568265 0.5487279362511306 0.9900666087592072 0.6431394691087148 0.9112675181598888 0.6625441184679025