4 0.2944903883095549 -2.5982971703662715e-9 0.2944903906663967 0.04093020629024499 0.23912231526162486 0.040930201850809735 0.23912231943791085 2.0814074130058027e-10
9 0.8563924455868346 0.21112621687054303 0.8783212683470083 0.2232132920681068 0.8605139874321139 0.25551938549066394 0.8385851758933995 0.24343232611743926
11 0.7602768094989187 0.18356939771016412 0.7230048731306624 0.15973883485490278 0.7917397314209893 0.05223548639104925 0.8290115391613426 0.07606599415451175
8 -0.012905202837714569 0.6434866383377689 0.012341408024667544 0.5386504578867387 0.15165302398656877 0.5721955919104241 0.12640801279349034 0.6770303979934471
8 0.3400856205734044 0.4517225211496485 0.3259170036666319 0.4794040537638435 0.2696260887092876 0.45059355741297874 0.28379472272729345 0.42291214545459377
12 0.744495622530053 0.9312303847451199 0.7027480819559742 1.0141218130892928 0.6066324700558425 0.9657260350131992 0.6483802200965556 0.8828358884705674
0 0.6071859715851815 0.5575520910915628 0.654448152469854 0.5765191290663526 0.5965228850031963 0.7208401556389986 0.5492608614667915 0.7018734044410444
0 0.7892004424300012 0.5064938264915059 0.7821455212047113 0.4126150125912207 0.8696770779816916 0.4060375231094976 0.8767325252067621 0.49991576048280445
0 0.7106504967008505 0.8671483338031255 0.7019936064541525 0.8690720973448546 0.6933983070167642 0.830401848754983 0.7020551117743707 0.8284780950680709
12 0.579354616574733 0.751878361241262 0.591518312991866 0.7563409204581203 0.5826959830749274 0.7803838549262173 0.5705322934765036 0.7759213090443601
12 0.5691618245303971 0.7249825646173961 0.5623838320866525 0.7150096694852481 0.5775268037673413 0.7047194846575188 0.5843047915760735 0.714692359937648
12 0.7630181583132298 0.7001099888594641 0.7745097668603194 0.7055113174935601 0.7654456341824698 0.7247927544239343 0.7539540334649928 0.7193914382696432
12 0.9832491329736968 0.8194818491012597 0.975217865389709 0.8171701217434322 0.9803483351371369 0.7993497930782377 0.9883795681818128 0.8016615151515101
12 0.9159359723980742 0.7219990829927269 0.928659585055243 0.7168421704401786 0.9374686488079078 0.7385732192546638 0.9247450436419058 0.7437301183612307
0 0.9366322701285981 0.6603575487067301 0.9197125141970446 0.6682224035078066 0.9131698952227225 0.6541489902495038 0.9300896061494086 0.6462841476768251
11 0.869657934531233 0.5690003696268433 0.9002181006211458 0.5771473975907888 0.8893858809923358 0.6177756035817342 0.8588257266897017 0.6096286065809076
11 1.0000000982689699 0.45424111818181806 0.9787785434280067 0.45424111818181806 0.9787786292101828 0.38220646060606056 0.9999999877177288 0.38220646060606056
11 0.8844233934632939 0.5432877410817528 0.8734218310777351 0.5647809045964877 0.8511603907122662 0.5533870997347973 0.8621619595809307 0.5318939811888018
11 0.6745210949150078 0.47080245824109934 0.6613997232913107 0.45308345670786104 0.6887495223913902 0.432831507726507 0.7018708782732119 0.4505504677129263
14 0.9623497903038469 0.30898422439218415 0.9740418215909585 0.3090909090909091 0.9737381293903127 0.3423727827936861 0.9620460981058159 0.3422660982712407