14 0.11872623479428057 0.13176570098329074 0.18167279729175334 0.1498876921569327 0.14432017915373763 0.2796300611655499 0.08137364953972792 0.261508147805329
14 0.3548642773729398 0.0049307596778198235 0.3863375001060376 0.013991833795307137 0.3619033165275596 0.09886277706488603 0.3304300962623756 0.08980170941512575
4 0.39655985883939593 0.147601767646982 0.44152165590026016 0.1605460485001522 0.41908220280345176 0.23848835575992378 0.37412041902655346 0.2255441059749971
4 0.17548132473064015 0.08683496479247377 0.11703102796457188 0.07000725616566875 0.1335731384074279 0.01254914010249569 0.19202338161437638 0.02937684012513026
11 0.6157025352272285 -4.2183532649719546e-8 0.6157025768427502 0.09182681897036193 0.5076400651461199 0.09182678833548652 0.507640096590876 -3.853937742929621e-14
7 0.13625238896690917 0.6955450027096035 0.24167509642518326 0.6915403297077924 0.2456108120945828 0.7951308650715647 0.14018810658694747 0.7991354909617148
7 -0.004604875967970656 0.5752846128274701 0.0978752977412114 0.5544730620424616 0.12050678533569226 0.6659027142059619 0.018026677034754357 0.6867140414525891
7 0 0.8232663651515151 0.04508365568181818 0.8232663651515151 0.04508365568181818 0.9034646818181818 0 0.9034646818181818
7 0.018707930716232113 0.9999999792611453 0.01870823863634996 0.9817267621212524 0.09065564354500566 0.9817276295838954 0.09065553408709093 1.0000006489432105
14 0.3505396708293347 0.4570642693400325 0.2792783641865526 0.5962979664934004 -0.0514255311514944 0.4270451319007659 0.019836541275140007 0.2878146110390776
12 0.4527371911837008 0.8991141310115593 0.46508051622686253 0.863939804786635 0.5036606626399589 0.8774750971167001 0.49131756655526715 0.9126492292379929
12 0.4870168699593478 0.9185502274878697 0.5011804348508804 0.8908851090247714 0.5614826702512801 0.921749863463137 0.5473194126676617 0.9494147192216653