4 0.26461264659087647 0.30909090909089343 0.2646126790555172 0.29388581423610727 0.2949102070316485 0.2938858685057709 0.2949101957367475 0.309090942188195
12 0.2705839719295682 0.1755033306127969 0.2559032149692939 0.19644397879438438 0.23019648137983495 0.17842203897744013 0.24487723356423885 0.15748140814371903
8 0.41524163060068986 0.15576682463280087 0.3855367567682606 0.1443642559218563 0.39977669735242216 0.10726800820203031 0.4294815266899832 0.11867056719545813
8 0.2523972898328566 0.07264025692107193 0.23932426950739227 0.04327779364109752 0.26575048778761357 0.03151208526067768 0.2788235100767906 0.06087454181200012
4 0.5883101638999051 0.2566497053161236 0.5967589952444996 0.21285906720629327 0.6425228045454787 0.22168845568177933 0.6340740581732689 0.26547901873385327
4 0.8129586872820482 0.26909981211390294 0.7979482545690644 0.3082026179426257 0.7555126896934325 0.2919131622238654 0.7705231534366703 0.25281043262655567
0 0.9328517371010321 0.28364752734260357 0.8850622573274904 0.30237324498345597 0.8492482798635592 0.21097455331068757 0.8970374385544346 0.19224890639609188
12 0.9601629506702238 0.01676473326757455 0.9983198760967298 0.03704135907447799 0.9649073412714415 0.09991760759836353 0.9267504244677411 0.07964099463615554
8 0.2109541800276702 0.9774251334581586 0.2084002523814661 0.9431530214373719 0.2506075865024968 0.940008626413383 0.25316170859343856 0.9742805263047957
12 0.33271443960848046 0.7993384067263558 0.3475469216646161 0.7948649031373272 0.35883070773627423 0.8322702907578166 0.3439982351277422 0.8367437726174852
12 0.3256189422747866 0.6091935954992304 0.372665589979988 0.6123192440708538 0.3639426311418674 0.7435981213886446 0.31689598760829085 0.7404725149714773
12 0.25824479245909515 0.7135835532463732 0.27994500466002137 0.7016631414713972 0.30527073370137714 0.7477593745245273 0.2835705709275089 0.759679716390991
12 0.22467651919441778 0.7000657909377709 0.17456153388104667 0.6843451340510338 0.2112171375104026 0.5675101128138509 0.26133100750610083 0.5832305801916422
12 0.24415807745651819 0.39763406566060255 0.2992706882208722 0.3877288734330383 0.32959509312888713 0.5564435022241595 0.27448251569819604 0.5663485703556955
12 0.15842490779618856 0.6525805276838449 0.17469490535154364 0.6455200726748014 0.1919078222903181 0.6851799238622128 0.1756378431284702 0.6922403477070935
12 0.08349090455976693 0.5377216223066781 0.10703808316884533 0.5285473659199161 0.1282787592100476 0.5830598853267919 0.1047316056216232 0.5922340959052645
12 0.18845057418025135 0.36239351237946477 0.2180802634994734 0.36094327924583103 0.22206009897820422 0.44225142543592116 0.19243041022593843 0.44370165133664513
12 0.13028744228392952 0.3640797837312824 0.11782842951618022 0.3622395335205088 0.12581678557307896 0.3081583054297449 0.13827573009973548 0.30999855053496467
11 0.3013827114443757 0.7731077068875233 0.3175362913391382 0.765886554450045 0.33843964867503473 0.8126381389874605 0.3222860958758247 0.8198592466166144
11 0.26234465297397946 0.7389315905684993 0.27537602968470765 0.7351683810014666 0.28623926528052834 0.7727795265507813 0.2732078956485111 0.7765427191346724
0 0.8738727672849791 0.5139697088980426 0.8167313243116041 0.446342899004085 0.8662199748886223 0.40453021436152986 0.9233612288029462 0.47215672071340886
9 0.9858863831079816 0.5221775418425556 1.018603832819963 0.5509612927365058 0.9836328436728081 0.5907076768656382 0.9509155148235777 0.5619240545211449
9 1.0000000126578925 0.5300333261363637 0.9888625966777909 0.5300333261363637 0.9888626112575594 0.5147570943181818 1 0.5147570943181818
9 0.7547644795223505 0.6531578324665014 0.7575205126970559 0.6837726262813248 0.6908450284595347 0.6897738471345864 0.6880892215909853 0.6591592647726942
9 0.6727335329545667 0.6319527977273202 0.6754717379370732 0.5770917749909772 0.7922748759667684 0.5829203846857656 0.7895372898162805 0.6377808293074896