12 0.7520596458629143 0.2260644409204577 0.7109338796626616 0.2459013710370738 0.6733248912610179 0.1679315120033515 0.7144504699660956 0.14809463614476293
12 0.5997888284300643 -1.2598254619297351e-8 0.5997888413731971 0.07831109659944371 0.5410816611330347 0.07831108249488795 0.5410816756797203 1.7303218161602228e-9
11 0.9841517973446798 0.25462361083834684 0.9126452576418842 0.2472346092411817 0.9270442527133582 0.10789392581060316 0.9985502288589032 0.11528289754189887
11 0.6773876121696958 0.10043633073678365 0.7177969967467561 0.08436913594189524 0.7438496339352696 0.1498918956607241 0.7034402619188995 0.16595906863323867
10 0.8270079794087906 0.02498981607650531 0.8476510279989498 0.06649567890225835 0.8163912556702826 0.08204278141336557 0.7957482212484592 0.04053693080924383
14 0.8542334666802844 0.3090909080575707 0.854233582120969 0.28012917297440026 0.9117921288083153 0.2801293774527974 0.9117920885960302 0.3090910365474594
14 0.7348319231246023 0.14376085487406096 0.7568921415277146 0.126928804795169 0.8014293441890459 0.18529918666320996 0.7793691529385569 0.20213120583063568
14 0.8495328956745425 0.03500640921771679 0.834735573535454 0.036800459383728876 0.8303165413460647 0.0003522823020259188 0.8451138602885067 -0.0014417676565698103
7 0 0.4946765575757576 0.030304835227272727 0.4946765575757576 0.030304835227272727 0.5649499015151516 0 0.5649499015151516
0 0.07727945282738347 0.4845828955995366 0.224001155154383 0.5618526631133803 0.13642269899742132 0.7281294777446122 -0.010298083543034409 0.6508610524140366
9 0.6974558291298081 0.686614623228087 0.6412716315684293 0.6925770916056697 0.6169461981438644 0.4633740291594115 0.6731281412651242 0.45741168160047646
9 0.5238228354306784 0.6433411394634784 0.5871308819473597 0.6222042863964504 0.6295841857458981 0.7493406386081598 0.5662762823310459 0.770477190996823
9 0.7904776380723888 0.3777312276611003 0.8474542103552949 0.35870649570710506 0.8749748522598111 0.44112332239061586 0.8179983281713703 0.4601479517380029
10 0.9368045008583294 0.8472444837531343 0.9071910548519782 0.9305419898073928 0.7753359600991416 0.8836747465227585 0.8049501204545777 0.8003787848485234
10 0.9374775748599404 0.5696691500181172 0.8685347873207547 0.5156107248305446 0.9308376611271569 0.4361603766030869 0.9997797605415144 0.4902183870663446
10 0.4571972556818764 0.40167157424242833 0.42079650737355223 0.388241787079878 0.4540397938388878 0.29814171628974534 0.4904402111191075 0.3115714364724579
8 0.508974736052096 0.8732694918889079 0.4735564806005641 0.8319738952813541 0.5315401672062308 0.7822533468823848 0.5669581585455035 0.8235485430057995
8 0.6416978368400805 0.7750812075002873 0.7018407119742278 0.7550021584292036 0.7276897444488668 0.832413212947013 0.6675469656109954 0.8524920607772276
8 0.6998222804876377 0.8609312982679718 0.7358533173693331 0.9018070985377058 0.687026984660065 0.9448352483448886 0.6509963306430109 0.9039598133377031
8 0.8682873621816043 0.7111331000134558 0.8079644728539961 0.6970584920466957 0.8279804404346578 0.6112856532637766 0.888302297635164 0.6253601354774055
8 0.9539578973924563 0.823981270470432 0.9798114239247298 0.8314228304914206 0.9611348435229274 0.8962947454843325 0.9352813442815204 0.8888532511837658
11 0.715822441680757 0.4991824955689488 0.7796632182163421 0.4956561512898081 0.7855466565282541 0.602160296630318 0.7217058826068978 0.6056866093385666
5 0.9527447721394537 0.7943719744906215 0.9212708818921556 0.7853123089923283 0.9371950981656028 0.7300013092808761 0.9686685932575756 0.7390609143334175
5 0.5830142073297111 0.8943567246984846 0.6178339556221317 0.8827326073597441 0.6313652668268332 0.9232552784058166 0.5965455507516708 0.9348793269842244