9 0.19040274325402606 0.5143610303210562 0.14995165241032282 0.5052385433761623 0.16407763718916613 0.44260629855065914 0.20452836486799697 0.4517287430399035
9 0.28755051501696016 0.22567831498494845 0.34107127481854604 0.2502343264561675 0.3032745536453376 0.332611749855139 0.24975385353002366 0.3080558337326797
14 0 0.18608253938356165 0.07035006812339333 0.18608253938356165 0.07035006812339333 0.293093676369863 0 0.293093676369863
14 0.23029347319595672 0.023755658826425597 0.30713512862655534 0.03707226817050258 0.2990392059265332 0.08378863958731507 0.22219755122171136 0.07047203531660202
4 0.12085469997782639 0.259431828001318 0.1720825324064208 0.26830932639272015 0.15682094414819403 0.3563743096919741 0.10559312061479886 0.3474968482335301
11 0.5541163438028889 0.5291095753586303 0.5541178383519991 0.47116763111216825 0.763163857685413 0.4711716357974595 0.7631632881679025 0.5291126684242637
8 0.3265259811762462 0.7791202693985816 0.31050316560481406 0.9408226675145648 0.1348245317914234 0.9234147073251202 0.15085061922604837 0.7617159311150093
12 0.19174183508039278 0.7034652795863617 0.10472634263669534 0.7711821282997537 -0.04577688722258699 0.5778085095490932 0.041235871364619925 0.5100932726994122
12 0.3720040433156555 0.529108772170571 0.3720044929849564 0.5717138442531455 0.28235809580769455 0.5717143383045196 0.282357966581003 0.5291095890410586
14 0.7467044561761895 0.8729634809237475 0.8004433388556436 0.9298191973426055 0.6926845834516371 1.0316410511378202 0.638946943880569 0.9747865534775703
14 0.4190231362467866 0.7638934400684931 0.4569816375321337 0.7638934400684931 0.4569816375321337 0.8134935856164383 0.4190231362467866 0.8134935856164383
12 0.5394064211225214 0.6812526716036303 0.5598582673273995 0.6703840242926267 0.5767170468398035 0.7021031304408952 0.5562652288947447 0.7129717366352176
14 0.5054303599515606 0.5627295911276229 0.5703995930646215 0.5282857562637471 0.6362992149113325 0.6525751153194481 0.5713302936135278 0.6870185008928598
14 0.8295340762066417 0.6763655924327568 0.7646990804374809 0.7514381321173853 0.6934475869304606 0.6899112560357307 0.7582820826680745 0.6148394579108846
0 0.9509255802935286 0.8583695087440196 0.9397861543649242 0.9343576761095113 0.8147816088078343 0.9160355206761697 0.8259221020707628 0.8400486509946062
0 0.8437532976620332 0.7542422759730075 0.8480437559907159 0.8112171142110464 0.77143676285732 0.8169842629164088 0.7671468635636529 0.760009949428721
0 0.8286557763218525 0.5298079005522879 0.8964972211128952 0.5260039279768222 0.9031885750126776 0.6453281422494354 0.835347134209087 0.649132074194063
0 0.9353666244630858 0.6484145816129219 0.8754316486915741 0.6109063459590787 0.9419763694201038 0.5045858587133712 1.0019103430292944 0.5420936791932478
12 0.9746198057526954 0.5989925225781638 1.0096543775110831 0.6372781926108682 0.971999321949852 0.6717312724683879 0.9369649463582164 0.6334457918057257