4 0.2255587764689153 0.20772258861363416 0.2623833047716744 0.21219932247683074 0.25446274177750183 0.27735085127802933 0.21763821541821926 0.2728741282366735
12 0.35494283291075135 0.056792468500131484 0.39763103564575886 0.0696319445186304 0.37506985163486206 0.14464229478525967 0.3323816555355279 0.13180283422196282
8 0.5935092527954566 0.4128153053622659 0.586569590187537 0.4428729922693301 0.5545359185886127 0.4354774647601621 0.5614756253063433 0.405419841683439
8 0.7251490989026479 -1.860426208715261e-9 0.7251491006054493 0.02534013806886613 0.6503882476937406 0.02534013603472364 0.6503882495982225 1.8059593262705895e-11
8 0.8742691772846456 0.22450133332215602 0.8483432621405882 0.21688746991469124 0.8759070177943613 0.12303151811284783 0.9018328125501966 0.1306453631452821
11 0.7446188928838637 0.2531627602029978 0.7043425622744053 0.19790155051166503 0.7719173911600592 0.14865127237390433 0.8121936754140506 0.20391234342964315
5 0.6501115926873808 0.06589827047416366 0.6671489656957874 0.08902026816667113 0.6309480172619715 0.11569474329285043 0.6139106605301095 0.09257276026664005
5 0.644863154558152 0.31335204384828685 0.6059038481005246 0.30644242352715245 0.6132156308572121 0.26521706289783686 0.6521747971891045 0.2721266705116768
11 0 0.5387154588688946 0.03069811439588689 0.5387154588688946 0.03069811439588689 0.5989106066838046 0 0.5989106066838046
13 0.2964568152001448 0.5540606169431765 0.2849429289314003 0.6065332204793641 0.19203207537032085 0.5861475486603391 0.2035462695799879 0.5336753759118702
13 0.301818434414713 0.5295625755455011 0.30181873476954024 0.5682642414651625 0.22919663791719813 0.5682644465612255 0.22919657231568635 0.5295630143761213
11 0.41902436943519206 0.6817939010282775 0.32596702077614736 0.6817939010282775 0.3259676858617695 0.574361881748072 0.41902313624677845 0.574361881748072
0 0.4071248992163419 0.8212113945273913 0.42048677840534765 0.673233300316081 0.5003926779155563 0.6804476407826593 0.487032261301124 0.8284243798898725
0 0.7426496196634389 0.7787123339651175 0.7659238468636431 0.6680887418601811 0.8861335847522014 0.6933757956557065 0.862861104225999 0.8039978628763003
0 0.8781770149739714 0.9533909082739963 0.857288957429887 0.8724845572902559 0.9957400481588365 0.8367480125982335 1.0166291213248542 0.9176527842499743
0 0.8545759010067968 0.5295615848710166 0.8545768453307119 0.5899608976977718 0.734322260853105 0.589961710370564 0.7343219346416845 0.5295630048887652
0 1.0000015021795434 0.6492070372750642 0.8614999573210298 0.6492070372750643 0.8615014524420985 0.5295629820051413 1 0.5295629820051413