9 0.37214321979434445 0.03654439331619537 0.4190231362467866 0.03654439331619537 0.4190231362467866 0.11938458997429305 0.37214321979434445 0.11938458997429305
11 0.3567562055268354 0.2784284807529443 0.3603417046629147 0.2116684650368728 0.42260847077102426 0.21501259720821184 0.41902313520267853 0.28177245645902643
4 0.3742882754031598 0.4492456639278898 0.3513005721109721 0.4088640180383324 0.40449203479181506 0.3785857841694792 0.42747974099461317 0.41896727412586127
12 0.9312222595340245 -1.33888201924771e-8 0.9312222735134128 0.062283245152641005 0.8268125712603478 0.06228322819803637 0.8268125879214949 2.906285201446495e-9
12 0.7426501071723806 0.06477227058081057 0.8350620009317709 0.1222290403824085 0.7668321767060888 0.231967173112508 0.6744204065394115 0.17451056902719106
12 0.6266840234688971 0.3101226237327674 0.7009264439434446 0.3480085379565624 0.6340422460306172 0.47907062696304864 0.5598000428841488 0.4411850458989903
13 0.6936188957780587 0.3950763760834736 0.7229838401538018 0.4180313742294544 0.6568254952733241 0.5026585099966118 0.6274607009792135 0.47970368011641007
13 0.9214998220745656 0.11664013816499454 0.9927750409782448 0.10487380454910449 1.01673429673815 0.250007161864875 0.9454590922252919 0.261773447390918
13 0.7441328941357597 0.31954844525890924 0.7189372532791367 0.28835195653330603 0.7944335779346829 0.22737924095392106 0.8196291505145155 0.2585756042800991
11 0.7995668477575464 0.48097289332076815 0.8327567196082555 0.5017014837573734 0.8056490374465284 0.5451018082494028 0.7724592295462571 0.5243733005258182
11 0.9499350285037735 0.26400787059787884 0.971056322678578 0.250896601035108 0.9940599292675643 0.28795291249417065 0.9729386537973141 0.3010641579574264
11 -0.041858150486064005 0.57035467082719 0.07562113719257013 0.45586773240825823 0.28645473627727824 0.6721886470351259 0.16897869254410125 0.7866722434483323
10 0.38221371770339374 0.5994386939879836 0.3757945072188704 0.6747856062410434 0.18507120366007257 0.6585362419998955 0.19149165424948933 0.583190685247141
10 0.41902379485895835 0.5899678277634964 0.24667921186858166 0.5899678277634964 0.24668033419027324 0.5295629820051413 0.41902313624677845 0.5295629820051414
9 0 0.7290547005141389 0.1750233586118252 0.7290547005141389 0.1750233586118252 0.9722127005141388 0 0.9722127005141388
9 0.19856105816290892 0.7515887106669153 0.18653260716371278 0.7899696248971992 0.10299702373220043 0.7637937800843524 0.11502568811454239 0.7254132482770576
4 0.7882305539845902 1.0000000000000386 0.788248045625096 0.5972169572105858 1.0000071526378633 0.5972287587681958 0.9999999999782858 1.0000014187425867
7 0.7973876503180009 0.5295599280218655 0.7973892267283418 0.5997370644505688 0.6190527589399153 0.599739053851331 0.6190522570693702 0.5295629820051606