9 0.13222934304451428 0.32602210659498404 0.11920966631873853 0.36486996278664513 0.05787971073652898 0.34431606041895124 0.07089945223094674 0.30546833096861264
9 0.19624219439413082 0.34892196818003224 0.19624227451311071 0.38382130313422685 0.15625000042973625 0.3838213153410375 0.156249998241492 0.34892205857861935
9 0.21102122447825877 0.6655238388848459 0.20306098556397956 0.6937811541385519 0.16327909726794587 0.6825757956088684 0.17123940831390883 0.6543186000677522
9 0.6654454691110914 0.713503887000824 0.696469123509587 0.7035336785368671 0.7161502818352119 0.7647643228232285 0.6851266607700381 0.7747344588371105
11 0.46867925673791433 0.1689300084459643 0.48283916110858627 0.12538954227324803 0.5249258886664165 0.13907659055147847 0.5107660384637711 0.18261701000593367
11 0.5805387855313029 0.4878495211502724 0.5485819639135343 0.5005374573434256 0.5269944407604044 0.4461687349830915 0.5589510272570806 0.4334808508720498
4 0.07421875 0.020833333333333332 0.1106265283203125 0.020833333333333332 0.1106265283203125 0.057291666666666664 0.07421875 0.057291666666666664
4 0 0.28605642578125 0.012872775390625 0.28605642578125 0.012872775390625 0.32870961588541664 0 0.32870961588541664
4 0.09531938746283686 0.649795091223061 0.07076496736419813 0.652063867946412 0.06788689224924838 0.6209181141495449 0.09244116485592713 0.6186493442766668
4 0.231784512169952 0.5288726664635498 0.25505691479952475 0.5292704636338245 0.2544508921837405 0.5647215420845235 0.2311784895830442 0.564323746088378
4 0.4122639182302237 0.33395149179105493 0.4360902045330022 0.32799514020457265 0.44356373685138806 0.35788931743841823 0.4197374540694909 0.3638456593492688
4 0.6139867933438836 0.1095264136073602 0.6049675373495802 0.07563924156962126 0.6443434067534781 0.06515915943912103 0.6533626743882905 0.09904631357103323
12 0 0.051971324218750004 0.015625 0.051971324218750004 0.015625 0.08138518359375001 0 0.08138518359375001
12 0.33671211992191274 0.6113697246542305 0.3569868802792371 0.6138747115332086 0.35211744107732557 0.65328203452761 0.331842682413253 0.6507770572288233
12 0.662103461865513 0.372235230752497 0.63305507290886 0.3888947624043098 0.5988817027397317 0.32931046373395556 0.6279299223339194 0.3126509934377763
8 0.29551400011359874 0.37785800822592247 0.2669055451967779 0.3636282575636163 0.29102076013532496 0.3151473801783865 0.31962907859667666 0.3293770903164714
8 0.40728755977863784 0.500000008967488 0.4072876136439163 0.46354162663218007 0.4414352457348514 0.4635416938381878 0.4414352832463919 0.4999999841182365
8 0.4296875 0.65625 0.45703125 0.65625 0.45703125 0.6927083333333334 0.4296875 0.6927083333333334
8 0.68359375 0.04828833203125 0.72265625 0.04828833203125 0.72265625 0.109375 0.68359375 0.109375