9 0.8392350025379756 0.2488928001003826 0.8563199254374467 0.2507161802085597 0.8490430249017891 0.31889856431001645 0.8319581028240464 0.31707518958626896
14 0.6328125 0.21875 0.66015625 0.21875 0.66015625 0.27068008072916666 0.6328125 0.27068008072916666
4 0.4221773227494623 0.6262418140329473 0.45034112779683255 0.6239964832860557 0.45560673143268104 0.6900359405207196 0.4274429281739458 0.6922812563757935
4 0.6596645126325029 0.09403052246073937 0.6887724453356441 0.10055753602388548 0.6749394452452862 0.16224703214148484 0.6458315151343186 0.15572002657219258
4 0.97265625 0.2833319739583333 1 0.2833319739583333 1 0.33067066536458334 0.97265625 0.33067066536458334
4 0.7314302416873488 0.6009497678409853 0.7294045659331232 0.5625925783714343 0.7589287949733716 0.5610335476592564 0.7609545653449459 0.5993906368246968
12 0.49214125639389295 0.4486659392781269 0.5260004515805576 0.4503257753279905 0.5221281201125976 0.5293123836980682 0.48826892564636637 0.5276525574278876
12 0.6472245922018374 0.5477029512849061 0.681719345780607 0.5375561037932368 0.6930083686239641 0.5759301600409188 0.6585136296068868 0.5860769728508929
12 0.8827135785580822 0.5950487835056989 0.9085992771259725 0.6011813704092512 0.8981050811838713 0.6454723173272991 0.8722193915143635 0.6393397567634148
12 0.9645558946049277 0.6157403564706454 0.9890851631286068 0.6111234902231233 0.9990055794266937 0.6638239565811758 0.9744763176098559 0.6684407987293106
12 0.5859375 0 0.6401694384765625 0 0.6401694384765625 0.01300243359375 0.5859375 0.01300243359375
12 0.9765625 0.05207914583333333 1 0.05207914583333333 1 0.08103131380208334 0.9765625 0.08103131380208334
8 0.7702281853910335 0.3374609246611475 0.7883608942109959 0.34582811617964 0.7690918485924385 0.387584795693079 0.7509591527845032 0.37921762534611886
8 0.8639295498506954 0.36954449460565636 0.8967195058166908 0.3726817279779247 0.8925576016854393 0.41617940558501126 0.8597676468194777 0.413042180421518
8 0.7709307852559277 0.08545970609985516 0.8068327141556892 0.09007176531865374 0.799996878217371 0.1432841760459506 0.7640949500524812 0.13867212115211594