9 0.07146521063100408 0.6632657398728641 0.05610591128481701 0.7136729872394929 -0.015359516189391798 0.6918999084000259 0 0.6414930559895379
9 0.4435270237891018 0.9089821236290894 0.412604582730296 0.9074733087289063 0.4150011944673224 0.8583724971493024 0.4459232274198257 0.8598813020809278
9 0.4793577966402154 0.6685061022269297 0.5210248592347853 0.6789213012829964 0.5032553637751107 0.7499992150193555 0.4615883314054372 0.7395840985558835
9 0.14351908870764873 0.3050800298102061 0.09418051049328824 0.3137146716146266 0.08672752083350588 0.2711287530026993 0.13606591601569562 0.2624941276041603
9 0.24491889625824115 0.37980239794298715 0.1892586325953971 0.3746180452787891 0.19646275705304106 0.29727862510730363 0.25212257077680533 0.30246295646015
9 0.5883780265412497 0.29296964675144255 0.5202739224282595 0.2163536301506577 0.6082566497283324 0.1381470998157566 0.6763605009846287 0.21476278553724365
9 0.6108083908934532 0.38090120392107085 0.6308346334710677 0.3959201059406656 0.5987245183000596 0.4387335993503864 0.5786983190751016 0.4237147473855941
9 0.7235998723507464 0.49491503698393124 0.6672764489231895 0.4938936285190984 0.6681231353852581 0.447218339747365 0.7244461816405874 0.44823974479166595
14 0.234375 0.7083333333333334 0.3203125 0.7083333333333334 0.3203125 0.78125 0.234375 0.78125
14 0.3605758723973622 0.30432417840065956 0.4112845282671742 0.3508052378898348 0.34739864095297435 0.42049870779352166 0.296690216955767 0.3740178905098185
14 0.41015625 0.53125 0.46875 0.53125 0.46875 0.5677083333333334 0.41015625 0.5677083333333334
14 0.5924215524150895 0.41062539290421296 0.61492204836361 0.42749980640647584 0.5898961239283835 0.4608676389952245 0.5673956686473502 0.443993272286625
11 0.055795370375903985 0.38048264657870406 0.046701591958822064 0.41304614919276417 0.008880184102395106 0.4024844500783045 0.017974008733290248 0.3699210234928101
11 0.5905649018269514 0.881053915602221 0.5821372701034306 0.90769441744523 0.5482461651803305 0.8969755363639517 0.5566738662109856 0.8703351627604002
4 0.0625 0.4166666666666667 0.12109375 0.4166666666666667 0.12109375 0.46875 0.0625 0.46875
4 0.1475361776609816 0.36788859729154744 0.12109316618750654 0.40755166991932174 0.06340093968776728 0.3690901881007978 0.08984392081742953 0.32942726693784713
4 0.44448201501541007 0.19083406320128685 0.48771677731031104 0.21110000887956154 0.4506558847770066 0.2901632252863874 0.40742116301225906 0.2698973443205192
4 0.34375 0.4270833333333333 0.39453125 0.4270833333333333 0.39453125 0.4791666666666667 0.34375 0.4791666666666667
4 0.359375 0.734375 0.3984375 0.734375 0.3984375 0.8020833333333334 0.359375 0.8020833333333334
4 0.17763743401440024 0.9270833605814934 0.17763771117370197 0.8802081124651939 0.22265624816691343 0.8802083666636588 0.22265626121827609 0.9270833252088866
4 0.08203149965447665 0.9669128346354167 0.03636442000299667 0.9669128346354167 0.03636466051398202 0.9218399049479166 0.08203114858122262 0.9218399049479166
12 0.6218015288743572 1.0030309186429351 0.597004261825191 0.977390325385754 0.6375668495875288 0.9381732865886024 0.6623639210298506 0.9638136669358358
12 0.5380675451614252 0.4551685891212684 0.5320231892001175 0.46497910229455325 0.4982770817173332 0.44418901676105077 0.504321435546899 0.4343785299479564
8 0.057713193163749565 0.8871238608027592 0.04559447428266594 0.9272860215491237 -0.008496022101667222 0.9109681514222102 0.003622873941708349 0.8708062991796689
8 0.10169211853883553 0.42161423332382986 0.12382873498188474 0.37734386111068874 0.19570374026591253 0.41328184459852385 0.1735673897229617 0.4575519893944859
8 0.16933780897250017 0.24852342754590526 0.1996219943964661 0.3166611007631673 0.16120372633292845 0.3337357586909441 0.13091968941807863 0.2655982110847461
8 0.4349576221670759 0.9349951469782792 0.45867779721515944 0.9326711789137933 0.462108550167045 0.9676784918517627 0.43838837688622334 0.9700024480717463
8 0.5808296920282601 0.4093548196998146 0.5459727568338621 0.46163797814248403 0.48903138847390437 0.42367723380951305 0.5238882769806423 0.3713943015855575