9 0.659373078521412 0.49917555610136155 0.6169388734339236 0.5504442830398056 0.48806283039368736 0.44378227189766956 0.5304967027742578 0.39251413366576293
9 0.6705401339154378 0.5405951167770547 0.7074147951107079 0.52681438152698 0.7359119674117665 0.6030602257811893 0.6990373583184919 0.6168408631003165
9 0.7446561127216 0.6020233877171146 0.7877521005931385 0.6019261438035739 0.7878707924135142 0.6545210910607663 0.7447748045458411 0.65461833448455
9 0.8285768632553072 0.6567200399735067 0.8529957414172031 0.6450551428776049 0.8753933695401201 0.6919351916195727 0.8509745312495625 0.7036000262927995
9 0.9257281207591177 0.5212772643984579 0.9413029968283126 0.4911685619747131 0.9970051050876236 0.5199802669731282 0.9814304047517908 0.5500888186789984
9 0.9999999992531912 0.6406249885762514 1.000000033229412 0.6796875000001735 0.9894020619259436 0.6796874793001317 0.9894020694963501 0.6406250092782612
14 0.8779417104798313 0.36101995899105266 0.8711605176061994 0.3272125346729351 0.9202397425887057 0.31736839552580504 0.9270210000753423 0.3511757328589788
11 0.533541948827974 0.6657560370040443 0.5185077700336933 0.6004675361864119 0.5762498220369707 0.5871727005063881 0.5912842567494181 0.6524608318426734
11 0.9283263416099317 0.7151172387173775 0.9660079965200339 0.7068948260084963 0.9750431983795806 0.7482947206635907 0.9373615561372617 0.7565170945029132
11 0.9750548897283124 0.8272088652567005 1.010660732204201 0.8537169908331836 0.9678735097620574 0.9111755829825737 0.9322678847914858 0.8846677092260942
4 0.5764003887196623 0.8274338046736899 0.5450630129934098 0.8019240858166278 0.5802692743038733 0.7586835823857834 0.6116063834973602 0.7841931292576143
4 0.7821607809039506 0.7788863441927142 0.805559044029792 0.7709111558248559 0.8231075970967368 0.8223866933848993 0.7997093592887268 0.8303618288705605
4 0.8239508847487969 0.42690130105998725 0.8490468055049405 0.40130224965733247 0.8943917122335279 0.4457534539037746 0.8692959000960627 0.4713523973830728
11 0.8173944936612543 0.894846733232958 0.8404486792304624 0.88206686499024 0.8538686713159223 0.9062699086410958 0.8308145204995299 0.9190497282808076
12 0.5859375 0.9791666666666666 0.6438605087890625 0.9791666666666666 0.6438605087890625 1 0.5859375 1
8 0.9921875 0.8828125 1 0.8828125 1 0.9123481809895834 0.9921875 0.9123481809895834