9 0.2102958884505597 0.29528408346150553 0.1425781868664444 0.29741742041473984 0.13845601415209785 0.16656249817801416 0.20617308803139167 0.16442917116940636
0 0.29561778528670857 0.20994355545481438 0.23658390300806786 0.20213459548537813 0.25761110531038867 0.04317628975621178 0.3166446181463698 0.05098522461050666
8 0.07415419635310627 0.23239959241682778 0.08207928637841633 0.23406910531720604 0.07744806908192459 0.25605285718220705 0.06952297948203068 0.25438334567749116
9 0.23907644070459355 0.4149108025884508 0.30761122491776405 0.41467901548816416 0.30801705347937514 0.5346666457034792 0.23948226927814176 0.534898430797954
0 0.03682099711409137 0.4096149889119355 0.05725513169647911 0.4139195095536079 0.048131976275954 0.45722591435606585 0.027697845517081987 0.45292140627084126
8 0.12651644986010524 0.18850980921312563 0.13522091409402037 0.1903435177890317 0.13044470924717189 0.21301549825144372 0.12174024541786821 0.2111817909741144
9 0.15441462879743995 0.38099627744145953 0.21708820583944544 0.373126602229515 0.23155313592769744 0.4883182457841133 0.16887957030269263 0.4961878607362408
0 0.5023795417419024 0.41601601387072834 0.5303469502737244 0.4392530643073199 0.502025279210784 0.4733380611549673 0.4740579343834952 0.4501010801829391
9 0.5343663991736776 0.2899641451513013 0.5474703910725793 0.29465098979005533 0.5361178203270356 0.3263908377923375 0.523013832118636 0.3217040005714988
8 0.5934904131319172 0.010795642985752895 0.6062058292192205 0.014213397428985565 0.5868033882736654 0.08639820654826698 0.5740879728681421 0.08298045402298172
8 0.7505201876531373 0.008814912079499266 0.7505952919769925 -0.00006217569799919106 0.7674821742587028 0.00008069523473058874 0.7674070700383027 0.008957782879812581
8 0.6906967874862175 0.1600875426468958 0.7016132316604171 0.16307848749663334 0.6928058685152791 0.19522357643256802 0.6818894253974577 0.19223263428319778
8 0.6294523135386498 0.18379105491178885 0.6423524271755241 0.19044713355657383 0.6272170144662823 0.21978064110552825 0.6143169053431166 0.2131245691952776
8 0.5764124904582104 0.1545234901204145 0.5886775060761238 0.15966029120189934 0.5759512611375612 0.19004616674762956 0.5636862480330365 0.1849093701077674
5 0.6122290692727574 0.32333562444895586 0.6201589214076648 0.3256564789190112 0.6071555371728437 0.37008460962628453 0.5992256874247914 0.36776376083553125
15 0.5416030360920558 0.2374699818182772 0.5571848715005672 0.24436588406640763 0.5457327794695175 0.27024228030221736 0.5301509485306042 0.2633463856092857
14 0.6564289022652474 0.2918836488791713 0.6488344210649757 0.28772766151073786 0.6542425221203985 0.27784537163479706 0.6618369973372182 0.2820013569756958
14 0.5301277587091136 0.48254974321030636 0.5221249688365788 0.4787347316993267 0.5270197609162324 0.4684676002358833 0.5350225395967527 0.4722826086029822
0 0.6549955211473844 0.2356335845492122 0.671406032408072 0.25499312251501255 0.6232002889146315 0.29585476689458096 0.6067898297022793 0.27649527811653063
3 0.5624790652127558 0.20627645823083784 0.581982571595745 0.21650576291362264 0.5629864948132308 0.2527236845065631 0.5434829983871623 0.24249439443233678
9 0.6495088821476429 0.19768457799749278 0.6591452436563259 0.19986935297320757 0.6520960827239151 0.2309605825147272 0.6424597219619272 0.22877580980790302
0 0.03143711031952989 0.9145148099848253 0.024138749082794675 0.8931588741091863 0.06118244889512425 0.8805022936220404 0.06848086678064647 0.9018581156373605
9 0.07422713729727093 0.7913327350548564 0.08420995441815649 0.7953620787682415 0.07540123726437287 0.8171816426192231 0.06541842657554753 0.8131523105205178
8 0.12068428559200584 0.5969642386759781 0.13049092524681782 0.59993902214606 0.1151892172188127 0.6503765731640886 0.10538258397923528 0.6474018045976858
8 0.243972652881439 0.5957895899186628 0.24401896833626324 0.5896118692434064 0.25727840244758227 0.5897112645855164 0.2572320944434523 0.5958889778523435
8 0.19702877822260234 0.7008871118639158 0.20544244898724173 0.7034886281250405 0.19851196270758464 0.7258993393200709 0.19009829485639784 0.7232978296909364
8 0.14895551997210532 0.7174087451198615 0.15853665305564846 0.7229877115842966 0.1470855112498839 0.7426503303971467 0.13750438854572167 0.7370713780402051
8 0.10725284331692819 0.6970950542837677 0.11650847157443422 0.7014697195441223 0.1067659595579471 0.7220791255536283 0.09751033808288412 0.7177044710713638
5 0.13540739346603914 0.8144659660676948 0.14150435281010232 0.816479678291841 0.131283388926704 0.8474194418477983 0.1251864334625452 0.8454057379310523
15 0.0799693341064085 0.754706645338458 0.0916831559613911 0.7605569557492399 0.08292575291272897 0.778088378981121 0.07121193984369256 0.7722380819565056
14 0.16445052339713584 0.7894481774673349 0.1683615842563313 0.7828640912458554 0.17404457911948157 0.7862392528867163 0.17013352426647543 0.7928233338879024
14 0.07076692634984738 0.9256251254875629 0.06478424110616743 0.9224066841139417 0.06852731327364836 0.9154505869378111 0.07450998774436357 0.9186690247461853
0 0.1690621459324575 0.7535368593231889 0.18018097989079251 0.768339440792868 0.14292695915423792 0.7963172423623328 0.13180821449827818 0.781514742141775
3 0.11096608006096176 0.7415997462504853 0.09581474688889102 0.7661577462299625 0.08148616282983312 0.7573190446683888 0.09663749177923364 0.7327610918531087
9 0.16469787538335368 0.7269334250692184 0.1721669548466025 0.7288444737747122 0.16657393200125625 0.7507004454131689 0.1591048543306215 0.7487894015573016
4 0.5177598184229737 0.5938277026656349 0.5450305541204443 0.5816474789139412 0.5607588963561057 0.6168583950488707 0.5334881866529031 0.6290385755719683
9 0.43992248062015504 0.7189402931034483 0.46501069250645993 0.7189402931034483 0.46501069250645993 0.8770758367816092 0.43992248062015504 0.8770758367816092