4 0.22612336257725474 0.5709612116748638 0.19567360368523623 0.5632752616603304 0.21594042150422865 0.48299120232293674 0.24638980152803924 0.49067710274676146
4 0.31580123353057843 0.5113190909428706 0.33064898482962235 0.5124280196760995 0.3248985373791129 0.5894155287260289 0.31005078688008325 0.5883066071235884
4 0.2860549272272692 0.4791110723559033 0.2654157862896227 0.47177749291081994 0.2913285464425144 0.39885512557568986 0.3119674945786528 0.4061886676023987
8 0.31352827765863367 0.3992759632573226 0.32862962651006455 0.40139457111272686 0.32458799558514784 0.43020166122894 0.30948664753509547 0.428083057262725
8 0.0586294189374712 0.41212570058479175 0.037241202252857875 0.40762015481363933 0.04891040720065121 0.35222834569619854 0.07029848674267214 0.35673387648434557
12 0.3944092519379865 0.22130089540229927 0.38248178157198254 0.21878820913082273 0.40044863405262277 0.1335024067766534 0.4123760508889518 0.1360150872754301
8 0.16711637709056504 0.05018513206117352 0.18025483598853498 0.05097053542007803 0.1779316986246613 0.0898326096563778 0.16479323976057003 0.0890472066262433
8 0.3228881606652294 0.4199431785259102 0.3373977205911842 0.4212142595036103 0.3339994962899482 0.4600031996510844 0.3194899367832704 0.4587321219924592
8 0.1897119064888102 0.14128065653907543 0.17324242055406103 0.137811121557081 0.1797942038368774 0.10671076251072745 0.19626367065052364 0.11018029541005331
8 0.21184606430415442 0.3415364105039111 0.19240182840701436 0.3413734731943953 0.192766871570484 0.29781742549076046 0.2122110257598706 0.29798036246004206
4 0.3752792689206217 0.31210831156519614 0.359735313001579 0.3088338125748126 0.3708120501104304 0.25625436380308036 0.3863559358379689 0.25952885513792545
8 0.13999422866072564 0.057443852567840764 0.12210697882142085 0.052964525517043226 0.13048024890508714 0.019527666273971497 0.14836749154812878 0.024006992360370436
8 0.25274975940897093 0.3991793163185908 0.2667391015014573 0.4021262353127893 0.2600718882312094 0.4337745672806976 0.24608254801285057 0.4308276543299919
8 0.25260206191535417 0.3690177766668539 0.23441346870777124 0.36931229168860186 0.23380820615113862 0.3319314233491384 0.25199672662211015 0.33163690891720304
8 0.15577619339273951 0.13129956658063283 0.17067014824260696 0.13443719004992982 0.16313782462384552 0.17019206826347996 0.1482438705684217 0.16705444741751502
9 0.24143969697036027 0.03399156121878282 0.26173268629042923 0.010264982047647577 0.3142415200160258 0.05517498332969712 0.29394854232930356 0.07890155110821725
0 0.43992248062015504 0.27360536781609196 0.7367196686046512 0.27360536781609196 0.7367196686046512 0.5896551724137931 0.43992248062015504 0.5896551724137931
0 0.43992248062015504 0 0.6190944095607236 0 0.6190944095607236 0.3735000275862069 0.43992248062015504 0.3735000275862069
8 0.25969508889704684 0.6177523844784152 0.33736008306891563 0.6689689541944939 0.26488512690127664 0.7788534605278521 0.1872207038493343 0.7276376065525237
4 0.38544297061389443 0.6362402979485907 0.4406478763760333 0.6476989326107575 0.39760426915211156 0.8550392805388671 0.34239944696162183 0.8435809210335289
0 0.2811079106207899 0.8754424647762306 0.30750691052026013 0.879013853664843 0.2981466249650566 0.9481859630804124 0.2717476320174228 0.9446146088464465
0 0.06469364250551735 0.9613496859618663 0.05090230297150811 0.9796049689655467 -0.004600314399453964 0.937685614984612 0.009190950240167695 0.9194305147335422
13 0.3015770090717069 0.7420529759028314 0.3465467565097242 0.7448430115631697 0.33985505985583586 0.8526794912416017 0.29488531579067967 0.8498894920928309
12 0.14283110626763573 0.7925530255675624 0.1751906717389602 0.7998370615031445 0.1563148576212825 0.8836758132040189 0.12395531819822736 0.876391857256511
11 0.8043471523322978 0.5739720768417528 0.8526034749130531 0.5937834707419913 0.8021280294465214 0.7167153930201455 0.7538718520984276 0.6969042594117347
11 0.6699320255081602 0.7959615199054074 0.6035522806913605 0.7419351305247653 0.6915670614556575 0.6338138352754519 0.7579455415184384 0.6878394066659728
9 0.7587311034004642 0.8264566646421835 0.7011757577414528 0.7903691723810882 0.7665452474063841 0.6861320945418469 0.8240993828975434 0.7222190879327032
4 0.7765839256003346 0.8417892595024855 0.8128573054173103 0.8593198924219186 0.7799891737596454 0.9273126265091496 0.7437159076226862 0.9097821712643553
7 0.6913709131168844 0.909558600973172 0.6655557984088318 0.8858534664005729 0.7079449916105887 0.839702299163215 0.7337598662174969 0.8634072357759615
7 0.7814694458329541 0.8605175585270585 0.8093011050416408 0.8059752298721523 0.8348971368002367 0.8190336082331736 0.807065712094527 0.8735757363305101
13 0.604617379564047 0.7087284735499818 0.5965097205537404 0.7092869884152386 0.5924473204422611 0.6503230130089421 0.6005548800507086 0.6497645015923493