0 0.06748279434611959 0.2608125728348977 0.09939712901189068 0.26005880634399753 0.10080112250818729 0.31950218029441496 0.06888678792893188 0.3202559447996371
8 0.31185932945584227 0.10315225346522088 0.2755281283017439 0.053500695613334405 0.3035628049144634 0.03298711417743536 0.33989399926372243 0.08263865277960415
0 0.34534117570467515 0.3839768275539002 0.274673445350345 0.3737762102090666 0.2991013048772402 0.20455411324374237 0.369767946517527 0.21475464974418265
8 0.2573240479174501 0.44306900903228047 0.2682225941816796 0.44536427448415483 0.26328693193124764 0.46879867346273935 0.25238838683651466 0.4665034118279522
8 0.08536450590020195 0.17922779068154798 0.09372652214221944 0.1809889467457103 0.0886986740181328 0.20486104069942998 0.08033665815764834 0.20309988589645406
8 0.2589800938216058 0.46838149660800577 0.17675550836167986 0.4916372512189151 0.11446197209284037 0.27139473899572014 0.19668448917980186 0.24813930017766536
8 0.23952385581583258 0.29934711426533317 0.25104242467159565 0.2970731756426124 0.2560672321050106 0.32252545805499017 0.24454866406449582 0.3247993938843996
8 0.2877214536280235 0.5484853939795864 0.2992251274578166 0.5461794757127638 0.3046703456262776 0.5733417991971428 0.2931666734087912 0.5756477120066749
10 0.7221279153167188 0.37521073673236544 0.658787147029102 0.3899470905523316 0.6240442155415167 0.24061564651258424 0.68738409799289 0.22587940072688106
8 0.6889206895202733 0.4351281952331172 0.7305454481078186 0.4406238583709244 0.7139251474071671 0.5664986630672842 0.6723003991372707 0.5610030533371134
8 0.6982915626615522 0.589793281653708 0.6982918167531125 0.5542262322263806 0.7488054043182046 0.5542265436971778 0.748805306847089 0.5897934371800707
8 0.8605621326328219 0.36318472164890747 0.8735451212803582 0.363929618724426 0.8710945244889672 0.4066397816147223 0.8581115359952491 0.4058948864032987
8 0.7417648710350022 0.31295072260889056 0.6743057439065296 0.2780783019659025 0.7442040727266885 0.14286611600204088 0.811662636402616 0.1777383630888649
8 0.7342848998707723 -1.4754325764659218e-8 0.7342849068628539 0.07054071001890055 0.6864559300794326 0.07054070047201358 0.6864559425064272 5.2839449454157564e-14
13 0.8901430274632958 0.29841163529746734 0.855881977712329 0.2906501898313212 0.8830927536012041 0.17053761080056065 0.9173535195578779 0.17829902332412795
7 0.8490054690181523 0.2406532122383217 0.8175098341291687 0.24132741885176864 0.8157716400668278 0.16012486986329028 0.8472671138476926 0.15945066501053648
7 0.802794264412114 0.11905098722781596 0.7663465435558692 0.12316530420868803 0.7571982976267009 0.04212308833892504 0.7936459426342708 0.03800877580735409
10 0.43992286682407666 0.8799106660206718 0.412991613232748 0.8799106660206718 0.4129918436008211 0.7904652958656331 0.43992248062022554 0.7904652958656331
9 0.6491652438099891 0.8459481759833394 0.680333940826813 0.8442962777973355 0.6842365898470462 0.9179160181754881 0.653067894189121 0.9195679000097365
9 0.5880819961404313 0.767166157442028 0.6116908169046837 0.7877180621894986 0.5690282456012028 0.8367165876199631 0.5454195775193966 0.8161648456072228
9 0.5415555838895898 0.5819780873694305 0.5910906780663936 0.6353330951508238 0.5061948182975584 0.714140020028701 0.45666034738621875 0.6607856215386652
9 0.43992248062015504 0.6572800258397933 0.4763869321705426 0.6572800258397933 0.4763869321705426 0.7671409593023255 0.43992248062015504 0.7671409593023255
11 0.893591332293795 0.8084109772320108 0.875979939515787 0.800936777091551 0.8910819673858441 0.7653589738730253 0.9086932171846911 0.772833139444465