0 0.33980602188739795 0.05025751240737083 0.3870839185328805 0.06754691837458283 0.3638819242936506 0.1309926382599905 0.3166040354983579 0.11370324823215439
8 0.10242611944579494 0.10176960261176847 0.10597980748161717 0.12092537146610935 0.09220739177669657 0.12348035095190894 0.0886537089736521 0.10432458671488137
4 0.14480490242567612 0.035812215420517504 0.18254904831496788 0.024700115928008696 0.19985907159014005 0.08349652601507168 0.16211492857166832 0.09460861928929545
8 0.11318661999189317 0.1506067800080908 0.10118235171319157 0.15104799259249876 0.10040471641002569 0.12989049613230844 0.1124089738945031 0.12944928374581965
4 0.20687241786333743 0.08897896817425602 0.22501039211169882 0.10088412804837796 0.2005440406190928 0.13815941730854425 0.18240607356085548 0.1262542665030771
4 0.2817034093213806 0.34759246404811006 0.2558272919955016 0.3559965103387496 0.24768682227318095 0.330932744791778 0.273562874468098 0.3225287099290683
0 0.27169889806077663 0.04168717872521335 0.2898292557952118 0.04856475570430003 0.28073358039614504 0.07254234049133446 0.2626032234396689 0.06566476504529123
0 0.273349635531531 0.05984315012517462 0.25351405527305815 0.06984145080983362 0.23946979433594606 0.04197912454748088 0.2593053672391079 0.03198082601337914
12 0.039274173823059755 0.08142950612788537 0.04887823340459363 0.07831020275274483 0.05747594550291524 0.10478173483367251 0.04787188648845131 0.10790103698019272
4 0.22577003763342418 0.3120576401185042 0.2123511564477667 0.3063790605243512 0.22629255576168816 0.27343548987607585 0.23971139929267338 0.279114060386897
0 0.30903142865599875 0.2175090317123134 0.31685360317203504 0.21004870503566153 0.3229858123024769 0.21647825443541518 0.3151636399314839 0.22393857892270916
13 0.2840742789109072 0.15702771856729378 0.27180656936195646 0.1633933281829393 0.25793331521163054 0.13665715808516937 0.2702010111704567 0.13029155273225443
8 0.20475783715846774 0.224079259302161 0.1952445201353612 0.23299347935350745 0.18383181142678495 0.2208139371768129 0.1933451225411318 0.21189972220619754
10 0.5079381368766462 0.3251123816784926 0.47704000015880865 0.3163016689211667 0.5028799560693642 0.22568660127800533 0.5337778653821488 0.23449727985348934
7 0.5482725062712461 -1.2855919678150665e-9 0.5482725084161757 0.03282150708291042 0.4942083186654145 0.03282150507196073 0.4942083206516372 3.935074189815424e-11
8 0.6387747284405805 0.054374121477575796 0.6197931397758794 0.06610756968536942 0.5939602117300637 0.02431679676725461 0.612941792198626 0.0125833517730342
8 0.6069492704582444 0.07796925039290512 0.6333761468525836 0.07963952232344262 0.6301305814513398 0.1309903821226979 0.6037037051929701 0.12932011155495785
8 0.6010694412448174 0.20276197818423786 0.6151634857035333 0.20342146644296225 0.6124041586039084 0.26239065092622127 0.5983101142335272 0.2617311640303055
8 0.6066157098249505 0.3595187331869568 0.5923144152283157 0.4119392837316958 0.50955533333331 0.38936170212762294 0.5238567846441811 0.3369414031612825
8 0.5924634779875078 0.3300748403156845 0.6256394329363957 0.3281591831760616 0.6291735425531897 0.3893617021276619 0.595997588289265 0.39127735282311793
4 0.5749455581560596 0.034981478014199666 0.5875741876461689 0.006661302323964785 0.624300887313666 0.02303859498769063 0.6116722634949383 0.0513587659780069
4 0.601041955718074 0.19758285297679676 0.5357470824988013 0.19387794794682198 0.5430007182224017 0.06604475597199254 0.6082952297316524 0.06974965020889376
12 0.4695044233835688 0.6227981560283687 0.39607046270543833 0.6227981560283687 0.3960713086190708 0.4639825085106382 0.46950348863924773 0.4639825085106382
12 0.4721599321258054 0.7415846753123928 0.469503546099304 0.8164573574467958 0.3492987928258344 0.8121915912089938 0.3519561995492495 0.7373199347257454
8 0.3006764699815676 0.7318818182509063 0.3309464414348895 0.7196540301717418 0.3443723683627695 0.7528845465124219 0.3141024243964239 0.7651122851076417
14 0.733833071942172 0.3996220189766979 0.7483799785038627 0.39980985310810674 0.7480885176324819 0.4223810361047498 0.7335416110757933 0.4221932022389661
14 0.7848981573879428 0.46623967157319224 0.7685245336056141 0.4762508648346373 0.7506298046791926 0.4469852975957178 0.7670033683479005 0.43697412832655175
14 0.7601612239787983 0.5199855797450582 0.7332014552855526 0.5156388027040402 0.7422107691497786 0.4597658436760748 0.7691703128945164 0.4641126021387464
14 0.755239285084599 0.4617129082065984 0.7423965204519618 0.46542320865234393 0.7373285310676465 0.4478820206480591 0.750171265172412 0.44417172489014445
14 0.7659108628978402 0.4798140051756577 0.7776669293853047 0.4752787584669612 0.7868866125249951 0.4991759043147504 0.7751305506834569 0.5037111423725943
14 0.7851362815156335 0.48994874336101946 0.7913340545270557 0.49022893526982664 0.790597032216624 0.5065304556517639 0.7843992592288487 0.5062502640900285
14 0.7554985474790783 0.5463028408077998 0.7413995554780968 0.5305829351321174 0.7710538626864718 0.5039886143483646 0.7851528171341897 0.519708470011753
14 0.7813626809647758 0.5633051469785808 0.7660700947192254 0.5610495116280666 0.772527651397013 0.5172735275676491 0.7878201278585948 0.5195291546768576
14 0.7453589282387156 0.5438246305075009 0.770055516638763 0.5326731535534638 0.7924727699119103 0.5823147906622885 0.7677762131974077 0.5934662153779673
14 0.7866666529487247 0.5407138305547926 0.8003463760113618 0.54098232376407 0.7994774493291743 0.5852499328927337 0.7857977262946179 0.5849814407016122
14 0.7967292576270211 0.5329904805543125 0.8266250292718951 0.5337664999942512 0.8250824749039793 0.5931870733202984 0.7951867034026918 0.5924110578301076
14 0.8320572021932549 0.570871250090117 0.8510331070466464 0.5881012442676414 0.8234136369825364 0.6185160437479437 0.8044377934304521 0.6012861136573199
14 0.8064491261244484 0.6019938892563833 0.797103465424243 0.6200372774667812 0.766812219809367 0.6043494535188189 0.7761578880008528 0.5863061217193724
14 0.7730291835551952 0.618039349216406 0.7846069093195638 0.6166728429629541 0.7864460988025712 0.6322535371704308 0.7748683733985899 0.6336200413825439
14 0.7759608284175101 0.6365994101621691 0.8073910183452426 0.6265557475943734 0.8191707860287352 0.6634141820170057 0.7877406135617093 0.6734578060581154
14 0.8268635368877995 0.6299796825482947 0.8490703507436592 0.6381111840196151 0.8280609502438665 0.6954794262182191 0.8058541620265487 0.6873479749742328
14 0.7929462774939111 0.6901385419766465 0.8020865347697281 0.6880503553928331 0.8059685810408155 0.7050400658809917 0.796828325053184 0.7071282485992653
10 0.8199349614905032 0.5165198581200027 0.7970559302411857 0.507212257965907 0.8136525485261927 0.4664193085416884 0.8365314466952896 0.47572687822434834
10 0.8003666304206263 0.47240782486936195 0.7926197776063191 0.47264010636376186 0.7922607281730052 0.4606659530603635 0.8000075678215808 0.46043367176333105
10 0.8849602941731973 0.471086691848956 0.8783700205600553 0.47361717452763474 0.868956177499058 0.44910175886686776 0.875546429262613 0.44657128086632436
10 0.9035180606616677 0.43630208486549593 0.9111779289303286 0.4339148041650758 0.9213608203637023 0.46658581148140654 0.913700954589217 0.4689730865678646
10 0.901131504862974 0.5640103988780545 0.8964847328211363 0.5643223936396307 0.8948113555153441 0.5394016951045011 0.8994581080775106 0.5390897009999638
4 0.9361883946182843 0.3923307060751777 0.9497203260040123 0.3947783769611142 0.9409796484779918 0.44309864073031524 0.9274477191053165 0.44065097749233
4 0.919947945659942 0.5281077099141125 0.9080964836535941 0.5288441902133142 0.9051822916168248 0.48195190812771904 0.9170336680850824 0.4812154304964569
8 0.9106922827561448 0.5670727799110374 0.9200155988967254 0.5699373915028891 0.9153676677756266 0.5850632668526976 0.9060443533744547 0.5821986592410672
8 0.9199362489362102 0.4765363673758861 0.9301670653885594 0.4764176645748489 0.9305428728683864 0.5088055861665057 0.9203120564216078 0.5089242886785551
8 0.9163451515131555 0.44248527098011015 0.9248331331049258 0.4409827425209293 0.9296778866012119 0.46834969106060276 0.9211899057635264 0.46985221662048154
8 0.9405472763646685 0.41142674874699625 0.930382014784982 0.41364500951254046 0.9250933525255505 0.3894106496429008 0.935258584374651 0.38719239224092195
12 0.6340021017896333 0.5933590649323861 0.5921430668494168 0.6014780896104299 0.5679824758223049 0.4769228579365501 0.6098406609929725 0.4688039184397082
12 0.5245323118826946 0.5394350544490906 0.5387880192188277 0.556651432562173 0.519407331994671 0.5726977018293327 0.505151663912784 0.5554813604220864
12 0.5187941461564378 0.6602554300732074 0.4989830106342197 0.6671056006086677 0.4796837834816188 0.6112976295544466 0.4994947121213045 0.6044474979885347
12 0.48979109137940213 0.6793231602777384 0.5240211268884423 0.6712536568770012 0.5410427273335472 0.7434467748289533 0.5068127142528738 0.7515162131908822
12 0.5161322496036291 0.7519197507836745 0.535323163873386 0.805863226552476 0.49119084373205624 0.8215604215533381 0.47200028526435744 0.7676172470128795
12 0.6161758519767773 0.7020446732269706 0.6464108537905986 0.7076803911665845 0.6347588342497374 0.7701820728465522 0.6045238435966667 0.7645463949771464
12 0.6045672881029986 0.8089743854991411 0.6200250853104308 0.8154675694850061 0.5985858381825437 0.8664954302760914 0.5831280671914101 0.8600022920946357
12 0.5032751837749174 0.8582080654515888 0.5438913995883468 0.8472836153029403 0.5684254335612877 0.9384775699694402 0.5278092733992708 0.9494018793358698
4 0.6191260671928376 0.6719630794049298 0.6245542438008442 0.6707696471360517 0.6273685954536177 0.6835685921484711 0.6219404193647051 0.6847620228035263
4 0.6318052122039717 0.7886143207128209 0.6383468309492173 0.7884163632527733 0.6395767539851249 0.8290518857534906 0.6330351352856951 0.829249842222222
10 0.5880344973721776 0.6965522487831025 0.6020959003602684 0.7001853006051451 0.5906998445851741 0.7442858125129709 0.5766384483356433 0.7406527788542507
11 0.4709847191488734 0.8078509546099388 0.47922583069077973 0.8062265051794106 0.4895878325543208 0.8587837736049906 0.4813467242099705 0.8604082119830784
10 0.5488430399112758 0.6335159862308888 0.5441225437228923 0.640465260791411 0.5354337224797519 0.6345638433998734 0.5401542170212679 0.627614575886505
10 0.5075345150639805 0.5966174863140201 0.502580004447168 0.5938100344511376 0.5084656420820011 0.5834243439805852 0.5134201442473341 0.5862317928328042
7 0.8678757887911388 0.425528849665652 0.8590850624135555 0.4139817576243349 0.8696856852330939 0.4059120017378419 0.8784764074503073 0.4174590840371642
7 0.9073287053740842 0.4873169462561062 0.895996706296728 0.4895509827098628 0.8924630841031558 0.47162809727072574 0.9037950538021278 0.46939406379747606
12 0.6446168854854477 0.6620842945748134 0.5960023299663817 0.6839217250796154 0.5251471386926596 0.526200210656817 0.573760362982739 0.504363128267605
10 0.6299360574834054 0.9610817408308379 0.6263485068405998 0.9614322997421652 0.6254751773369662 0.9524972710495516 0.6290627186565416 0.9521467125970754