8 0.37609481165577563 -3.5628042879872156e-10 0.3760948119196428 0.021792950169468826 0.3601749363382396 0.021792949869721717 0.3601749366666809 -5.084539075738064e-14
0 0.0018914304046120378 0.0008292899615980039 0.03430331011998078 -0.01445968165589239 0.05592387985723235 0.03137487954224104 0.023512001659469206 0.046663849077063585
0 0.21360962363405633 0.44203569759935124 0.14091059045597376 0.4374024778163112 0.14892002099759338 0.31174232416976566 0.22161800401272558 0.3163755103328903
8 0.5295958353183323 0.189347569272229 0.5501358633663358 0.18510771309695362 0.5573782613437288 0.22019316029970942 0.5368382347267016 0.22443301172567837
12 -0.000015619218061146967 0.4095874950835304 0.04728700552630016 0.40951316108534425 0.047404742667822575 0.4844310840766783 0.00010211792516656715 0.4845054176942751
4 0.4455662518440704 0.23373644448334152 0.38814061054620197 0.23499693656438453 0.3857378040346475 0.12552234659137704 0.44316310453393726 0.12426185822831677
8 0.529511995651319 0.2448905323345899 0.5475011422837497 0.24067149317134687 0.5553987426525282 0.2743446333532484 0.5374095980068887 0.2785636667507025
4 0.4677584080292263 0.08231666281117811 0.4089796477892378 0.06663593726724718 0.42267455588716984 0.015301083856362061 0.4814532754484162 0.030981803937104955
4 0.37009954308041415 0.2682409504624779 0.411989127282709 0.2600362787195602 0.42355733197302925 0.3190971945885906 0.3816677541736908 0.3273018442989367
4 0.39375 0.703125 0.43329362000000005 0.703125 0.43329362000000005 0.746875 0.39375 0.746875
0 0.2852945898125654 0.24198101713736406 0.28724499467830356 0.2820442636394977 0.25441145732338555 0.2836426242201712 0.25246110759690055 0.24357943080977296
0 0.2832837296866728 0.2045437891829999 0.3147558783771274 0.20827689301411037 0.3078533400913557 0.2664682187239682 0.27638119278242357 0.2627351226714779
12 0.6093750163913683 0.15700854250000001 0.5946980931181542 0.15700854250000001 0.59469811204076 0.0924371625 0.6093749987902584 0.0924371625
0 0.084375 0.058223165 0.12477564499999999 0.058223165 0.12477564499999999 0.106654105 0.084375 0.106654105
0 0.09729520825976579 0.1351490988274865 0.11608943688486306 0.1100903061925502 0.14939135454073948 0.13506679633525914 0.130597149274422 0.16012556766183192
4 0.41940806264244657 0.6003093253503083 0.43934751211975254 0.5846013575229102 0.474103160868367 0.6287146853904932 0.4541637850392135 0.6444225706223096
0 0.02888636064858474 0.1750708519397294 0.018132650049551557 0.18647263922778337 0.004830136111877437 0.17392634953919997 0.01558384194925111 0.16252456776671073
0 0.06665041696294338 0.1858607619310974 0.05981195263848349 0.19870988337350093 0.04208573990263176 0.189275863467289 0.0489242049867471 0.1764267493628395
0 0.28386698340000294 0.5521566832143304 0.29812465399015764 0.5577559462796048 0.2919585969170839 0.5734553557844695 0.2777009307043272 0.5678561008122986
12 0.58601948037483 0.04280560341930812 0.5718962338314668 0.04297541977500429 0.5713796174494519 0.000009453133737753958 0.5855028601359891 -0.0001603631991670621
13 0.3121378773470269 0.3794635815974489 0.3316784950773126 0.38195829403483417 0.32447955488464686 0.4383434639587367 0.3049389387638257 0.4358487603420425
12 0.025741078460441713 0.7356952507230657 0.04500490642908517 0.7600181574149224 0.021891866362807377 0.778320481144811 0.002628128139463115 0.753997657235745
8 0.45490044004736774 0.4517154067798911 0.47235245841295637 0.4577390675598279 0.46206882534045235 0.4875312716192181 0.4446168135577864 0.48150762444161493
8 0.5925745920978898 0.7313234902951468 0.607688146440637 0.7253257831902428 0.6183300409985577 0.7521377403874803 0.6032164973734098 0.7581354279453983