4 0.376974364759576 0.2919265659602803 0.3230200402028913 0.26176496706794744 0.38968102485728195 0.14252145798636218 0.4436349411478204 0.17268291174564163
8 0 0.07145100857142857 0.009129937022900764 0.07145100857142857 0.009129937022900764 0.11571268285714287 0 0.11571268285714287
8 0.18200956609075547 0.12034281977363669 0.21526958967263 0.1357413273573445 0.19117070890911236 0.18779335314904602 0.15791069769920796 0.17239486616654542
8 0.4694656708825278 0.16977401142857138 0.44965866802169785 0.16977401142857138 0.44965868854842483 0.12242414857142857 0.46946564885490716 0.12242414857142857
8 0.28249297749903235 0.2887794235649793 0.30815868284526005 0.3088970423645344 0.28182455748981283 0.34249259797062637 0.25615888864922454 0.3223750204658199
8 0.21023100580612208 0.24496810404265537 0.24396721626965245 0.2625661610519865 0.220768929574092 0.30703719619343334 0.18703274465201503 0.28943917651248785
8 0.004227481101679587 -0.0016566922409895234 0.03862989531342009 0.00017802567418372266 0.03610463109225748 0.04752872546993019 0.0017022168664198034 0.04569400784409277
11 0.4694692504994009 0.8634534257142858 0.34432889423794677 0.8634534257142857 0.34433229547380506 0.6089503942857143 0.46946564885502085 0.6089503942857143
11 0.2773066716224548 0.3887778061277708 0.4635139359554614 0.4579593765176742 0.2756675328738538 0.9634953318048999 0.0894622932346465 0.8943176248004151
10 0.11101509058767078 0.8239997165123817 -0.013791922405175683 0.7743259375764094 0.050422476580251896 0.6130185906310008 0.17522516412213918 0.6626913914285874
10 3.699767603393411e-8 0.6980785297296068 -0.04398178343842574 0.6253749761479438 0.11268654187119864 0.5306089813378252 0.1566683301783769 0.6033113591893556
9 0.46946697308328567 1 0.22960228979718522 1 0.22960623461563046 0.8655324971428573 0.4694616027001075 0.8655324971428573
9 0.2786578761987357 0.8705741109452657 0.31366432615982376 0.9176668140724835 0.22787502047367525 0.9814209311362564 0.19286934927060884 0.9343289339828279
4 0.9701073723198306 0.6702976581048088 0.9093431041886788 0.669190166437188 0.9110312493266974 0.5766088576212263 0.971794457428814 0.5777163396766459