0 0.10246113442462956 0.5147851348678963 0.13623717760003728 0.47531031138630153 0.18444251152084234 0.5165533338190259 0.15066667740825324 0.5560279604687018
8 0.15259937237237864 0.07241373530340031 0.16617137260902837 0.07353839115761734 0.16420533132998116 0.09726392227159977 0.15063333113812405 0.09613926676369777
4 0.1421343868940994 0.2448923934429754 0.09931451245665812 0.24415045114054335 0.10051446108684559 0.17490387048695674 0.14333414596092098 0.17564581114682243
8 0.18170905701674656 0.11408179950135393 0.16880445265780963 0.11162889157043236 0.172714472544385 0.09105859707220196 0.18561906864590583 0.09351150419482714
4 0.15603545478313663 0.294417863229 0.13624888282038228 0.28498610161405497 0.15684437770380555 0.2417805607005535 0.17663088399854132 0.2512123038866409
4 0.307566776303247 0.3587010198248078 0.3249762055258998 0.362367250835744 0.3164689643995189 0.40276291143511034 0.29905953785419115 0.39909668917002417
0 0.11275506574122574 0.37403764966173275 0.12863272973766016 0.3770836954943171 0.12173926102479982 0.41301457989873047 0.10586159891704483 0.4099685407312774
0 0.12355738412509254 0.37735483146803983 0.10185367138365109 0.37653018867678234 0.1034468329506808 0.3346025888309596 0.12515044710289658 0.3354272297480763
12 0.1552631873238397 -5.639887917052174e-11 0.1552631873878454 0.010508941408234431 0.136273933379357 0.010508941317280767 0.13627393346257577 4.0354840526283926e-14
4 0.27362243886000215 0.33196921210189073 0.2601048713106593 0.3186718598457525 0.2836183725939918 0.2947696892863378 0.2971359183129607 0.3080670204922229
0 0.227453324681278 0.47614521333359944 0.22039295760907862 0.47433524320852977 0.22496932184958496 0.4564849008765586 0.23202967136592179 0.4582948686427584
13 0.16493935508981394 0.3798607315039966 0.17792601796088547 0.370251567021347 0.19827583247854363 0.397752851516071 0.18528918648769377 0.4073619964893169
8 0.22344215258613076 0.24911363602060613 0.23449769619253402 0.24457183710245153 0.2439294782760726 0.26753001537768717 0.23287393716748284 0.2720718098706766
8 0.36686058545546985 0.1890519167747079 0.3561961310683728 0.19046285090349868 0.35385852189085654 0.17279432321931087 0.3645229658974358 0.17138338978799544
0 0.6312373898156238 0.24331481406763772 0.6588912923826911 0.24595750057597549 0.6499488692570594 0.3395315474188109 0.6222949681750833 0.33688887199333695
0 0.7147058205871417 0.2743153960992356 0.7363082813033088 0.27098071288287084 0.7517112578429987 0.3707600323517848 0.7301088008857732 0.37409469901472053
0 0.817740169552394 0.30318638105638085 0.7982540769997968 0.30537917292743944 0.7818064969768557 0.15922073829445085 0.8012923935202707 0.1570279574092836
0 0.8299840114898416 0.1182221908515902 0.8573253255869986 0.11658397657993971 0.8640832675559977 0.22937117402353516 0.836741954048307 0.23100938350106803
0 0.8528410873550456 0.21163954470590163 0.8671711112269804 0.21019597752881147 0.8759202769448393 0.2970457601124895 0.8615902538433602 0.2984893224297294
10 0.8882364961434632 0.2372266311608826 0.8704862033093832 0.23350827374990926 0.8857375618509877 0.16070417914301183 0.9034877770121739 0.16442252812739946
9 0.7312143914729177 -1.4163407565892223e-15 0.7522263488031058 -0.0008264489035101916 0.7541792868044013 0.04882579630454936 0.7331673294805796 0.049652245042526584
11 0.7315843907100543 0.254341504205314 0.715081238105995 0.2535937322927368 0.717114530044114 0.20872085725251427 0.7336176305911977 0.2094686279860033
11 0.7749095000042416 0.2586075702729353 0.7581934184405554 0.25926118745536597 0.7564300623110967 0.21416394792417914 0.7731460895165583 0.21351033180695755
11 0.8716330510336547 0.09517210677083308 0.8850849343509708 0.09498343504894238 0.8858552266906372 0.14990337196842293 0.872403343376277 0.15009204349454902
11 0.8917743365896058 0.2362459841079057 0.8997846437039243 0.23575048914772856 0.902374119172805 0.2776118559021007 0.8943638121407957 0.2781073500526759
4 0.5949315766107475 0.5104043818204622 0.5207662483506965 0.5099896328935951 0.5222115645600525 0.2518494317082604 0.5963746252433566 0.25226417421015557
4 0.8230138168864869 0.2438268551916805 0.853082902570236 0.24481935917260444 0.8474808772679125 0.41453434045132354 0.817411792004691 0.41354184493179036
4 0.7455745239913085 0.10468248978901193 0.7761573709249205 0.10248925584057207 0.7834307055054524 0.20390929836029195 0.7528478591848398 0.20610252703801943
4 0.6589064409733965 0.23127581964157748 0.6258081877260793 0.2222156434637228 0.6666811994731461 0.0729017632875544 0.6997792576365782 0.08196191365485449
4 0.6993153125448544 -0.001109142246095321 0.723540418017933 0.0009859463451593038 0.7121157233769964 0.13308734088035515 0.6878906182467972 0.13099225506982207
0 0.6170187162061893 -0.005425923111208525 0.6430719906833247 0.0004757236126715262 0.6190923544480711 0.10633560620332885 0.5930390820412867 0.10043396419270734
9 0.7517857538759927 -1.2361921515844528e-15 0.7773144163371626 -0.0011809832826080089 0.7803934368330374 0.06537648061622575 0.7548647744298478 0.06655746345814519
12 0.17159027127979698 0.87042090418371 0.14728621357471638 0.910585571112875 0.10014820957258053 0.8820682548457981 0.12445224862347004 0.8419038825690487
12 0.05180770258209577 0.8262481244380838 0.06413630082693089 0.8299746741343061 0.055574349596554384 0.8582942099608334 0.0432457574735281 0.854567674415461
0 0.2477612518036949 0.8450278222452046 0.2239753108617606 0.8402199537984882 0.24063859630552997 0.7577995718351476 0.26442406524415674 0.7626073912080874
0 0.21427163350415412 0.5909367483950494 0.24419061714684176 0.633170936897982 0.21170747334326734 0.6561793103417041 0.18178866687753725 0.613945280814148
11 0.04978424236401224 0.882615180127445 0.053832246358410885 0.8783498144014054 0.06569824882922148 0.8896084410482992 0.06165025444863659 0.8938737973563302
11 0.08718345332761146 0.8893794955835502 0.08250757831444844 0.888461440517251 0.08425368378834719 0.8795702629053335 0.08892954770897177 0.880488316850996
11 0.12424859727616422 0.9563901544628026 0.12577682990752237 0.9463257228351144 0.13203006717458265 0.9472749857650496 0.13050184486098715 0.9573394081611032
11 0.1599443206101796 0.9445802028250226 0.16704742083095425 0.9447410546536902 0.16675096759649932 0.9578286188668332 0.15964786738607017 0.9576677673432641
11 0.1957652154819698 0.972677579615679 0.205390151470624 0.9716657527546996 0.20748054451257758 0.9915446682842495 0.19785560900004384 0.9925564921191639
0 0.15082027003154508 0.8360846796501554 0.14725384574160216 0.832093295584568 0.15985646569095024 0.8208348280264531 0.16342288365694912 0.8248262035796623
12 0.22115510446008102 0.8630346057546603 0.2150644243250781 0.861631268093314 0.21823506551049832 0.8478733733102489 0.2243257240974117 0.8492767083890742
12 0.23177630002226124 0.8355081533170418 0.23656049513397193 0.8343354701850947 0.2391616683594293 0.8449452035120184 0.23437747383070473 0.8461178850047322
12 0.17051725254543726 0.7543721393579953 0.16466822301538286 0.7534927995711249 0.1664817162579766 0.7414322617199747 0.17233072981969144 0.7423116002866542
12 0.10445700298259908 0.6714065276393647 0.11127261582316805 0.6725113393090495 0.10955499737133323 0.6831058982878254 0.10273938482328049 0.6820010878407605
0 0.12073780321804861 0.6456468280450042 0.1265040188718558 0.6433220050009948 0.1309495718414837 0.6543468177294739 0.12518335770505473 0.6566716380374561
11 0.14666032032960175 0.6512504881399817 0.15834346008523426 0.6358421563779986 0.17226887794765844 0.6463995664246525 0.16058576742148034 0.6618078715485186
11 0.16575110782946467 0.639338421924875 0.17180094956040648 0.6285686627845144 0.18276158292667333 0.6347249734064512 0.17671175642249182 0.6454947194036229
11 0.25799171814639976 0.6811109302062954 0.2668323518226998 0.6791916208193713 0.2712464219616777 0.6995205787684121 0.2624057896141494 0.7014398839565703