12 0 0.0319318775 0.06978103333333334 0.0319318775 0.06978103333333334 0.14635764 0 0.14635764
0 0.3495398409893369 0.1718028874625947 0.30030855062625506 0.16974587900682842 0.3039359976264677 0.08293109456155073 0.3531671219523105 0.08498809954005453
0 0.8674730566683593 0.7219842881376501 0.7361066489976338 0.6974346532240228 0.7821384668937981 0.4511599448920207 0.9134990297209242 0.4757090126989447
8 0.669849597186726 0.6356301963265483 0.6280832616947691 0.6306187289424937 0.6430879980985083 0.5055839744547087 0.6848534449570707 0.5105953885620357
0 0.3832764635416197 0.6509270354592176 0.5123565148386433 0.5863969605892955 0.5940780036423803 0.7498432382976299 0.4649987964421598 0.8143720487173044
8 0.3597112638356066 0.8883358764850752 0.3399818606858389 0.8928216250815709 0.3319518383759714 0.8575114552086746 0.3516810594040862 0.8530257280731637
8 0.7045163864542019 0.5024188631423196 0.6540497737652231 0.4923261677122457 0.6803240143253788 0.36095757147934887 0.730789725961472 0.3710501716309998
8 0.7514467194398549 0.5949897664769674 0.7255378734040505 0.5995033018540953 0.7202552400708555 0.5691823728235671 0.7461639485221667 0.5646688496672707
8 0.2807077958300397 0.9036874602515766 0.26142004169571464 0.9020112633497327 0.2641457199350725 0.8706557906424546 0.2834333112313061 0.8723319804372157
8 0.32695947517515833 0.6523258363617533 0.30647218566571155 0.652482580719344 0.30626213461437146 0.6250238160046047 0.326749314899871 0.6248670720642842
8 0.394644567744308 0.09574032322651521 0.39896369583561864 0.06345984797984709 0.4211512318820496 0.06642853709283955 0.4168321137183284 0.09870900331243075
8 0.34785076492869393 0.6013778468682449 0.21005121985660935 0.5582287225904206 0.2953914989847135 0.28571718078518527 0.43318614947691003 0.3288654837238863
8 0.41272416989147587 0.5507812610796569 0.41272422457086577 0.5167842316558107 0.43359374942099294 0.5167842737068272 0.43359375241709586 0.5507812455679549
8 0.2620557820587237 0.7950559393088267 0.24185046451850667 0.786975305417144 0.2535692875762834 0.7576784479235202 0.2737744709446588 0.7657590516684577