0 0.2348033275105763 -7.872707048903794e-10 0.23480332862948217 0.03069648045258634 0.20181321092525195 0.03069647927648188 0.20181321207246583 1.2152378870523842e-10
8 0.060263744495273386 0.3141847277287284 0.0865717875270775 0.3008651439504212 0.11673558888310254 0.3604409500098947 0.09042757659005929 0.37376048821932556
0 0.1658982695424811 0.3893616934076791 0.16589895234301366 0.29494374162865195 0.26369726618520417 0.29494439204331574 0.26369706332673104 0.3893618720744659
8 0.008230974532580149 0.25644044054913995 0.03876922353572354 0.23677380790197733 0.07712246246126142 0.29632722704605363 0.04658425988429826 0.3159938005096062
8 0.035211766235192954 0.3598576630212448 0.04671076434919996 0.35612304762564456 0.05193857079916597 0.372218983174739 0.04043957431292711 0.3759535950494577
8 0.31391553019091134 0.25537948348699313 0.3205082647580184 0.268496672552247 0.3071612160993027 0.275204782140831 0.3005684907820978 0.2620876009739784
8 0.18655228053250994 0.1420746483779413 0.26368109426562114 0.07521060300775129 0.3626084904963136 0.1893244097769951 0.28547992760456964 0.2561881940031086
8 0.2369100031370408 0.24225946555743696 0.22973415891806326 0.25605166493244713 0.21545023735006907 0.2486201149437726 0.22262608263542916 0.2348279238339571
8 0.38060065882802974 0.3157065726303944 0.3733642418828822 0.3294107665859527 0.3591016908126221 0.32187973585831847 0.3663381089438644 0.3081755526026669
8 1.0000002809856596 0.31626062198581567 0.9338168445204929 0.31626062198581567 0.9338170036306792 0.23644678156028368 1 0.23644678156028368
8 0.5292527448381179 0.2944773513355491 0.46967859893163677 0.294688157765927 0.4692437239374385 0.17170436069248146 0.5288173660675284 0.17149355513399298
0 0.8659534366480557 0.31221355998506284 0.8764873075705282 0.3341789953975146 0.832406583798047 0.3553178020793068 0.8218727768639837 0.3333524211549748
0 0.8866777882766428 0.15633423108291905 0.8812276461932242 0.19471696447770137 0.8161224103168934 0.1854723688251115 0.8215726067526248 0.1470897010576033
0 0.6495254236925803 0.22179823208473493 0.6676238309897826 0.25935632697848116 0.6114493590728216 0.28642489823150846 0.5933510581033943 0.24886689397273584
0 0.601543197228807 0.02476728483818293 0.6642748526322748 0.04586909650972028 0.637296204470772 0.1260713289138569 0.5745645587245463 0.10496953773831647
0 0.7510558763111703 -0.0026437750649452715 0.7867271191777263 0.00026397834656065935 0.7829680147433464 0.0463792755699658 0.747296771998208 0.04347152259876794
12 0.9992219760947592 0.14229245351267447 0.9597328426816603 0.1585809712350153 0.9357802735707992 0.1005116194238213 0.9752693286367276 0.0842231195700435
12 0.7703884163270232 0.38515427610285013 0.7537698721673678 0.3523650565128217 0.790020027402079 0.33399313909655465 0.8066385828342391 0.3667822855836093
12 0.6792380849933579 0.36941307495714504 0.641289856299295 0.33015405428400685 0.7290516929650721 0.24532508323623878 0.7669997166523217 0.28458388025472603
12 0.5747791041418395 0.2608110110630384 0.5898408086404743 0.29141039876456104 0.540920042132484 0.315489585128736 0.5258584232386738 0.28489027045106946
12 0.7864264863867447 0.08336233549384757 0.8072447877781315 0.11658006801712222 0.7611828361684729 0.14544797683176527 0.7403645706418729 0.11223027579299255
12 0.7313846181344843 0.09779802458971382 0.7356356718381676 0.16745755918704192 0.6570868566785748 0.1722509486318547 0.6528359224575979 0.10259152970268003
9 0.7806705198782993 0.2917429703734176 0.7711588345159726 0.21106764238641923 0.8532422759971041 0.20139009307479683 0.8627541777586885 0.28206517353330623
13 1.0000000692169806 0.22204413687943259 0.9458475632294494 0.22204413687943259 0.9458476475952011 0.1732252687943262 0.9999999968445081 0.1732252687943263
13 0.8927456466449257 0.1751215655683885 0.874021773345703 0.13212741270773154 0.9391551535067038 0.10376209958628393 0.9578790479295094 0.14675618931202963
13 0.5762911380948026 0.0699603786823735 0.5926866343814936 0.12052403810898622 0.5095876415857674 0.14746907224269187 0.4931922311003518 0.09690548577077927
13 0.4695035460992908 0.10806317872340425 0.5055212070921986 0.10806317872340425 0.5055212070921986 0.164169904964539 0.4695035460992908 0.164169904964539
11 0.4695040143249116 0.8838515560283687 0.42395321356968907 0.8838515560283687 0.4239536885099824 0.8034484212765959 0.4695035446536622 0.8034484212765959
13 0.6984361664553944 0.7287142385101594 0.6535014997128883 0.8225548823365987 0.5008647368562151 0.7494768832029278 0.5457997506134689 0.6556380810220047
13 0.8442066726106532 0.8371757045495845 0.8619800448827846 0.8943977741961516 0.7267801811065056 0.9363792498054351 0.7090080878127765 0.8791582663381294
9 1.0000000404514822 0.6538942581560284 0.9892222234642531 0.6538942581560284 0.9892222733085418 0.6106497262411348 1 0.6106497262411348
12 0.49105771655786157 0.9243365058317902 0.5386774204893072 0.8899645730762613 0.6030386498950975 0.9791084495329061 0.5554194126517586 1.0134798331549395
12 0.47204149702542963 0.7012124675812094 0.5119555007123608 0.6856995218199499 0.5525035970130148 0.7900107695562426 0.5125897004074886 0.8055235179533201
12 0.4695035460992908 0.720970209929078 0.49110703687943263 0.720970209929078 0.49110703687943263 0.8010920964539007 0.4695035460992908 0.8010920964539007
8 0.909784414332762 0.7920722875296434 0.9362143537800875 0.8002213249431229 0.9218307758350193 0.8468623863316905 0.8954008580652726 0.8387133985692833
8 0.9893496810634588 0.7159472889190075 0.9443547833374168 0.7470712309147599 0.9064231467841637 0.6922425001238055 0.9514175848164541 0.6611187803007645
8 0.9344983425784221 0.5606174840796868 0.9715718644773688 0.5847904326377622 0.9224824178581912 0.6600692270112307 0.8854090559229917 0.6358964800053514
8 0.9304726672552306 0.4586587487988586 0.9726579292166662 0.45034216889621775 0.9842465275531822 0.5091205058815268 0.942061276439631 0.5174370491415856
8 0.7961282866563124 0.7058608400312535 0.8545902293675454 0.6971488424781435 0.8733336289067211 0.8229053892426731 0.8148717157682768 0.8316172582519593
0 0.753689474126304 0.7089011183139995 0.7274764362415453 0.7216365550620489 0.6991324849027478 0.6633050933700646 0.7253452209880606 0.6505697437859
0 0.7552817454881051 0.5930829810814497 0.7862986504994751 0.5903208008771259 0.7912123749342754 0.6454914244792522 0.7601954718930983 0.6482535902750148
0 0.8452778418067055 0.6272606012213674 0.8686667214694808 0.6443562368113542 0.8423228502991833 0.6803930618284072 0.8189340354246042 0.6632975022113468
0 0.6612808205659348 0.8890282206096054 0.619442131167034 0.8854055364294826 0.6245271008463078 0.8266958804958948 0.6663651506877386 0.8303185368646773
0 0.6600831186224241 0.9625705432702355 0.688744531511361 0.9662561764694847 0.6840100478505065 1.0030632434851694 0.6553486388439751 0.9993776307556991
4 0.7866595255350148 0.6572730793175744 0.7931167128976995 0.6894038169005582 0.7484056617549868 0.6983877629383275 0.7419486468829746 0.6662571761796683
4 0.9334340840580353 0.38958988260060134 0.960903209863659 0.38546778895293526 0.9686123531909061 0.4368379927765078 0.9411432305547578 0.44096007290910416
7 0.47316887451472667 0.8189291078985389 0.4900143741754164 0.815608647796112 0.5063622769532685 0.898527445206733 0.48951678786079356 0.9018478687222943
0 1.0038845542828767 0.8170364106248629 0.9415419267483003 0.8469557097712975 0.9006702931195605 0.7618067372432533 0.9630117320567706 0.7318877735243478
7 0.7636906377234709 0.39126211901220964 0.8120428116880021 0.3884084178884509 0.8180293091741078 0.48983608055323286 0.7696771368393911 0.4926897623762125