4 0.007769250184651355 0.4756309364165512 0.04434674369917957 0.42390558539280887 0.12790052698096588 0.48298661535541276 0.09132346536102887 0.5347115797188934
4 0.2784890151064019 0.543749481576963 0.2784895134795988 0.6215970591369716 0.19596241690794614 0.621597075189772 0.195962489917747 0.5437500760464646
4 0.11838946734212641 0.1294471110923329 0.042067259700729664 0.1447115104309724 0.01826179368811154 0.02568360826740699 0.09458379139914541 0.010419230343876254
12 1.000000096517283 0.14766358999999996 0.9418113781704278 0.14766358999999996 0.9418114487459661 0.025061127499999978 0.999999994269956 0.025061127500000006
4 0.30919560334496055 0.8011501050552557 0.32633918026681386 0.8455209584102326 0.2555779212021889 0.8728545911476109 0.23843485026611688 0.8284841663904989
4 0.3124392160143543 0.7110555721536113 0.3277031420154799 0.665548112579856 0.39985364614517493 0.6897449603030049 0.3845901567843839 0.735252047765773
8 0.3757600940979273 0.9999999870589751 0.35953233167902 1.0020840898474417 0.3534901044480421 0.9550495067371587 0.3697176413389798 0.9529654185755143
8 0.1696574333333274 -5.839299610499425e-16 0.22624895917215326 -0.0014975045181867812 0.22771169492921217 0.053780083930106824 0.1711201690300186 0.05527758810924145
0 0.0036494851507313797 0.9999999999999495 0.0036495156533646878 0.9944737493423813 0.02812500995219125 0.9944738530786843 0.0281249999998181 1.0000000831748048
8 0.40329872262861954 0.7771167033844165 0.37869122744484685 0.7792408692298002 0.3753496724550587 0.7405359060133404 0.3999569483100913 0.7384117496744239
8 0.20983193263157318 0.13125000752543567 0.2098319739920953 0.052228543967492824 0.25628576821748084 0.052228579777920406 0.2562857784636208 0.1312499913503162
8 0.6484426393228659 0.9945021920282491 0.6217391813241875 0.9974041139391023 0.6174046535791149 0.957527970968728 0.6441077953834338 0.9546260664089214
4 0.03818067608506226 0.8174473182479721 0.0263529594146803 0.7784338154644709 0.08919058358651455 0.759386842173743 0.10101847521536911 0.7984000385399728
12 0.6264410245551062 0.9396573365965843 0.5563628463434043 0.8987777705752524 0.6179402582654347 0.7932444003995025 0.6880166827323819 0.8341233170042982
8 0.5555082395748059 0.25431850812669465 0.5406142326525014 0.2256277893688552 0.5733896981363387 0.20861358616380654 0.5882837096394269 0.23730426692526435
8 0.3733806918728533 0.8150608703287654 0.3491335945504943 0.792086575774537 0.372872937514785 0.767036941963427 0.3971199266235317 0.7900111409793472
8 0.5537458644259914 0.2977325571567491 0.5328872762947867 0.3155060832892683 0.5062435430385221 0.2842383985972385 0.527102085112233 0.26646490491326
12 0.7235475554027744 0.7483731019095362 0.7471709912479128 0.7337456651543947 0.7745454106951684 0.7779479146424834 0.7509220426763932 0.792575263064979
4 0.10287161277631185 0.9136502439715786 0.10253178334448876 0.8805789382859124 0.17558943430549334 0.8798282690797925 0.1759295909478169 0.9128992425927076
8 0.4156824051129888 0.4341367233861288 0.38967928549084263 0.46055354408924865 0.3578379508123817 0.4292125473412164 0.3838409956642863 0.40279580412121724
4 0.4959524557826853 0.8162393849057403 0.5340453344397247 0.793287514904463 0.575298944230326 0.8617414057587373 0.5372062434817053 0.8846930417794312
8 0.5811706018225777 0.14759224547949562 0.5510450066235535 0.1500911418076011 0.5472645835800449 0.10451597768561853 0.5773901270863462 0.10201708348766755
8 0.17149198898164286 0.5446804984769876 0.1724437635130016 0.5816812879174957 0.1413649672115298 0.5824805618883635 0.1404132938158682 0.545479871163248
8 0.33203125 0.591796875 0.359375 0.591796875 0.359375 0.626953125 0.33203125 0.626953125
8 0.3871693032760959 0.5178788101054592 0.4172035856867069 0.5378998821449789 0.39436648225910176 0.5721554305549067 0.36433225516793755 0.5521344271065517
8 0.5078124842540319 0.2226562256837861 0.507812525152417 0.26008593841258737 0.47419205315350155 0.26008593074368774 0.4741920583907131 0.22265626408223166
12 0.5721658133332994 1.0000000000000406 0.572165880953662 0.9777070313900917 0.5855048111640144 0.9777070807107459 0.58550478833331 1.000000004539696
9 0.640625 0.41015625 0.7432974800000001 0.41015625 0.7432974800000001 0.5625 0.640625 0.5625
9 0.87467505864754 0.051152532997672265 0.7968269678218576 0.18441675451525227 0.6778807203716042 0.1149326705632546 0.7557288036674663 -0.01833131890523089