9 0.23179162721442026 0.17260679810413337 0.15964464833234615 0.19605404029247686 0.1292696086414935 0.10259042588933412 0.2014163225383072 0.07914322911510717
0 0.12817163153147249 0.21983657538862972 0.18781374326056266 0.2715454846687028 0.11960809068830258 0.3502131242464656 0.05996619291454408 0.29850444518117975
9 0.29405518915882567 0.22980704377535477 0.36250427716549893 0.24024552346611575 0.34751321586884387 0.33854533981163326 0.2790641376104759 0.3281069050361544
8 0.1612426785761727 0.07909863604806688 0.15597829747366632 0.06861761306611419 0.16878866602564813 0.062183264423040834 0.1740530473838362 0.07266428575938319
0 0.4015208981403475 0.047527286909857955 0.4149724928662408 0.04315559697908055 0.41967755525308803 0.05763296071030911 0.4062259607820806 0.06200465010563411
9 0.3415018781385015 0.20283913774508125 0.2784909678694021 0.21997030623016658 0.2544649330743596 0.13159942235773991 0.31747556800257826 0.11446829318992828
4 0.6250744110557207 0.3610009196827233 0.5535838050328721 0.34086287119502157 0.5716550642440552 0.27671230134245217 0.643145234536405 0.29685028481906844
4 0.462657727743931 0.049129442331903514 0.4959821034428842 0.03019858597468317 0.5322087705429794 0.09396906256432966 0.4988844060530937 0.11289990364879843
8 1 -1.798725142223559e-8 1.0000002351973762 0.21189709711549756 0.8727566833264291 0.21189693513361885 0.8727568308236187 5.8015329165274825e-8
9 0.46987179487179487 0.21619089423076923 0.48407320833333334 0.21619089423076923 0.48407320833333334 0.24108580865384616 0.46987179487179487 0.24108580865384616
4 0.3795616857372579 0.47157769735410937 0.3080708413283446 0.4514400930302496 0.32614219462072924 0.3872894878877764 0.39763245193512375 0.4074270045974614
4 0.1975654820478212 0.38942259672353097 0.19756585398715742 0.43963502379374436 0.11756514766818782 0.4396352655944177 0.11756502927721613 0.38942309021026705
4 0.31780577296990487 0.8331619166309894 0.28929444551522465 0.8372311063804289 0.2830530009229051 0.7935073789390089 0.3115640213476354 0.7894382114222585
9 0.22655512005451328 0.5266000082187721 0.2567401349709826 0.48958089358853213 0.3339117181211577 0.5525004574773138 0.3037270289648859 0.5895192691959374
9 0.03953483750365194 0.7368143138106856 0.07627743211776306 0.7481742629602532 0.052193279525681646 0.8260576972663127 0.015450732666977274 0.81469785811837
11 0.2693071157027589 0.6277684358659379 0.22437699623003482 0.6848420459502174 -0.042957002250886944 0.47440620880124074 0.001972211458109996 0.41733433749406834
8 0.6419604246984818 0.6088092925631949 0.6503496306125953 0.6207930750095524 0.6302929033276996 0.6348320295866641 0.6219037284625983 0.6228482749163807
8 0.5918318610818005 0.6294606600766157 0.5775196181792808 0.6171791379901439 0.5943042410506223 0.5976215149976051 0.6086164422624734 0.6099030072691929
8 0.6534813835850173 0.6674299238323166 0.6374525091575833 0.6711675026187012 0.632113145162748 0.6482721362407384 0.6481419471698473 0.6445345662371484
8 0.6819077028454785 0.6671162626233524 0.695352439736098 0.6827776514976454 0.6783007635565355 0.6974137825918132 0.6648560653228515 0.6817524302702124
9 0.647282151790364 0.42570097578651983 0.6708903416412113 0.4314849126461683 0.6627077425343941 0.4648816803571089 0.6390995575046645 0.4590977569898658
9 0.6288443642013135 0.4452413153287579 0.6470100953838482 0.4496918318066926 0.6375165041880564 0.4884394056659472 0.6193507774636373 0.48398890181452886
9 0.7138830169834591 0.4524011764654716 0.7225098524545501 0.46501204038209537 0.702416488237418 0.47875656584505116 0.6937896771994474 0.4661457236883517
9 0.794859269867743 0.4073840918978071 0.7760401597455484 0.4116290753222851 0.7716005912839137 0.39194818323665725 0.790419656843028 0.3877032050348155
9 0.6263227107672265 0.5016235446277573 0.6446949598688434 0.5005403663595641 0.6463564882665196 0.528720017008195 0.6279842393773833 0.5298031928789823
4 0.7283997243295062 0.5305041606000414 0.7050007386136485 0.49707783586389365 0.7460322108973969 0.4683573634615041 0.7694311593245402 0.5017835593674788
4 0.8551989292102462 0.5513990440693626 0.8788934372946642 0.5737480256059725 0.8376991395070945 0.6174177774843065 0.8140047475474148 0.5950689151682521
4 0.6413516739734177 0.5445829917155349 0.6457795730475482 0.5793486155367221 0.5892205967179507 0.5865512477378592 0.5847928857516536 0.551785793609743
4 0.4862403114211702 0.561091089452142 0.49752798065890147 0.5457433770381392 0.5176543343902722 0.560544164360259 0.5063667014029534 0.5758918439864987
3 0.5501620759574735 0.5686842380163699 0.5332306181376225 0.5917058639281728 0.5086068054393991 0.5735978042920058 0.5255382411093024 0.5505762393082242
10 0.9353498243422109 0.47889276453802 0.9535265372279582 0.4746541174663807 0.9599242026193906 0.5020874397612201 0.9417474927658986 0.506326077917003