0 0.06651885743292496 0.18333472714925908 0.04765938063678732 0.056232968357835054 0.15180305690591922 0.040780097187865086 0.1706627210858187 0.16788163208092624
9 0.49528155886912373 0.4050945440077566 0.38514620677040057 0.40631220907528626 0.3831860845219808 0.22895345826951546 0.49331959388678115 0.22773580322988304
8 0.415625 0.059375 0.434375 0.059375 0.434375 0.08125 0.415625 0.08125
0 0.4947394049423792 0.4747301845578887 0.6151576918497312 0.4090529097632788 0.6895677678663787 0.5454733672513575 0.5691500452840046 0.6111498507201722
8 0.35018408524604183 0.06498266178385077 0.3696510977017624 0.06593388694937034 0.3681073141633533 0.09752766638043632 0.34864030173741867 0.09657644158645333
9 0.36474029169835376 0.7650785824270273 0.2602113263104684 0.7676941581065138 0.2557597223146786 0.5897338880521875 0.36028484887913237 0.5871183604275423
0 0.2206742452316348 0.09609584740779203 0.19537169128125242 0.13408314008387134 0.14865000693066577 0.1029628543332725 0.17395255333326531 0.06497559500003439
8 0.421875 0.18125 0.440625 0.18125 0.440625 0.203125 0.421875 0.203125
0 0.093825338635952 0.380931365 0.07328226196887044 0.380931365 0.0732822973261591 0.35315414250000005 0.09382531010396633 0.35315414250000005
9 0.2396371183147039 0.38434852150337967 0.33515742542363114 0.3806490216134658 0.341531681295578 0.5452211109008274 0.24601137651245608 0.5489205677851589
9 0.5031764912425842 0.9999999924922502 0.47869052634428044 1.003708133615313 0.47332587319988306 0.9682934240603229 0.4978115797019882 0.9645853028367689