13 0.21015293191805995 0.24943843141592814 0.2999424109654001 0.242021629135139 0.30951575355402383 0.3579157882153876 0.2197262798074462 0.36533255082311483
0 0.38531627871111596 0.34333193003715257 0.39462113906563445 0.43080002898527564 0.22453452763613768 0.4488915823164912 0.21523064724715368 0.36142437601817523
12 0.4099561135276417 0.41614110398230086 0.39113331428734455 0.41614110398230086 0.391133368734927 0.37598268879056046 0.40995607613467655 0.37598268879056046
12 0.17990817649967994 0.2843026974845384 0.17760448582100707 0.32403335362621727 0.11602037977297641 0.3204624936180649 0.11832417623122637 0.28073194970713117
12 0.19251105003809243 0.0831475336086304 0.21706945336393346 0.05740185130964595 0.25027735297567233 0.08907828976742031 0.22571896522572388 0.11482395673798251
12 0.02051746392317 0.1679258230128555 0.022677237382936255 0.13067836828666865 0.07077934680432918 0.13346751866588222 0.06861961679317119 0.17071493216949182
8 0.07170024944593933 -0.0030418629822641253 0.08215723794853602 0.011465416607043054 0.06181847188724987 0.026125796085484505 0.05136148408337249 0.011618517124485996
12 0.9887513624199755 0.13541621763235276 0.962194631119587 0.12536037901666314 0.980365478437534 0.07737274814507049 1.0069221696229533 0.0874285782879042
4 0.7883023349629639 -0.007621019367017398 0.8061482760276704 0.00012897727968332273 0.7930448876361424 0.030302188471664243 0.7751989468598595 0.022552192276764218
9 0.6162419280694849 0.2040818177067253 0.6159970463166928 0.23573156683301533 0.5947077435444044 0.23556683011140106 0.5949526476817937 0.20391710355732023
11 0.7766608098274901 0.16999459115923138 0.7024411203908585 0.12385456164487205 0.7879039841551503 -0.01361811090095438 0.8621233860039865 0.0325217926496837
11 0.7723956264879916 0.11235922395215356 0.8651253068628648 0.1849427907969947 0.7718088987631972 0.30415796963711456 0.6790795379206429 0.23157476006172403
11 0.6082736529727981 0.4235640188459832 0.5796097712996016 0.38557681647327 0.6538131188567604 0.3295879105101957 0.6824769169620595 0.3675749101931385
11 0.5252545362961882 0.6243147942676488 0.4596971759134476 0.5783997939761651 0.5472218259309329 0.4534446697981888 0.6127780444128348 0.4993591072024979
3 0.6402332818448713 0.6098819980025451 0.6402332859667013 0.612969412904052 0.6296992347770356 0.6129694194971358 0.6296992336833682 0.609882007621021