0 0.22330679432025136 0.021183653274118953 0.23790083064795908 0.053695071044963336 0.16827223177290307 0.08495056885877819 0.15367821833638118 0.052439170177940905
9 0 0.10753372222222221 0.05120668316831683 0.10753372222222221 0.05120668316831683 0.21579328055555555 0 0.21579328055555555
9 0.23629563646250062 0.09685071681430203 0.2282325431241361 0.010148385825081574 0.5178212348483839 -0.01678261818623418 0.5258844604120441 0.06991937542311785
12 0.13445266129485844 0.11897581324453708 0.10778069986668015 0.16650990777206248 0.03591004991119462 0.12618251610707595 0.0625820158645638 0.07864849193517263
8 0 0 0.14819981683168318 0 0.14819981683168318 0.0546875 0 0.0546875
8 0 0.2561697694444445 0.01639851485148515 0.2561697694444445 0.01639851485148515 0.2821106527777778 0 0.2821106527777778
8 0.4271352528036232 0.3374697222222222 0.2879019867762054 0.3374697222222222 0.28790241040064757 0.26953125000000006 0.42713481235489326 0.26953124999999994
9 0 0.5030002166666666 0.04522498514851485 0.5030002166666666 0.04522498514851485 0.5734638833333333 0 0.5734638833333333
4 0.04094309418746889 0.2949720332034749 0.049579003582607584 0.2641916895237702 0.11587032381112294 0.28279027035639864 0.10723452357535734 0.313570520299872
4 0.24232231881558164 0.46084506972282385 0.2514666357851638 0.4282541405456494 0.3285524381482219 0.4498813327992604 0.3194083326150121 0.48247208081513543
8 0.40413183203793324 0.7632756818888288 0.40907424533270387 0.7368562203592722 0.457570213973554 0.7459270029873117 0.45262797094585494 0.7723463142864277
8 0.6777537128712872 0.58984375 0.7264851485148515 0.58984375 0.7264851485148515 0.6171875 0.6777537128712872 0.6171875
14 0.7010266098961893 0.763072687113103 0.697121547289953 0.808767388802952 0.5632759166668393 0.7973296708105142 0.5671816380969403 0.7516356976882447
14 0.059175839000999986 0.5508539389578545 0.07158940829287985 0.49776601189950626 0.19559922036353328 0.5267604706201174 0.18318629222574145 0.579847841856047
14 0.26122422387743427 0.3055101851586272 0.24864346672927695 0.33620248095813987 0.11575891077006872 0.28173414381641143 0.1283397405507003 0.25104204247925427
14 0.45420915002489437 0.1496114258451932 0.43663262388224666 0.09635930130865668 0.6482173754633322 0.02652304120279657 0.6657939800924169 0.07977499774178176
14 0.14866955445544555 0 0.2391707920792079 0 0.2391707920792079 0.03125 0.14866955445544555 0.03125
13 0.8239480178604026 -2.318612513357109e-9 0.8239480205987775 0.031249999869488718 0.7473700467184017 0.03124999693153705 0.7473700495696676 3.100815380189838e-10
5 0.9283725247524752 0.1328125 1 0.1328125 1 0.19140625 0.9283725247524752 0.19140625