13 0.23185873473096308 0.6094469189659376 0.23186019114098144 0.5171126100486514 0.40995611123162234 0.5171146397631969 0.4099560577418515 0.60944755928981
13 0.056760952806143905 0.3466732580332021 0.0425481600278772 0.3950449238159324 -0.014212883970344592 0.3783676475242951 0 0.32999614055295845
13 0.09133867291450315 0.1204966915325299 0.12342498649297795 0.08683523034881292 0.16062887619239063 0.12229807943710813 0.12854259539517443 0.15595950843918735
0 0.21667930158355375 0.410940489685708 0.2630771564344059 0.4328315549469859 0.23875981784817668 0.4843686607332242 0.19236201598641856 0.4624776808123676
12 0.40995614405949254 0.2994984112903226 0.3772487032593972 0.2994984112903226 0.37724879970073744 0.2345605737327189 0.40995606837213927 0.2345605737327189
12 0.2021586199180092 0.39372901307902336 0.16182818214679173 0.4285530206658705 0.12025528884907999 0.38040859927345594 0.16058554549044857 0.34558472279534774
12 0.0879705758277396 0.27790137339571513 0.047427831374875495 0.3204337685128688 -0.0024760898360227657 0.27286531861684754 0.03806654664549569 0.23033304574246827
8 0.16157804035537993 0.16126018793027636 0.18472610769663333 0.08970410335181105 0.3969557230246892 0.1583588678893727 0.3738081328355065 0.2299145321335285
8 0.1471077640129579 0.3369173693940325 0.15649126827702275 0.22747466823757861 0.2979926095609926 0.23960652782318526 0.2886098391965106 0.3490485378905572
8 0.7439845416899971 -7.825461452797837e-9 0.743984546955744 0.03283038096914786 0.6231173100824208 0.03283037613710663 0.6231173155198348 2.32081099413041e-14
11 0.6059805338410342 0.6094459755785772 0.6059838904716344 0.5039605516043116 0.9420794771742749 0.5039667824276897 0.9420790912790835 0.6094493853318308
7 0.40995607613469986 0.05059866129032258 0.46144053221083453 0.05059866129032258 0.46144053221083453 0.1360856624423963 0.40995607613469986 0.1360856624423963
14 0.23719609519343976 0.6949379118161327 0.2020997989651505 0.6800356161268742 0.23840531360383466 0.5945448495140799 0.27350103513902013 0.6094470046082889
14 0.37796538573729777 0.8617909621339755 0.3660188963269775 0.8518520035470571 0.39342858968427663 0.8189131389420309 0.40537499826155 0.8288520430996709
14 0.3310383527042404 0.852762855226124 0.3507193264202897 0.8859446999933575 0.3119155167604504 0.9089545485608598 0.2922347740926625 0.8757729044057176
14 0.3530519896305577 0.8859258511927487 0.3460891562483539 0.8820472455803646 0.36243710982398625 0.8527064385954995 0.36939989350287306 0.8565850269153407
11 0.3190266232113572 0.8327340096848201 0.3006034114819158 0.8048169723342989 0.3521013632212089 0.7708387770109527 0.37052453463775237 0.7987556032275326
9 0.1088017575153799 0.8920031067314379 0.09120678257454529 0.9104591822278909 0.07445363061299304 0.8944915072406432 0.09204855398547807 0.8760354898772915
7 0.6959502183325412 0.9021485733495438 0.6334785161948275 0.9024638688966646 0.6328738473223439 0.7825040480981136 0.6953436296131486 0.7821887573906103
8 0.7008475676658463 0.9615129763201061 0.6755877876818204 0.967828200184469 0.6592573347422785 0.9025258614792474 0.6845166538837475 0.8962106979453