4 0.28263975289962673 0.14114667007894047 0.27984215789911104 0.11316442889402555 0.32196451396725934 0.10895315243854038 0.32476212891617706 0.13693537130835745
8 0.5751733274454409 0.26364126927171905 0.5696862696651124 0.2557238952339987 0.5791152181826646 0.24918938753624215 0.584602275011548 0.25710675802231936
8 0.2842597487439207 0.29725651763748623 0.2826140830801478 0.2807963684247968 0.3247364323757438 0.2765851070399102 0.3263821249835246 0.29304522585985804
8 0.9073298487178363 0.16811985396814752 0.8903541508124135 0.2376104544892882 0.7581891105106706 0.20532414381194744 0.7751649884864946 0.1358338098241019
12 0.28271696675142266 0.9964239207184499 0.2148741555640754 1.0234332034536966 0.17990598991923434 0.9356210809508233 0.2477471491857841 0.9086121633472215
0 0.6206833090521968 0.7561374095901738 0.6692813418283095 0.744323751749137 0.6957330843000591 0.8531181522758072 0.6471351088882784 0.8649316482035052
0 0.5689067796857898 0.7719928923034304 0.6147624873440236 0.7537324288869949 0.6528154207506986 0.8492725228064545 0.6069598391770796 0.867532753920098
13 0.8394933733827656 0.6372305905399862 0.8274819920452501 0.7050368165286203 0.7775282764512212 0.6961888075004913 0.7895399289045599 0.6283829311939398
9 0.6627473250770208 0.9098291661093535 0.6356010194517694 0.8984641946996413 0.6465586174879263 0.8722975379202063 0.6737047392498425 0.88366246563265
8 0.8215522189129842 0.6082516523319745 0.8028219338511917 0.6051777414970998 0.8098500889617526 0.5623580927736808 0.8285802314619559 0.5654319916428382
13 0.6433384890012803 0.6847950977089768 0.6507878977115524 0.6952263236343902 0.6407805877441888 0.702371932437859 0.633331194108564 0.6919407200575018