13 0.16955462202167837 0.40024383888888887 0.08847132605114894 0.40024383888888887 0.08847158479306927 0.34765625 0.1695543969241271 0.34765625
13 0.13474628712871287 0.41796875 0.21132425742574257 0.41796875 0.21132425742574257 0.46751041111111113 0.13474628712871287 0.46751041111111113
13 0.21132425742574257 0.28125 0.2948638613861386 0.28125 0.2948638613861386 0.328125 0.21132425742574257 0.328125
0 0.38477978531977897 0.865562711504733 0.3697744885289467 0.8388259591353557 0.4293874067299157 0.8053768438880604 0.4443927118852571 0.8321133637503597
0 0.3157487623762376 0.4453125 0.3714418316831683 0.4453125 0.3714418316831683 0.48046875 0.3157487623762376 0.48046875
0 0.670792259246582 0.5163460555555556 0.6210142710102673 0.5163460555555556 0.6210144306379561 0.4648437499999999 0.6707920370823786 0.4648437499999999
0 0.4496868823925979 0.3153884029756344 0.43452576126139775 0.34240762623043847 0.360988227550024 0.30114501891555434 0.37614935287354 0.274125901543973
0 0.480944056901194 0.2393096287366462 0.4927380628937499 0.27179245479253583 0.39640745101348784 0.3067675057109052 0.3846136066680401 0.27428481590477977
0 0.5496973808318444 0.20661941756249366 0.5713686552350055 0.24524076476883352 0.5014586737803484 0.2844678992792468 0.47978753342522396 0.24584666758607968
0 0.447400919763254 0.1312009601553567 0.45497804515810003 0.07919358087225396 0.5975763398130312 0.09996903058256622 0.5899993614607411 0.15197627631641739
9 0.5791077050109834 0.7793173685706517 0.670832158381927 0.8797744132189835 0.4290768338127009 1.1004523206909969 0.3373573712871121 0.9999999999999644
12 0.15904800438329403 0.16171701269792657 0.16083228894524382 0.1835849235325603 0.09011105264096386 0.18935519063161482 0.08832681235480777 0.16748732099365118
12 0.6763305410223666 0.32001714533028636 0.7105070904237891 0.11031892698965179 1.0341734520602586 0.16306952396213623 0.9999998523869635 0.3727648835619884
12 0.9543804794232074 0.565376839957513 0.9225956955341417 0.6365580225788888 0.7686489501365941 0.5678208636989939 0.8004340393766824 0.4966406926339922
12 0.9999985256800983 0.6249978534460764 1.0000056881851833 0.8788035450643782 0.5928660193903852 0.8787992298029684 0.5928706494560174 0.6250052141701372
12 0.3391001412664991 0.8958836981465371 0.3034503296399862 0.9424660103549012 0.18921542604186925 0.8550603768570817 0.22486484750447744 0.8084789553520482
8 0 0.9332081944444445 0.14825542574257425 0.9332081944444445 0.14825542574257425 1 0 1
4 0.207729642772847 0.8781800445002458 0.16934796285988796 0.9617240094362985 -0.023606142907055983 0.8730945933300182 0.01477615896237694 0.7895529677390319
4 0.19970058837122906 0.6543856738257741 0.14733673508635547 0.7558133088778598 -0.052364077302627265 0.652725592741692 0 0.5513003472222636
14 0.14866955445544555 0.984375 0.23568997524752475 0.984375 0.23568997524752475 1 0.14866955445544555 1
14 0.295121156070536 0.6385252753007433 0.33013411088370503 0.7009125975817345 0.09405786472700584 0.8333771909631629 0.05904709940546127 0.7709917632814732
14 0.44801980198019803 0.6640625 0.531559405940594 0.6640625 0.531559405940594 0.7055241361111111 0.44801980198019803 0.7055241361111111
14 0.38941685571626294 0.4202392480650558 0.4371558040729724 0.3620319771344656 0.6210659180460425 0.5128574386538453 0.5733280435575807 0.5710637156237883
14 0 0.30373939166662695 -0.025278970277895496 0.2542928664925903 0.08285689965055099 0.19901061497400896 0.10813591314956739 0.24845691909065185
4 0.07713336354697731 0.29175659232114104 0.08381113492782788 0.262005292806227 0.15092324813099367 0.27706842178075924 0.14424557928509785 0.3068196316361961
5 0.5872525642477058 0.37109375 0.5106744347323229 0.37109375 0.5106746375844295 0.3203125 0.5872523538824908 0.3203125
13 0.7343660125492306 0.15868430747043202 0.7339812332992324 0.11011540097920416 0.8654213450957968 0.10907398534172524 0.865806253705955 0.15764276062552687
13 0.8065438650893384 0.9843749399124809 0.8065439356436173 1.0000000111170946 0.7508508663366911 1.0000000000000102 0.7508509272823858 0.9843750606717858