8 0 0.05362844363103954 0.0527273359375 0.05362844363103954 0.0527273359375 0.11843156954612005 0 0.11843156954612005
4 0.15068175371538928 0.19598562274734171 0.1211484550425439 0.18131794993587852 0.14124452802752785 0.14085502565152774 0.17077776937867384 0.15552268144764944
8 0.2807848327203146 0.40533380668742125 0.30756523198260766 0.4075862950792612 0.30546702690628535 0.43253106577559797 0.278686628098626 0.4302785809767426
8 0.055875267817782515 0.4261251855651666 0.04039948607851329 0.40471141756738854 0.06498454961842981 0.3869446459573866 0.0804603178069101 0.4083583736483243
14 0.22840762580540286 0.46147512647853756 0.2600240909207514 0.4937715497608777 0.20716690830124662 0.5455117092944656 0.1755506274914751 0.5132154688766029
14 0.2830143314382667 0.21598035526281487 0.2369676275581014 0.18850918447575143 0.2729383683109745 0.1282163734706346 0.3189849393420445 0.15568749297730303
14 0.06890491926037612 -0.007434061495490619 0.09878832146625882 0.0007667795367529991 0.08005478996642523 0.06903069341152734 0.05017138894288564 0.06082985501510782
12 0.4294692174479451 0.6098096632503968 0.42947051363375977 0.5117773411129499 0.5248889423590981 0.5117785222136998 0.5248884421426965 0.6098100585615409
4 0.8332920691038908 0.07821863275073036 0.8570945743335869 0.08433151231321628 0.843998668406698 0.13532456439071058 0.8201961651201373 0.12921168995190066
4 0.7600250894324745 0.5215719215143215 0.7769561968301559 0.5178288811528318 0.7870008893960403 0.563260643977624 0.7700697866772543 0.5670036699631454
8 0.8866684108847949 0.32274237326622035 0.8568527457803157 0.31202949209652836 0.8804428526692618 0.2463764376682869 0.9102583525880164 0.25708928606744597
4 0.692717616957566 0.1268408648564073 0.6714202557683393 0.12841720970618936 0.6675256265396001 0.07579840476088788 0.688822954715647 0.07422206110052278
4 0.5643313671874921 0.6098096632503898 0.5643314276885576 0.5905662262867141 0.5850128218771715 0.5905662878558898 0.5850127977977309 0.6098096884439769
7 0.6748381931159884 0.054154615632049444 0.6500504655056147 0.05565407565026507 0.6467209948543768 0.0006141891234409843 0.6715087126372055 -0.0008852706279289001
13 0.9021418671324 0.13844299386736725 0.9275265640017096 0.15062391546984302 0.9055054904006283 0.19651482217550845 0.880120803618297 0.1843339163427957
11 0.8683661795768103 0.07866713644097194 0.8491043244853245 0.06942421517639971 0.8639805896120833 0.038422760783607304 0.8832424343974026 0.04766567908630865
9 0.9217519425964156 0.016605011314946346 0.9546294986744215 0.014371785562658909 0.9611101578908574 0.10977997820270215 0.9282326020619394 0.11201320185955273
12 0.7851383522980768 0.02789713768802465 0.8092070567743122 0.032042430176376945 0.7975509646015553 0.09972082705166138 0.7734822608440481 0.09557553724972465
0 0.6137972223696124 0.3399290047615296 0.5887991839917959 0.33040655412512204 0.618630815052029 0.25209598001526246 0.6436286843232892 0.2616183948892718
7 0.7174125955452837 0.5514667391206712 0.7367601258205241 0.5520310244306501 0.7350665639693261 0.6100919997811 0.715719033825053 0.6095277173687176
7 0.619673401116188 0.4170187965634434 0.6003258036638499 0.4164544772005609 0.6025684593620326 0.3395717500606223 0.6219158840298178 0.3401360668884259
14 0.9801289668259869 0.7237495668357701 0.8889973068555719 0.8646381503933275 0.6751533738538456 0.7263362888386503 0.766284328563529 0.5854518397185562
4 0.6339580653192343 0.8159110141396183 0.6557731246782623 0.8556237456526657 0.6115229090569301 0.8799257175592643 0.5897081506532231 0.8402132452551169
4 0.5890086259580585 0.7028222286017745 0.6344369977307451 0.7154658469400714 0.6239331635929375 0.7531999156746346 0.5785048141246989 0.7405563523180121