13 0.275415866300591 0.24955131316742996 0.27455340404094386 0.2947520394268147 0.1691420568832882 0.29274042091374347 0.1700047113454275 0.2475398889807568
13 0.039657547994579545 0.2679222477809604 0.03768325509292936 0.24816996934737823 0.08710779246518996 0.24322992464601487 0.08908211918367215 0.2629821648075606
13 0.04218007786664657 0.18036396867218593 0.03246623768347945 0.16634394202531474 0.07112581260707884 0.13955868015761738 0.08083964895979534 0.1535786912395776
13 0.22464910190478804 0.11294279373162025 0.2238355951584481 0.08254806406238901 0.29152445635531876 0.08073637854261964 0.2923379928161012 0.11113107713723624
0 0.5383909485691447 0.28874117394818094 0.5211754478222019 0.3181018833996202 0.4786661747173184 0.29317735466289707 0.49588167494903246 0.26381670780803435
12 0.4627622460187695 0.25170959150180877 0.4553027800559448 0.28409259844593127 0.36721105042192903 0.26380078350387115 0.3746705956378946 0.23141789262256823
12 0.17778735655679156 0.2156615900541997 0.18720249548255197 0.17750512474294994 0.2748642696482193 0.19913542635582254 0.26544925735402103 0.237291781711253
8 0.5476073220210083 0.15158263914397932 0.5499021850661165 0.2228363754609027 0.35482771310933003 0.2291182108853975 0.3525332616547985 0.15786484881992324
8 0.4371111975377744 0.30529310059264114 0.44320623484463795 0.38040717517224687 0.27776627315381575 0.3938299841687824 0.27167194193805244 0.3187165621709662
4 0.16786015956120082 0.3397475910853154 0.17698562526391015 0.30601835756281676 0.2807494695323385 0.334090509542747 0.27162421774914947 0.36781956261492965
10 1.000000154200393 0.29583288242894057 0.9520222679202561 0.29583288242894057 0.9520224212709536 0.20855222868217055 0.9999999956996817 0.20855222868217055
11 0.5961185232599746 0.7667689875639848 0.5751628296367244 0.7925977359347134 0.4877148760780301 0.7216598123185055 0.5086704004253306 0.6958313836934921
0 0.4257988035111566 0.7463204997584583 0.40716293076820875 0.7682682081367824 0.38213043091479904 0.7470165775272629 0.40076625135145605 0.7250689513181064
7 0.34350295656588514 0.7535649272359979 0.29606336143467615 0.7674128332991766 0.2794717772877675 0.7105825633028825 0.32691078842663046 0.696734747693342
7 0.4186814340195042 0.9082097877602683 0.3738395192799544 0.9251427074321797 0.3549627732264753 0.875164527768249 0.39980410390546695 0.8582317302460746
11 0.3960772675758335 0.5007732469217422 0.42653239662479336 0.4620404119434267 0.6063466370450215 0.6034139471683428 0.5758923335173449 0.642146036346539
11 0.3635183450144268 0.5052533914272124 0.4003438086092501 0.46361015981988307 0.5872900011059983 0.6289121961827652 0.5504654752751321 0.670554523944033
0 0.4952913262831089 0.7715701997700507 0.5844342056365122 0.7840572263745321 0.5602178148035364 0.9568963658573229 0.4710749932031604 0.9444096256305001
0 0.33215389384417904 0.6409055764825623 0.23158156579484057 0.7672256534648297 0.09858600946017759 0.6613502438210901 0.1991572550859928 0.5350322876395406
8 0.7035662745859099 0.9409605622792742 0.6813189151289407 0.9369163487782771 0.686731605335126 0.9071493977986568 0.7089787806304457 0.9111935941801201
10 0.9312732056456525 0.6835312166122485 0.9571873176315648 0.6793245076535859 0.9658155331557055 0.732468000322948 0.9399014272306658 0.7366746848576139
9 0.8280282844521025 0.862677504617178 0.8519483518601874 0.8628967204382623 0.8514832397368082 0.913636095988574 0.8275631723462311 0.913416881673633
9 0.7393819733169948 0.9806350156862724 0.7255813172608896 0.9845020790916571 0.7169998572594523 0.9538852964401435 0.7308003919406474 0.9500182509962827
9 0.7341730211346658 0.7564291117140354 0.7502696124864769 0.7615256153906347 0.7379396934354645 0.8004607996971239 0.7218431132002934 0.7953643206994693