13 0.9611532303393915 -5.113976186479425e-7 0.9611537374643149 0.1590473463963604 0.42400332099532534 0.15904681365037912 0.4240038415841809 4.66398526336486e-14
13 0 0.026209177777822043 -0.008636879171149303 0.0032489023757372323 0.061037546933221165 -0.022960260243007038 0.06967442502968879 1.1265423728639739e-8
13 0.4461889737820002 0.6613394388233047 0.38021147818574264 0.7502003855959124 0.22832859356765312 0.6374427202995827 0.29430553572490226 0.5485833455720259
13 0.433288330245432 0.2567947012725005 0.4216192151085352 0.2775908208278562 0.374261191282244 0.2510177584616171 0.3859303082435872 0.23022168215781158
9 0 0.6875 0.08353960396039604 0.6875 0.08353960396039604 0.7329812111111111 0 0.7329812111111111
0 0.06265479833871268 0.5175777122511696 0.05176800799085868 0.5646949405392466 -0.007406134902907979 0.5510232468940015 0.0034808168317113086 0.503906250000052
0 0.5062168993986234 0.6650829967464748 0.5255170656658947 0.7682458555901939 0.26447087811141046 0.8170698332000791 0.2451742192616848 0.713910059027124
0 0.6007420609195151 0.25245833302725196 0.6114494518030824 0.20035249534522853 0.6957640448017628 0.21767827086905758 0.6850568388039164 0.26978394521502375
0 0.8483759726441349 0.11363384462128527 0.8684587199439875 0.16731954916154887 0.7334988572637258 0.21780458863896526 0.7134163369184989 0.16411907469077383
9 0.9742181210447143 0.07663248219079376 1.0577097940497424 0.15103015265641528 0.8599967625757472 0.37290636794464743 0.7765057446746368 0.2985094378847803
12 0.20188737623762376 0.7890625 0.2854269801980198 0.7890625 0.2854269801980198 0.8359375 0.20188737623762376 0.8359375
12 0.4196239292793962 0.5998527986980914 0.4134491426018485 0.5489758649089543 0.5019151035091909 0.5382398931414752 0.5080902265857503 0.5891164349981177
12 0 0.59375 0.027846534653465347 0.59375 0.027846534653465347 0.63671875 0 0.63671875
12 0.118347963366773 0.453125 0.02784642632627765 0.453125 0.027846691125319012 0.41015625 0.11834771607459516 0.41015625
12 0.35165673285541743 0.4023437386956926 0.35165689653524623 0.35937483510400065 0.4246596498959434 0.3593750530369664 0.4246596682650079 0.402343774332442
12 0.1322710923118393 0.14453125000000006 0.05711631199039857 0.14453125 0.05711637806905401 0.09765624999999994 0.13227102573353022 0.09765624999999999
12 0.3202351418736953 0.02343747828420313 0.3202351780440722 0.0820312524248102 0.20188736492423232 0.0820312424855177 0.20188738503998138 0.023437526860210976
12 0.21232982673268452 -4.515242733408154e-11 0.21232982675894618 0.003906249984214077 0.16359839105882656 0.0039062499390797993 0.16359839108918095 -1.8151913210749975e-14
8 0.16011757425742573 0.265625 0.20188737623762376 0.265625 0.20188737623762376 0.28515625 0.16011757425742573 0.28515625
8 0.724009900990099 0.40234375 0.7588180693069307 0.40234375 0.7588180693069307 0.421875 0.724009900990099 0.421875
8 0.807549504950495 0.2421875 0.849319306930693 0.2421875 0.849319306930693 0.265625 0.807549504950495 0.265625
8 0.3433076084248796 0.036792164094503046 0.34060137220217257 0.011619966309617868 0.42957505713286537 0.0020544904568664648 0.4322812990034208 0.027226682239948046
8 1 -4.722625715320901e-10 1.000000000309683 0.03111514722221738 0.9869418161968042 0.0311151466933817 0.9869418168316315 1.705199726683077e-14
8 1.0000000187692422 0.28310655277777774 0.977353412313505 0.28310655277777774 0.9773534438503475 0.25570210833333334 0.9999999996741735 0.25570210833333334
9 0.9679288312829613 0.45662457854238414 1.0452659733863356 0.5684551502796321 0.7267033796757687 0.7887272200150419 0.6493707717613688 0.6769006876538343