13 0.5741481982117875 0.16178481962431754 0.5736845818209986 0.23372710343658015 0.4134204324203665 0.23269373136396224 0.4138843873344058 0.16075177425454978
0 0.5793918404789338 0.2118820606020324 0.5903616074319871 0.2679947328917117 0.4970420781019129 0.28623762970228156 0.4860725405397943 0.23012515715900633
12 0.326700167022409 0.22417615095651142 0.3240699773175493 0.19785051147897087 0.40021776554976896 0.19024264439417507 0.40284801142013293 0.21656821963441125
12 0.14160915808190566 0.1358656632702484 0.14519079953890923 0.11189505499679901 0.20771843945749424 0.12123774536208519 0.20413683115100412 0.14520832398856948
8 0.08595557018099953 0.23537258936735497 0.08255343207906662 0.24795342830733635 0.053746370838325674 0.24016347327887952 0.05714851743198324 0.22758264790395463
9 0.44341504661213094 0.29226812746652764 0.4466693724302786 0.3529669210697669 0.09317207892013357 0.37191538565658205 0.08991888081720845 0.31121768500443064
11 1.0000006768926823 0.31740036321839077 0.9131234102940198 0.3174003632183908 0.913124173244114 0.07121859885057473 1 0.07121859885057472
11 0.8729095363473789 0.4517298169197558 0.8048085742968851 0.4198345080681806 0.8499360115380341 0.32348656069275866 0.9180362613168427 0.3553816759840769
11 0.9042812396641011 0.44942528735627363 0.90428184623363 0.3778065947273716 0.9910398345359681 0.377807247162525 0.9910396191471591 0.44942555310411286
9 0.11559172763679726 0.6024036500664763 0.1253496524352613 0.6066813370921004 0.11214249758290862 0.636804953783107 0.10238458065271061 0.6325272800458163
9 0.0964933604673206 0.7571760371970206 0.07565504352817243 0.7534564560166347 0.08136956731459577 0.7214475747474519 0.10220773557193752 0.7251671423600144
13 0.06872502553267168 0.7615731855180956 0.08542682006600444 0.7589141907178961 0.0912638898341811 0.7955715471687637 0.07456209803353886 0.7982305302408624
13 0.07830159380068835 0.6999650344719648 0.08435481199057904 0.6992481364351761 0.0860055160161437 0.7131839546639038 0.0799522980181564 0.7139008516179927
15 0.08105023314067239 0.8545232582230594 0.0647968128409957 0.8487305439219555 0.07566027594589286 0.818256163619131 0.0919135742871049 0.824048854076479
11 0.07011752892981349 0.7676106862240688 0.06334096518367005 0.7665736142166993 0.06536480803379163 0.7533515885024377 0.07214135114577402 0.7543886589030377
0 0.042847870843615965 0.8194108861156315 0.03227702027174928 0.8179935601098604 0.0341623232660595 0.8039353630043018 0.044733137256571354 0.8053526865244449
4 0.6255376577938705 0.5563251282380202 0.5919529664836318 0.5412162128669602 0.6400486690714615 0.43431651393963044 0.6736328330607648 0.44942529013986027
11 0.8624057018090525 0.568499380700567 0.824338820176763 0.5712183917002029 0.817708009485159 0.4783891746251836 0.8557743229357584 0.47567018412233875
11 0.8523726630340889 0.627273208695602 0.8111093441829098 0.6643819021398737 0.7681126496254365 0.6165767930489163 0.8093756787934581 0.5794683277238633
11 0.7566057915843203 0.6153196478393999 0.7005040930049518 0.5809426181861961 0.7737965736896513 0.46134502802327376 0.8298972637090856 0.49572165129624574
11 0.6652563542094185 0.6742291653739975 0.6833921150745255 0.6925459046608399 0.6378700453593638 0.7376112267586273 0.6197344109460801 0.7192946134262487
0 0.6327433211042717 0.5827188005272997 0.6533229983552928 0.6044488007033016 0.5891505403650399 0.6652167195839856 0.5685710492940643 0.6434869019128412
11 0.6313372434829034 0.5713709884271702 0.6113256425559257 0.5588175515814774 0.6408708598316935 0.5117235166645607 0.6608823226014238 0.5242768963351583
10 0.5962954798079636 0.7978868601677699 0.5681894923294522 0.7931302438589021 0.5866518721924194 0.6840606305104996 0.6147571800028118 0.6888171884450612