13 0.41542201229447073 0.9999994244433594 0.4154397810672208 0.8280911974366189 0.9347565534371824 0.8281379072553763 0.9347512020380009 1.0000330579728347
13 0.639032784719916 0.5615146029762594 0.6429996823659394 0.48568258127727676 0.7996826176977265 0.49387793812698616 0.7957167286854201 0.5697089817973855
13 0.7657797029702971 0.41015625 0.8214727722772277 0.41015625 0.8214727722772277 0.44140625 0.7657797029702971 0.44140625
13 0.5012376237623762 0.296875 0.5847772277227723 0.296875 0.5847772277227723 0.34375 0.5012376237623762 0.34375
13 0.2088490099009901 0.37890625 0.29238861386138615 0.37890625 0.29238861386138615 0.4296875 0.2088490099009901 0.4296875
13 0.10959043040588767 0.9538643703269389 0.1151692098563899 0.993617926804826 0.0013449921042365531 1.0095853153915595 -0.004233029405668276 0.9698324402181594
0 0.6088331651992576 0.7294466707524373 0.593962155485201 0.7800368712369048 0.49880955423179785 0.752070782160435 0.5136808910338004 0.7014811537591812
12 0.11834777227722772 0.94140625 0.22277227722772278 0.94140625 0.22277227722772278 1 0.11834777227722772 1
12 0.27585032333297477 0.8032238906876523 0.30360529956203663 0.8724577448255089 0.22510191083745212 0.9039208915717143 0.19734783306023473 0.8346877988598178
12 0.026910236070648352 0.6978302224695259 0.05444732623720938 0.641382997720466 0.1577435891542791 0.6917676238781085 0.1302073092624596 0.748214156548109
12 0.5973002887124039 0.6171870922491841 0.5973008119926817 0.6796874627237927 0.505683379253469 0.6796875475881431 0.50568342179713 0.6171877439236139
12 0.5012376237623762 0.44921875 0.6067933960396039 0.44921875 0.6067933960396039 0.515625 0.5012376237623762 0.515625
8 0.056001152656904196 0.6753846783477239 -0.0319583059474553 0.5931789281743568 0.1621982656711225 0.3854537326777894 0.25015546130180155 0.46765754563202144
8 0.3245000135675582 0.7056538641018434 0.2457545286615641 0.5743690063109469 0.41399590622836513 0.47346808957269954 0.49274122109295604 0.604750569637115
8 0.6798389329754855 0.7071531488205666 0.735275413798604 0.5792223481563529 0.9296368748117629 0.6634336233881034 0.8742037213097547 0.7913616007004877
8 0.31327351485148514 0.26171875 0.48035272277227725 0.26171875 0.48035272277227725 0.30859375 0.31327351485148514 0.30859375
4 0.2792516257151192 0.27104321008711285 0.2542464075029329 0.22648010393931176 0.32444990415842767 0.18708820997450218 0.3494551253135114 0.23165118873399795
8 0.8158860663181713 0.9134695367793793 0.8605024405381982 0.8252991679937918 1.0419508056671702 0.9170941280698696 0.9973373823186193 1.0052619734436994
4 1.00000019345282 0.8792673333333335 0.9598910653547819 0.8792673333333335 0.9598914738876374 0.8217144861111109 1 0.8217144861111109
4 0.9999999961388539 0.5507811317024365 1.0000010108186643 0.679756738894403 0.8423572457739965 0.679755772259344 0.8423581143529191 0.5507820303717998
14 0.8407041684858996 0.8481179495129656 0.8251158667799245 0.8983832923628504 0.72322047696764 0.8667895350901693 0.7388091672231667 0.8165248874992663
14 0.8749561721239161 0.3676659249613287 0.8470557740232607 0.3130922961016908 0.9973789019605874 0.23624265284979265 1.0252793479421598 0.2908158370801462
14 0.9328590681600417 0.265625 0.7379329898900551 0.2656250000000001 0.7379333741980645 0.2109375 0.9328586678393549 0.21093750000000003