13 0.19593561117972058 0.056621432757240735 0.18344657765044303 0.09313082844726024 0.12692845523281449 0.07379726249931284 0.13941750011599652 0.03728788598794959
13 0.22158829191698715 0.1234013500827767 0.19217950677386852 0.15425753132023376 0.15640321677369684 0.12015955733728705 0.1858119767870221 0.08930340450240001
13 0.02745723306634318 0.07447471131535077 0.029900886458676723 0.03229580481630197 0.08092873082750884 0.03525212135924963 0.07848509640348311 0.07743100984315235
0 0.3823404445736287 0.4560034616453185 0.38104674523685844 0.4783335316594929 0.3387931580990653 0.47588562457031586 0.34008692025497567 0.45355562161419266
0 0.1468686142243314 0.20056718799312484 0.12135203283230567 0.21336508348071387 0.10564014201543159 0.18203885126449873 0.13115667989848134 0.1692409688328103
0 0.03570830739226949 0.31972480086873145 0.018820573642301497 0.3381740094444307 -0.01567966104187235 0.30659463888386096 0.0012080394697022712 0.28814547163362675
9 0.4178813180336647 0.5327870539248898 0.3942432198160759 0.6162647213240093 0.24331730133746987 0.5735300681958725 0.2669560666384996 0.49005349235429563
12 0.07176992532947679 0.4365858776041367 0.12356103183185496 0.38225069254561383 0.2575892130163311 0.5099951736078129 0.20579883898540174 0.5643296333046003
4 0.3349766508367793 0.1764743320149395 0.39841497635200085 0.1666522414944205 0.4196597581669721 0.3038646583222378 0.3562214466697924 0.31368669795237203
14 0.4129744824666659 0.303432911496494 0.40995607613467655 0.3555364348958113 0.2939041327041423 0.3488131233801297 0.2969228228847669 0.29670989562368616
14 0.24035805932612675 0.37088138751526856 0.2433612795271074 0.40878532372608917 0.19025846919294054 0.4129924488679423 0.18725537804175474 0.37508863367464895
14 0.09447062307208398 0.3258667728007485 0.03556755028967018 0.33411735289630456 0.013740868588456578 0.17829157153411748 0.07264326337087823 0.17004103850430446
4 0.118313727671989 -2.2228414926530651e-10 0.11831372791482409 0.014195298200396039 0.08869976625521758 0.014195297991166513 0.08869976647144995 6.4465246497827434e-15
9 0.8626010814186884 0.028704599281621 0.9179383428586334 0.010639753378247475 0.9552734327467078 0.1250065866817522 0.899936183549471 0.14307140684248434
9 0.7073088304961175 0.18256322561995947 0.6597953516378539 0.19041135502231368 0.6345933058422588 0.03783532692882745 0.6821065443480165 0.029987217698725834
9 0.6026086962644968 0.2122336723420241 0.6846150092964081 0.2159133654660332 0.6759205925128526 0.4096737476329519 0.5939142820951702 0.40599408815219395
10 0.8515207411747951 0.4523362588819112 0.8821669116115345 0.4423324775229756 0.8944556968692723 0.4799762676603979 0.863809539829731 0.48998002090052434
10 0.6236447601382906 0.4700697273420531 0.6787281414920017 0.4643196482773846 0.6934144281134422 0.6049966371543137 0.638331057275991 0.6107466495752987
14 0.9654939034585368 0.35549059271063493 0.9425179598476916 0.3385305149202118 0.9735061098182314 0.29655205114443184 0.9964819746819558 0.3135120866612311
14 0.7244224122989635 0.48675310468454713 0.7013004576423327 0.4806274094902696 0.7204293646292399 0.40842877453606224 0.7435510942153769 0.4145544382034616
14 0.7459268741645246 0.08906580471045629 0.7796941799568913 0.09058099915801589 0.7775147857904585 0.13915034813071675 0.7437474800908603 0.1376351549499922
8 1.0000001218849093 0.25856143098958334 0.9505121168620008 0.25856143098958334 0.9505122450768795 0.18203017187499995 0.999999997929649 0.18203017187499995
11 0.733043124246251 0.21460804336212275 0.7668104271330094 0.21612321436195986 0.7627178568770887 0.3073290263687072 0.7289505543678843 0.3058138608748928
11 0.40995607613469986 0.31315839453125 0.4466637525622255 0.31315839453125 0.4466637525622255 0.4090323046875 0.40995607613469986 0.4090323046875
8 0.42645528451964765 0.7067346702634169 0.3903154553032664 0.7252250201881676 0.33855724904617546 0.6240758251839714 0.3746963682419846 0.6055856967782122
4 0.2440064251760532 0.9593967006429307 0.2550806339315841 0.9558203902166374 0.26519042014479055 0.9871168780021037 0.25411621938485496 0.9906931710083338
9 1.0000003373594382 0.7426831145833335 0.9683494062284126 0.7426831145833335 0.9683497083187831 0.6449217942708333 0.9999999932771289 0.6449217942708333
9 0.6616022425290566 0.60941489905161 0.6868349753784742 0.6080575566405894 0.6908406456495868 0.6825130553939806 0.6656079136075732 0.683870387884757
11 0.8592368785264171 0.8189566214256159 0.7752476951321796 0.8558025117602359 0.6699919165976098 0.6159113274082632 0.7539767131735289 0.5790665672688288
11 0.5469277339893779 0.999999693548146 0.546936558535208 0.8158115784334948 0.7804741002341871 0.8158214502070469 0.7804711719801389 1.0000037381651135