13 0.29878902223356363 0.09411127301501747 0.3025132927849654 0.08034314069454886 0.3615125532408001 0.09630234505204409 0.35778829689593294 0.11007046515205114
0 0.31367422942923895 0.1386802249869796 0.308224099337167 0.15882868160156388 0.26356106187563455 0.1467474355129879 0.2690112045551132 0.12659899903990468
0 0.23609461156752332 0.23600208665985922 0.23150091372360748 0.2537677038517878 0.16107625784889024 0.23555802761909528 0.1656699857088597 0.21779245620218896
12 0.16079250159179992 0.3507713612291743 0.14561598424086242 0.29341541433471824 0.2307771151201905 0.27088221344084185 0.24595378352273656 0.32823791657958706
12 0.457156531321516 0.22565233922936712 0.513088329560901 0.32141794936671914 0.29552117969399205 0.4484816249958011 0.23959075681784725 0.35271719764320897
14 0.5116118703680286 0.2343815364407097 0.5162622054873509 0.26036405951335767 0.45346670554329194 0.271602835287675 0.44881644286726896 0.24562037655066127
14 0.15955266239745924 0.16616095539281772 0.19538827308497275 0.12391562941902208 0.30408641168264694 0.21612054659409846 0.2682509861172093 0.2583656992363599
5 0.11139778867800487 0.15783411521275176 0.10688348115763802 0.18544651902861373 0.040392280854462115 0.17457599042330846 0.0449066258925086 0.14696363297124657
9 0.8394827403940326 0.05204212803590376 0.8087063865330038 0.05935374919175019 0.7946863725950379 0.0003401610157826637 0.8254627121557405 -0.006971458380790665
9 0.7844845646046679 0.0925583229502119 0.8361603398595889 0.08518850021768262 0.8526872357807633 0.2010712963315782 0.8010114644017676 0.20844110002913613
10 0.970431400462985 0.18179751562499954 0.9612556325323567 0.17825561309397403 0.9701995808409265 0.15508535176843063 0.979375338322825 0.15862725205421707
10 0.8711186715404438 0.3301954873063491 0.8364455737953449 0.3290934567521173 0.8393463289108922 0.23783391558774958 0.8740191599802074 0.23893594197497584
14 0.8898917948865801 0.23127015318179137 0.875541601103123 0.2304267450812794 0.8785128515019096 0.1798734036399393 0.8928629995290294 0.18071681038515836
11 0.8924215914752267 0.10982073422485511 0.8711433186491604 0.11285538047085865 0.8626880055115862 0.05356861580374521 0.8839662469316636 0.05053397183920105
11 0.7076034061196879 0.2768718706143251 0.6707264810578408 0.2770592145195409 0.6703795270152568 0.20874922441493599 0.7072562641118338 0.208561880989979
9 0.3581366939209829 0.5128228792695121 0.3162721246727642 0.5240473521049385 0.2965229066550137 0.45039197446308205 0.33838703137507764 0.43916756446807254
9 0.28245975512197674 0.5633389937441705 0.3533939416039402 0.5519225581505462 0.3763972307962149 0.6948337399698687 0.30546308143880196 0.706250017801063
10 0.5390515567130478 0.6721836855468926 0.5268214680930896 0.6668561823516432 0.5391353182711782 0.6385917013604475 0.5513653413223665 0.6439191881672296
10 0.4019790785898749 0.8537867401695042 0.3541371820292625 0.852070857604464 0.3581362720390189 0.7406094416156618 0.4059768884875439 0.7423253013751127
14 0.427883062298406 0.7328412882175999 0.40809597487418614 0.7315289258445379 0.412196547255121 0.6697142132126042 0.4319833729191487 0.6710265668599262
11 0.43127139840419204 0.583458596551577 0.40206305004392107 0.5881596064967612 0.3904403578575284 0.5159511585235899 0.4196483549428649 0.5112501774184623
11 0.14745197427214407 0.7970245569610411 0.10415086745626922 0.768570172238965 0.1488063784534006 0.7006269880601513 0.1921068925023519 0.729081108576606
7 0.6882604453951444 0.8120618310728878 0.6891918403588306 0.9036149861588281 0.5798611111110858 0.90472559114585 0.5789310378921755 0.8131737477987814