12 0.788855590978983 0.5307929216350007 0.8022392035825305 0.529526638544914 0.8050909194257656 0.5596643426481543 0.7917073072741232 0.5609306225604089
12 0.7679455167276501 0.5068810802435297 0.7810884597110999 0.5056327022432667 0.7862088561981864 0.5595357563061466 0.7730659140037233 0.5607841288069958
12 0.7346060213919827 0.4362978697768734 0.7007261700061918 0.43649355841983783 0.7002165153462556 0.3482225124919583 0.7340960090343742 0.3480268248826954
12 0.6395400742434276 0.3977803620291058 0.6183286991815748 0.3885924085058929 0.6454712442650816 0.32593371586597614 0.6666824803265854 0.33512163491568964
11 0.673939622333819 0.4425023820903035 0.6615779997060827 0.43625276680115427 0.6795878266741511 0.4006316909372521 0.6919493968567849 0.4068812903173492
11 0.6579914855608422 0.30202424115911464 0.6768094619653766 0.307820368032066 0.6671678822584681 0.33912220401745835 0.6483499099236951 0.3333260864000079
11 0.7311623926904076 0.48561580246858765 0.7189253782886453 0.48655780684122507 0.7170621482979413 0.4623551085210904 0.7292991200336019 0.46141310579714284
11 0.8298169228977486 0.547351589722222 0.8066110279803524 0.5452316467892153 0.8113741683896478 0.49309758910579815 0.834579872723566 0.4952175233006752
3 0.7131629424287667 0.26551151809413065 0.7441301012913755 0.26083985676544624 0.7561220208591521 0.34032893785406104 0.725154865823697 0.34500058192141375
14 0.724821964375792 0.14439502161865317 0.7005774754084086 0.12827228260464557 0.7295182825930624 0.08475290117968717 0.7537627400378142 0.10087562593594414
9 0.7763322767921181 0.20097222000102472 0.7572626975093044 0.2010127834910997 0.7571874050294127 0.16560642443358262 0.7762569462610145 0.1655658609842282
9 0.7513570259051221 0.1160635626737149 0.7626436954925566 0.1192934194683749 0.7555867834535093 0.14395353330223765 0.7443001145371682 0.1407236781443169
9 0.7529567770146741 0.09637665284085371 0.7616409527313408 0.09110777531648565 0.7762059217166097 0.11511371430967192 0.7675217478323475 0.12038258945177521
9 0.8003462866458904 0.31526633801388115 0.7853873012918484 0.3164464535358161 0.7825627279078162 0.28064321977935 0.7975216643668546 0.27946310620441606
9 0.8454753995779356 0.2818493330320228 0.8618327661940839 0.2763234507920014 0.8739546903319706 0.31220507590103236 0.8575973282322593 0.3177309486755418
0 0.8178971787202727 0.3253145779131721 0.8401975952192515 0.3220095319789255 0.8448860498310751 0.3536432605348262 0.8225856345248985 0.3569483010061483
0 0.8466091040050969 0.320048578388113 0.8339880348362385 0.32474128456670215 0.8242597539815506 0.29857773208769434 0.8368807931822175 0.29388503206961425
3 0.8356598790529688 0.48505597439586173 0.8508041642614899 0.4842188731081883 0.8525929519720421 0.5165780106551016 0.8374486669395083 0.5174151098725628
9 0.7048525689118605 0.249623134536378 0.6964612344953593 0.25027695005641376 0.6948214202100189 0.2292311939539243 0.7032127417653555 0.2285773789372039
9 0.668884981092674 0.2761346977762062 0.6785369916482296 0.2782472234638585 0.6746200746516706 0.29614295463815654 0.6649680646384013 0.2940304306365112
9 0.6995150242208865 0.11648343226352079 0.712810142293506 0.11685886146439875 0.7121959600744958 0.1386088639811483 0.6989008420091523 0.1382334349394436
9 0.7081914881584908 0.05639514600957219 0.7147930128783173 0.05828428199406392 0.7074747585845671 0.08385764937431914 0.7008732340848383 0.08196851392573135
13 0.6604408724494988 0.2681253066382076 0.6487400540656836 0.2582255259248552 0.6789863097643547 0.22247734961127244 0.690687103546793 0.2323771131656527
13 0.6949362839631021 0.25348470698499154 0.7062229705387608 0.256714513594558 0.6955935619148477 0.2938585782312446 0.6843068774978747 0.29062877680771393
15 0.6773834848955858 0.2647179049342127 0.6702259364882366 0.26221423951988204 0.6742701600325063 0.2506527453784897 0.681427702143651 0.2531564095881222
14 0.6772578267919016 0.24394422480210173 0.6843755469193411 0.24277177344213202 0.6861596031205863 0.25360222425902984 0.6790418831122906 0.2547746751316073
15 0.7464317678252428 0.33015030533719475 0.7654530821031358 0.3182775772284702 0.7845577976862614 0.3488842340960443 0.765536500587018 0.36075694002705705
15 0.8638668224115236 0.3899784644669294 0.854298956291359 0.3895439398944233 0.8552104641968299 0.3694744433462898 0.8647783081370335 0.3699089674146674
5 0.8481699086941035 0.3963923738652849 0.8500122984311247 0.3841138114154339 0.8636641643793155 0.38616216951593146 0.861821785924235 0.3984407218604076
13 0.8454447918077221 0.32312061947382764 0.8668158880727788 0.3202917206992351 0.8730107840239043 0.36708982499749326 0.8516396891305931 0.3699187167599013
13 0.7978657533905107 0.24035582134849492 0.8119127079985446 0.21317312902101807 0.841819498046334 0.22862754801217824 0.8277725817441706 0.255810207510655
13 0.7683299351311916 0.2906281221762676 0.7556602081901929 0.28340368267229155 0.7722198970939189 0.25436313220424184 0.7848895962382585 0.2615875617259071
13 0.7585913945622451 0.27825892771880967 0.7487613015803163 0.2714020879682765 0.7671989394975753 0.24497012932140333 0.7770290144159162 0.2518269601847412
5 0.7024721208459823 0.354172006821978 0.6942942901855531 0.3541821798574017 0.6942685525566503 0.33348557390502276 0.7024463655191084 0.3334754008805949
5 0.6945437416158029 0.1762907991066709 0.7073371185591668 0.17898560674823846 0.7033450718219001 0.19793731864200764 0.6905516953321467 0.19524251249417562
5 0.6706413743785333 0.18761257199909845 0.6768323851929381 0.18938421313097087 0.6696307761925482 0.2145499797307001 0.6634397659582874 0.21277834001010068
5 0.7174156266423779 0.20129036393778751 0.7127647162938047 0.1994455535850007 0.7238928834266289 0.17139089620786407 0.7285437866576103 0.17323570497588697
5 0.7761209884230311 0.3352716380314971 0.7671812370867883 0.3342529735345904 0.7704752690417536 0.3053457408900665 0.7794149953082297 0.3063644039470477
0 0.6567360307740273 0.3007827523805841 0.6468149361621727 0.3008112421229984 0.6467535281086612 0.27942370381301623 0.656674603990723 0.2793952140974739
0 0.7938190331565238 0.15869446021218628 0.7977462312468333 0.15691894965585207 0.8036492926275969 0.1699756476340531 0.7997220949250732 0.17175115755371279
8 0.8034059734674202 -6.051042631259775e-11 0.8034059735980463 0.015623584936689174 0.7888686570530581 0.015623584819607936 0.7888686571671997 4.975857441245466e-12
8 0.8407503059552255 0.08344361997439519 0.8267552855351141 0.08592717317250537 0.8225805807882125 0.06240240016307467 0.8365755937472841 0.05991884765456701
3 0.7529928715852066 0.3882260431405497 0.7809490154036212 0.3851939142306076 0.7873687275372276 0.44438046292298 0.759412585618179 0.44741258034943876
0 0.8112504617394052 0.39697051237484365 0.8491714320183519 0.3866457616376821 0.8731608102840482 0.47474970221380797 0.8352398653199771 0.48507439036069006
10 0.22617315482170852 0.8320382743147208 0.22778448643089177 0.8463727530829012 0.12399902935214868 0.8580359466616253 0.12238790848277858 0.8437016609225146
10 0.2781593663411286 0.734196848753552 0.2995701383224514 0.7190506276227722 0.33356798103761776 0.7671020570122389 0.312157294419535 0.7822481761081197
10 0.498206982164902 0.701116780857894 0.5949116385762636 0.6840198835525179 0.6074754108250318 0.7550729059973147 0.5107707937677333 0.7721696655830086
7 0.4071588142770679 0.7062961408751621 0.40459723343701626 0.6814243274133576 0.48116429406718453 0.6735395010426587 0.48372605201132046 0.698411113794321
7 0.2325604907186971 0.6598059115187817 0.23454112386241377 0.6847178710044803 0.16170496889606056 0.6905075408288575 0.1597245358091186 0.6655957679045248
12 0.8279937911081561 0.5596801267215525 0.8279945206396633 0.6118914541989743 0.706612620880037 0.611892444538959 0.7066124575596859 0.5596816976127016
0 0.9032608443073968 0.868503434057027 0.9246241293997173 0.899941418376076 0.8857181191473273 0.9263727883162457 0.8643550616412767 0.8949350063401834
0 0.710938245522243 0.8746259995398706 0.7098993603472081 0.860617165608248 0.7495567520293207 0.8576768029685605 0.7505957046736285 0.8716855634171319
7 0.7921856450298037 0.8762781359128662 0.843231228877471 0.8741723749326133 0.8450437309180643 0.9180984720245196 0.7939981478358504 0.9202042203571987
7 0.6586593375332086 0.9364107393899056 0.668903933143838 0.9193657881628414 0.7068793102944255 0.9421841266277046 0.6966348385331003 0.9592289699486817
8 0.8855723434986658 0.6848059250755347 0.9432992610352358 0.7861083670855614 0.8066847263163481 0.8639411413386011 0.7489599709392678 0.762640568500925