12 0.31022084658093263 0.5582329233013631 0.31022110686637916 0.5189020361414576 0.36867344865049745 0.5189024108370331 0.3686733770050523 0.5582331077632091
8 0.6687569005243859 0.47639199067292576 0.6936698966328549 0.44878985603153776 0.7654666389988733 0.5135872396661733 0.7405538537518623 0.541189173478668
12 0.698026957684533 0.4430819322213185 0.6981908345408101 0.34624546001893575 0.8034196991784484 0.3464235075709393 0.8032564354264196 0.4432593673208458
12 0.6879092752816405 0.26739125425282656 0.6503062900475243 0.2713188954982801 0.6381871633997207 0.1552916692259975 0.6757898693998641 0.15136404265445955
12 0.6632787071953317 0.4197237575740484 0.6310690543868986 0.42817657555265104 0.5930184881572131 0.2831889655533691 0.6252276525567595 0.2747362147368245
11 1.0000001595877848 0.5582329317269076 0.9577833427940732 0.5582329317269076 0.9577835668953867 0.4864494738955822 0.9999999036378995 0.4864494738955822
11 0.9319102840820506 0.12679715350687776 0.991169300100637 0.11696045257787296 1.0108228555944834 0.23535795691673844 0.9515638482948816 0.24519462548765758
11 0.6895880395136373 0.09663494308866846 0.6352381577902406 0.08864549659298494 0.6491043983269265 -0.00568217923468535 0.7034542110088751 0.0023072621908721857
9 0.8862319605186713 -0.0013578537970517664 0.9575990441176145 -6.460501696722769e-16 0.956021904265981 0.08289245796678761 0.8846548204641067 0.08153460494492272
9 0.7569785030617595 0.056906506662148706 0.7375428060677223 0.058635642457315694 0.7323470929036375 0.00023515704895857818 0.7517827789005196 -0.001493978220875362
0 0.5989304812834224 0.043901002008032125 0.6179787580213904 0.043901002008032125 0.6179787580213904 0.12807160040160642 0.5989304812834224 0.12807160040160642
0 0.6103213269199159 0.21457620093470806 0.647454915354615 0.20526008873938245 0.6745597835548551 0.31329674959391907 0.63742621013796 0.3226128197255836
0 0.7521763873955933 0.4703273735178763 0.7717881868226186 0.46114935113015254 0.7885420193417758 0.4969468195810941 0.7689302365972708 0.5061248152289445
14 0.3232075161498642 0.7612046668651137 0.35255827165258324 0.7581781895930473 0.35804034258114825 0.8113334702294022 0.32868959019003796 0.8143599281423718
14 0.2623479326744018 0.859606091458749 0.2503303311049194 0.8275224898749967 0.2816279225355629 0.8158018264073227 0.29364558284078157 0.8478852907776222
14 0.21074096709935475 0.8263531244257789 0.22822087493409526 0.8069889621607729 0.26092615040738565 0.8365056781959298 0.24344635490672317 0.8558697324286546
14 0.23539005112547784 0.701415037458727 0.24139858250043744 0.7174569534448025 0.21534525919059888 0.7272136964614069 0.2093367851499579 0.7111718291028799
14 0.1521823456647553 0.7668029809191291 0.14209825039006319 0.7627696505186486 0.1594317846543163 0.7194400717816124 0.16951578421685554 0.723473380575472
14 0.1045566143849328 0.7608956131402482 0.09560937304490835 0.7626143183071359 0.08741106358104389 0.7199425521092346 0.09635821925132859 0.7182238554216779
14 0.08791070063386996 0.6751795617494303 0.0746208064373377 0.6752167436986493 0.07449628869437674 0.6306916916657792 0.08778606533235234 0.630654509880882
0 0.5592841657309009 0.5582329326218816 0.5853581980743456 0.5539051566232712 0.5924718217085001 0.5967591410674502 0.5663977935193998 0.6010869005208287
0 0.4009389978442641 0.5582384104064131 0.419273718252839 0.5544209970908301 0.42558000631515824 0.5847066179158892 0.4072452890893601 0.5885240209507421
0 0.3985487388996489 0.6337151805602791 0.4188976688783441 0.6240290879057775 0.4377363929741023 0.663601268379078 0.41738748982766083 0.6732873189969412
0 0.3657012028911595 0.5738126274300458 0.3773537119949424 0.5609025637702115 0.39740772079301223 0.5790013324609805 0.38575524359873725 0.5919113654716837
0 0.26239732451972486 0.5497738372943716 0.2892878957082985 0.5605300223883863 0.2702491437947856 0.6081222620629365 0.24335859948735106 0.5973661256130146
0 0.22337137559020448 0.5582326751112762 0.2233717508031532 0.630150736964045 0.16376262769472305 0.6301506844744263 0.1637626400006411 0.5582330093487082
0 0.2973410412253088 0.7439735866602226 0.278154512759329 0.7414022833580006 0.2832102531472174 0.703684093268007 0.302396623325194 0.706255385844897
0 0.08989257484677182 0.6433308472218412 0.08205219658452734 0.6097044781116573 0.10828446936466207 0.6035888534044921 0.11612490682603038 0.6372151363202283
11 0.5023903516040491 0.5582328702756294 0.5023903835673309 0.5701672603073568 0.47822469568654924 0.570167296848297 0.47822468850267796 0.5582329317269006
11 0.49474885876861663 0.6481879373914502 0.48273222363172863 0.6161040191246401 0.501077201354633 0.6092339827166539 0.5130938623744896 0.6413178404692453
11 0.31452350220047265 0.8288450611440015 0.33469178272343925 0.8369113434604042 0.31648494976400343 0.8824241334185399 0.29631669762125057 0.8743579026521996
11 0.27302339975619816 0.7689518505628136 0.28623388361143043 0.7686012563231419 0.28681025375749414 0.7903150465582875 0.27359976993864166 0.7906656398939576
11 0.250712645837325 0.7695150439431431 0.25048773152286685 0.7471779191901002 0.26495300863211924 0.7470322995282622 0.26517795989218484 0.7693693869481797
11 0.139322218895245 0.7583692048628394 0.12923837418748008 0.7571303405052322 0.13116832199989403 0.7414242311171421 0.1412521306325516 0.7426630932322015
11 0.1350135643131125 0.729981832152376 0.12558648030153563 0.729456712254021 0.1265871191393444 0.7114961705806137 0.1360141659722558 0.7120212894404805
11 0.1244155684278212 0.6547567888310449 0.13549334907838784 0.6603216423132884 0.1256451558521121 0.6799234735473929 0.11456738334925376 0.6743586324549119
10 0.3132529548687444 0.6337004247944498 0.32689774585605846 0.6209248532937983 0.35618208697042064 0.6521977458113617 0.3425373481667293 0.664973263604359
10 0.37997845910251726 0.7124388565137993 0.36152267721422504 0.7044917662514577 0.38307712749644907 0.654442666757964 0.40153272603470214 0.6623897118126764
4 0.20622262564415905 0.8902173886969051 0.187475159836481 0.8908091979243792 0.18634983405740968 0.8551659201300721 0.20509712216824028 0.8545741137102905
4 0.16025354676798997 0.9179034845239548 0.18076834573810174 0.9173282034708624 0.18186756081843214 0.9565163646149857 0.1613527619837214 0.9570916424479605
4 0.16404223492247638 0.867431429109853 0.1520031134449482 0.8699602625528202 0.14607829483861678 0.8417598420538893 0.15811732884094454 0.8392310181090505
4 0.09666953528892464 0.8671290064362427 0.11328200334151006 0.8711768284790609 0.10732227045855325 0.8956301119725799 0.09070980723799948 0.8915823036029344
4 0.09764001455187099 0.7731990772836607 0.11402884040364825 0.7720706680893155 0.11693538466636255 0.8142768424449053 0.10054655941428337 0.8154052458679149
4 0.06831318524075414 0.7900283110048042 0.0831894278691152 0.7967934783219646 0.07163651792313885 0.8221926875972687 0.056760289456860846 0.815427543455444
4 0.05517044311409336 0.7417938242200928 0.04090905653072241 0.7349052645320076 0.05315271051904347 0.7095614085997991 0.0674140220131676 0.7164499468205244
4 0.022892665120707534 0.8648400202441219 0.007776381533972199 0.8599476934936288 0.01404597771409044 0.8405803678170108 0.02916218748441679 0.845472681682503
0 0.5883035579456646 0.6000247441018219 0.6628760245336025 0.567953836405677 0.7699195918726218 0.8168210153773012 0.6953476804501406 0.8488909828580377