12 0.407936774797804 0.1987385288284735 0.3710978145199988 0.23954863834386944 0.3285274079150895 0.2011210727988061 0.3653663133198961 0.16031103473335884
0 0.761456543741474 0.4641258658919918 0.6091676468269043 0.30528793205278304 0.873973997052758 0.051405239986516575 1.0262614465593742 0.2102414714535391
4 0.056946724102999724 0.6925058355199666 0.10280968841630056 0.7093083284408654 0.0675739774980002 0.8054689377519777 0.021711111821900886 0.7886666422010501
4 0.3525751696321322 0.8039852074972831 0.24527377735455502 0.7008539985276009 0.4162628540228752 0.5229776944603943 0.5235614964370825 0.6261063760460841
7 0.5193412413347005 0.8705569108352145 0.4942918504601721 0.8705569108352145 0.49429234459387317 0.7486472246049662 0.5193409742120139 0.7486472246049662
0 0.8812334402533679 0.8335831072012555 0.8908184324105832 0.8365413913770878 0.8793254403035462 0.8737710710120958 0.869740454728003 0.870812801823574
4 0.8282338651574719 0.8869279490007217 0.813695164401679 0.8809819794192274 0.8403799556554077 0.8157491051140833 0.8549184202904598 0.8216950200517306
4 0.795924041100875 0.8496136845695638 0.8082408157787313 0.8633114289826511 0.7903469915410142 0.8793975418890743 0.7780302620499242 0.8656998408363445
10 0.8506776308738608 0.8512161986690376 0.8621415824229643 0.8547543746709942 0.8507559090194263 0.8916363364077656 0.8392919654237403 0.8880981785140486
10 0.8216001926415402 0.8843971557567111 0.8345611175305976 0.8883972827157165 0.8222664334198271 0.9282237609954336 0.8093055185619278 0.9242236570038281
10 0.7750979975031669 1.0036570060566663 0.7608486811805051 0.9991257434501276 0.7724725894506719 0.9625834930309068 0.7867217542940352 0.9671147297322827
10 0.7952599115869816 0.9629643037021995 0.8032422910674768 0.9643375568186144 0.7996913327066295 0.9849724557039595 0.7917089543053635 0.9835992068537357
10 0.7103285717573726 0.9628569328573516 0.7184013522826262 0.9661060891567267 0.7128521405362562 0.979889575158133 0.7047793639588917 0.9766404260019453
10 0.7600203767458424 0.9348883292918928 0.7520178331799343 0.9356358472730838 0.7505505976840823 0.9199323149018295 0.7585531058053903 0.9191847985874559
10 0.8926052428679441 0.7625959864071803 0.9053997126507056 0.766680324032641 0.888688163478264 0.8190205512692004 0.8758937059232039 0.8149362406650982
10 0.9078699360197788 0.7469628432506916 0.9153812313933258 0.7493753965847474 0.9106780320491907 0.7640158982605926 0.9031667386082063 0.7616033491931324
10 0.8975233103188884 0.7424627267460954 0.9027668837508145 0.7439293988272343 0.8979663160778273 0.7610892055989658 0.8927227438441605 0.7596225365110512
10 0.9347173285912049 0.7331913968340897 0.9232131474525431 0.7296405373364053 0.9333724433223551 0.696731467699808 0.9448765441302385 0.7002823139085246
9 0.8617816663002031 0.8243307890245896 0.840453096139754 0.816134349002944 0.8597478623635197 0.7659361419036738 0.8810761853591202 0.774132529247335
9 0.7369817837462733 0.8613154338133326 0.7540165765619804 0.8631788959485741 0.7501752735464606 0.8982858646347446 0.73314048217253 0.8964224113179489
4 0.8803039051656469 0.7710233997253629 0.8671486208446595 0.7651506390808591 0.8828376090849588 0.7300127029406006 0.8959927936963368 0.7358854379232682
4 0.9120449620853606 0.750599615174473 0.8955860653217087 0.7464842087597475 0.906421385972294 0.7031574778115142 0.9228801280628431 0.7072728640284188
8 0.8703120452908024 0.9418212640834278 0.8584481071960681 0.9381597225587909 0.8722010066377379 0.8936100756332234 0.8840648012675274 0.8972715934721976