4 0.565191281199759 0.28862391556682115 0.5461625175925064 0.29083277141143526 0.5418678050340304 0.2538354579914834 0.5608965114956845 0.25162660546586746
8 0.7993418037589208 0.2657658548875559 0.8172502492784588 0.2463686359484744 0.83040630664334 0.258514701167978 0.8124978755307666 0.2779119061837054
8 0.7874247124589147 0.2839435972447601 0.77201872215187 0.2856879330023379 0.768855934425801 0.2577546372548633 0.7842618893465669 0.2560103035195653
8 0.6826307392127546 0.3546976911162603 0.6624508537151996 0.35562277513170326 0.6608810802536027 0.32137989383030247 0.6810608948355821 0.32045481143963034
8 0.8417577148271675 0.30271902598377287 0.8507347053711101 0.2773348787045447 0.8707500289493737 0.2844130320260253 0.8617730668630657 0.3097971551248789
8 0.637699465626838 0.31722601033911285 0.6171277674461635 0.3172291158649405 0.6171237203294595 0.2902728892687015 0.6376953674725883 0.29026978374671253
8 0.782372700329347 0.2982850459372892 0.7989750929751835 0.30546938214050434 0.787411669405742 0.33219066914198586 0.7708092826924258 0.3250063429852575
9 0.800475770314506 0.1296821588691861 0.7291469767573062 0.14500562984823775 0.7107259717200805 0.059258064890430416 0.7820545956434444 0.04393461242868534
9 0.9446144061745372 0.1999487370149033 0.8857698957800721 0.17271019881332547 0.9236118555462554 0.09095958874214068 0.9824561491499253 0.11819806644526963
9 0.3064699436408773 0.7800560008722273 0.23038412728431013 0.75673081482033 0.2833413233004194 0.5840176375129966 0.35942441974816575 0.6073423716748942
9 0.23912249284069276 0.49535745879695997 0.2728298161727025 0.4563762494592528 0.33285039985401 0.5082726689811392 0.29914332819873835 0.547253639835439
9 0.3065839406159512 0.3995663484142401 0.30658410454896057 0.4409139819544695 0.24470754705953368 0.4409140365628707 0.24470754708136155 0.3995665679150332
11 0.13517535188998409 0.5792405746524509 0.18197201837938337 0.6269842748505675 0.12712965029390944 0.6807319545262668 0.08033333785215291 0.6329886054606516
4 0.5079990495574975 0.40731400650288935 0.5185409434409394 0.4058832138638916 0.5224852013584496 0.4349424507279868 0.511943308023433 0.43637324067325134
7 0.775742525927285 0.7041681065846519 0.7803864850164928 0.7752931715951772 0.6809307903052968 0.7817848184059533 0.676287679693246 0.7106605530211121