0 0.5994694960212201 0.11564276855123674 0.6425093030503979 0.11564276855123674 0.6425093030503979 0.16978448763250883 0.5994694960212201 0.16978448763250883
2 0.5994694960212201 0.2703971828621908 0.6199777811671088 0.2703971828621908 0.6199777811671088 0.30442533127208476 0.5994694960212201 0.30442533127208476
9 0.7602707131173929 0.2923422726895663 0.7915738602043803 0.2897233143339784 0.7951195585865207 0.3321021260466347 0.7638164121444788 0.3347210791016674
9 0.8943339099598688 0.5258254844964508 0.8554082588127585 0.5784851237618082 0.805348144345885 0.5414838975408479 0.8442736970104079 0.4888245199819138
0 0.9774748010854637 0.5092417270069174 0.9483478543014598 0.49610506122732795 0.9778253460950737 0.43075155169802354 1.0069520415206625 0.44388815260351183
8 0.5184462934612384 0.7872962613793447 0.4608484921531044 0.7613211639407954 0.5060441920724088 0.66112096454484 0.5636407905473106 0.6870957482030765
4 0.4635044412040088 0.9091059455387931 0.42639271575399107 0.8923704052466467 0.47811419715446846 0.77770286502027 0.5152248810338733 0.7944381325157802
4 0.38022351222866746 0.8937693574825851 0.3389108531648617 0.8518199598184681 0.41820386735082593 0.7737474651608632 0.45951596753445756 0.8156962798302007
4 0.09696924272532215 0.8734495181430812 0.17100901516050726 0.8438606688113023 0.22928865977621626 0.9896566912999978 0.1552492550746365 1.019244881798134
0 0.06736366527968585 0.9526491259632375 0.01858713786532462 0.9633617695680913 0.0010406676366301326 0.8834877805894625 0.049816119685260674 0.8727752592822295
0 0.9988786862410279 0.5959722630803235 1.0608393589743628 0.6188911243994151 0.9347046641084944 0.9598335873538484 0.8727444766823282 0.9369157182848254