12 0.3184830556704128 0.08236941143362095 0.35899304664690135 0.061488869415491657 0.3971325936198582 0.13548256533268307 0.3566226223482545 0.1563630786322393
14 0.7115319533132833 -1.5240838168497447e-10 0.711531963317384 0.03916843454888278 0.5736575175860708 0.039168434214220206 0.5736575226446803 7.316302614414616e-11
14 0.8760583004334421 0.2227749870398019 0.7852291715134925 0.21206082957873698 0.8015664180823023 0.07356549833219123 0.8923950020614484 0.0842796241272751
0 0.846381219879504 -6.249127567503291e-9 0.846381234640603 0.06365287395477505 0.777249312357867 0.06365286620424757 0.7772493189837633 1.624542034033105e-9
0 1.0000001443931978 0.18365851583710405 0.9218818847339207 0.18365851583710407 0.9218820725384376 0.06054323303167421 0.9999999905380719 0.06054323303167423
3 0.06397130283971819 0.8346691867403679 0.1037481936958784 0.8291198006165004 0.11385045324425391 0.9015145363185563 0.07407357354179567 0.9070638687542664
0 0.29235997830710403 1.004037861363442 0.2606972881214915 0.9998375668011042 0.27339509784439997 0.9041497932945677 0.305056915562659 0.9083500293961134
8 0.43837258394705714 0.452635743387858 0.40307825061381664 0.49444974451656193 0.31254911868575164 0.4180401017799048 0.3478432420545232 0.3762264340276763
8 0.3887515586728796 0.48159022188748324 0.3678826630267622 0.5035189399191877 0.3203467327417684 0.4582834023899699 0.34121553463853616 0.4363547895927979
11 0.4407487143648723 0.5615504568205605 0.3931004746597182 0.5905872221222385 0.3421332296181845 0.5069588582534689 0.3897808744656004 0.47792233020432473
13 0.46607643205732074 0.5499394053209239 0.43477293108583126 0.5749915727069537 0.3914033900061895 0.5208044836488691 0.4227066616496131 0.4957524595419647
13 0.26034026324077786 0.4170452099677044 0.23981270075069006 0.4349880014923628 0.20985326551738126 0.4007144320367565 0.23038075815304637 0.38277169234997377
0 0.2842922755485233 0.4195910768494913 0.27767951805867597 0.42863174068555976 0.2545177724853147 0.41169104559042785 0.2611305240964157 0.4026503981900625
5 0.20058517080474303 0.9166360866577832 0.17133654679764732 0.9121634776322618 0.18427126690994555 0.8275989591885161 0.21351923565373454 0.8320715171373687
15 0.3114319940258383 0.8148450018356609 0.2675642263428699 0.8228880075296836 0.25157660946467786 0.7357031045080537 0.2954434771927481 0.7276601836642356
15 0.05353896292888294 0.7173112438696486 0.030963649304226237 0.7156969528601412 0.03585841782012267 0.6472573233668527 0.05843341147897263 0.6488716029106885
0 0.6469393021178576 0.9233221817155737 0.4988709023670026 0.8934303896246973 0.5427106780103941 0.676336743241565 0.690771485868936 0.7062277549598652
9 0.8610323342846868 1.0085691124180498 0.7770402691959362 0.979487525004209 0.843840093951826 0.7866148824717136 0.9278279606859314 0.8156956856683083
4 0.9384224754116985 0.5766198629927155 0.9911623075612397 0.5579193731946412 1.0276910263351056 0.6609278494717218 0.9749512919227072 0.6796281475965564