4 0.08631873131639622 0.42228995552329157 0.07360688666074111 0.42175420361993593 0.07683608806541997 0.3451396320469586 0.08954781873558204 0.3456753815422828
4 0.06007151950018397 0.42031464788104295 0.07263602053251361 0.4205886020125844 0.0705201013555552 0.5176258662496535 0.05795560038120584 0.5173519140271505
4 0.11839762222030004 0.5424948391118052 0.09421320522494625 0.5436536425448794 0.09098238115643653 0.47622904127614024 0.11516654394642956 0.47507024396543635
4 0.20803749334163513 0.5145695138081975 0.22458034536020932 0.5023003525496853 0.2540527295842594 0.5420354852640166 0.23750991974748104 0.5543045975586997
10 0.06262026005902044 0.3034293716060859 0.06862993673325946 0.303560410739841 0.06798667793930235 0.3330604620237033 0.06197700127063399 0.33292942307692397
10 0.08230740426870398 0.42942451251362934 0.10122223519147155 0.426963540119321 0.10469000429361586 0.45361497684594604 0.08577517422884284 0.45607594479859603
10 0.08775019924974004 0.5771248588986763 0.10029549284558925 0.5765578132315282 0.10096622617527373 0.5913955565610872 0.08842093263058359 0.5919626014789513
10 0.11072398880492074 0.5679699468990381 0.12263989504833717 0.5670623123767402 0.12456200554913721 0.5922942360649835 0.1126460995370735 0.5932018685561077
13 0.06177539545058153 0.34217504316999625 0.07363571482164843 0.34243365156563155 0.07287809125546119 0.37717851299846467 0.061017771900651496 0.3769199050938949
13 0.09226467001292349 0.3609136721120052 0.10604545036596846 0.35900123167080444 0.11026528868831065 0.38940752725684125 0.0964845090286417 0.3913199643440002
13 0.07742566591980449 0.4335442103677542 0.08507465460331787 0.4338022565339537 0.08428477793120237 0.4572143341003579 0.07663578926792525 0.4569562883444987
13 0.125158090481591 0.46019131410781744 0.11746705831251347 0.45811049938420223 0.12109914316215509 0.44468659013174416 0.12879016136162136 0.4467674028599554
13 0.13714869215596082 0.4333858765992537 0.1450247298053 0.4266776813254023 0.15786800108764965 0.44175599568067886 0.14999197167912826 0.4484641820960287
13 0.1716919545408473 0.47389889966655496 0.17783219914952042 0.4680537608256204 0.18785179649921702 0.47857850114691386 0.18171155792322224 0.4844236338276307
13 0.17448400449757173 0.5797707779628753 0.1496518641512239 0.5828701958509623 0.1447001431776016 0.5432007551874135 0.1695321169448789 0.5401013477643546
8 0.06709110755048187 0.1993018903936752 0.08352476592165203 0.19659170954159128 0.08977428717776093 0.23448626660400984 0.07334062967584032 0.2371964440223974
8 0.1043103329357109 0.38469809583327 0.11869899536281991 0.3850537908553657 0.11797666113409377 0.41427243760246724 0.10358799872938107 0.41391674321267063
8 0.14673717404582476 0.4499916574186129 0.15696661041374682 0.4469208004779553 0.16744468905983467 0.4818224288979096 0.1572152561107032 0.4848932778989646
8 0.12358876772952954 0.5014968949059929 0.13746537922668267 0.4965191653043173 0.14516198473029363 0.5179736221278646 0.13128537765589954 0.5229513429214585
8 0.1897451153779457 0.55375475255484 0.17485240019368575 0.5562247575089996 0.17058354788525776 0.5304881463840406 0.18547620024185107 0.5280181467458508
12 0.10411469193331868 0.35556628119688316 0.14497913723278089 0.34802236164908557 0.15349165124314368 0.394131680102729 0.11262721175774004 0.40167557947525895
12 0.19305930494306267 0.5222138929779767 0.1640300887787589 0.5147122495085241 0.17549856201640068 0.47033629646983566 0.20452758701503626 0.47783791401349923
12 0.10841027864216812 0.592116116615853 0.09936811741317797 0.5908979160617588 0.1020714577812214 0.5708344618853276 0.11111358710559216 0.5720526602642634
0 0.06913446276666946 0.27803266069281996 0.09797792604786082 0.27272006793170966 0.10830276875230993 0.32877487955597245 0.07945930941355073 0.3340874583745081
0 0.09198301851085944 0.2313429234877082 0.09787013593074789 0.27579576902298547 0.07154667364852685 0.27928180805224273 0.0656596067145756 0.23482900778826482
0 0.09296715126492927 0.39530563223175985 0.10068952083565819 0.3964315178345496 0.09823068815740044 0.41329564565682464 0.09050831884235322 0.41216976123433396
0 0.1251068215583473 0.41636331865823417 0.11519110571009605 0.4168967080622707 0.11422907257872339 0.39901319241561717 0.12414476648939399 0.39847980360165447
0 0.08675979572922188 0.4564287302092331 0.10945373997515162 0.4404544552100005 0.1413800489269761 0.4858077758778929 0.11868615730907095 0.5017819874494048
10 0.09689637278347618 0.3914837760108731 0.10707220764209069 0.39196844115351914 0.10612045707591733 0.41195004374677746 0.09594462225948064 0.411465379197106
0 0.20121829796698876 0.5970021300904487 0.20150734132118941 0.591834353809098 0.2071315633386348 0.5921488935628189 0.20684252275725612 0.5973166672040652
0 0.18850211796029726 0.5641833892125552 0.1957673238089228 0.5642512022890975 0.19561938899175857 0.5800987416106635 0.18835418314438357 0.5800309286278144
4 0.523695734960711 0.5792383881009519 0.4845524203002469 0.5753324836781873 0.5036020469508458 0.3844481614370223 0.5427442598476091 0.38835401018100024
11 0.688799222674902 0.299676987003119 0.7299538876274028 0.3015240561734315 0.7262934040999198 0.38308074093949007 0.6851387395233814 0.38123367967669386
11 0.6852344841578315 0.4212153065637431 0.7291209759116555 0.42492829865364096 0.7232517007229262 0.49429713498809796 0.6793652112168047 0.4905841609421842
11 0.6525673403040173 0.5069565002040889 0.6004188935395405 0.49773596878654225 0.6274985147178995 0.3445949668713069 0.6796459155514185 0.35381540252839744
11 0.5347436603462938 0.5733495806740626 0.5161165857489323 0.5699214874261418 0.5271583948397165 0.509930102708664 0.5457852875763365 0.5133581788499767
4 0.13789504326041424 0.9993836809408494 0.0557262774108267 0.9440801335196501 0.17203208216380972 0.7713213901381334 0.2541975542974342 0.8266234146545283
12 0.36899325591025445 0.7743500857271174 0.28879927016623697 0.7669901403901216 0.30408818742535004 0.600442835876021 0.38427938184497634 0.6078026522978351
14 0.5777501774825851 0.9387213225495467 0.5453955104114812 0.9061952836138945 0.5777210357163085 0.8740483019482391 0.6100755012882928 0.9065741367040822
14 0.5917454245218323 0.6931759918012438 0.6082751089904832 0.693717173142547 0.6072836924118974 0.7239941243743067 0.5907540080316949 0.7234529448029634
0 0.5988330493422609 0.5995474412367047 0.5988331072444453 0.6177294798431957 0.5681620750027605 0.6177295051000165 0.5681620687826126 0.5995475181125547
0 0.6670196594662912 0.5995474917842315 0.6670196655114751 0.6028222714558745 0.6530856403678627 0.6028222868040289 0.6530856385005563 0.5995475113121973
0 0.6428241671314936 0.6760166414883447 0.6371947653666439 0.675829987261418 0.6373826829278642 0.6701633592249038 0.6430120781502637 0.6703500133432406
0 0.5925710805596509 0.6746841211050509 0.5958397489630443 0.6639453261936324 0.6047581993907443 0.6666595507411361 0.6014895429840408 0.677398335416433
0 0.6146090736176575 0.8386526300886289 0.5995557623350578 0.8381598176524659 0.6001700944074173 0.8193996288913851 0.6152233343149192 0.8198924401574863
11 0.5882530583314747 0.632135777962385 0.5964493506700137 0.631342059641229 0.5978862335675785 0.646178124214397 0.5896899413960455 0.6469718413837268
11 0.5950653002341824 0.6393689734771203 0.6057651399975157 0.6392157429638345 0.6060435939691615 0.6586572587190155 0.5953437542127631 0.6588104889377371
11 0.6088885456033495 0.6554533069605738 0.6149293841380086 0.6611543715660392 0.6101449072302785 0.6662233170186636 0.6041040725961011 0.6605222564123719
11 0.5691533743339505 0.8365115009858677 0.5762508391279653 0.8364247875169915 0.5763836267548186 0.8472910664066621 0.5692861619629639 0.8473777797547108
10 0.5954477220693661 0.7335132546681183 0.618027646976202 0.7342525082930766 0.6171643657846744 0.7606163056975819 0.5945844409872052 0.7598770542937808
10 0.6461068340479414 0.7952103150012721 0.6235292992830637 0.79439264115285 0.6244350074001659 0.7693908294142106 0.6470124074176056 0.7702085008169993
10 0.5657887401872586 0.9467396280801008 0.5825474645652093 0.9463189294988454 0.5832826409701966 0.9755968471404914 0.5665239166618221 0.9760175439176181
10 0.5991023797478192 0.9279349602233622 0.6078830301039488 0.9270596460614511 0.6096901947432798 0.9451832677782447 0.6009095447257096 0.9460585796653237
10 0.6025717757203211 0.9946316562472989 0.6028023623433683 0.9884421105000059 0.6102999700558485 0.988721344012595 0.6100693906954575 0.9949108827436421
4 0.625041733025455 0.6440399883238471 0.6428719207975746 0.6347873854700682 0.6568372778208413 0.6616958349503492 0.6390071089977027 0.6709484099086147
4 0.5629459027954908 0.7749959423077306 0.5574568212701934 0.7590816265329515 0.5916253959628648 0.7472984051244939 0.5971145102176934 0.7632126546991305
4 0.6068228977666195 0.8097772197266544 0.6109228237284015 0.8228075190992836 0.5842182263354516 0.8312082067739734 0.5801183538959549 0.8181779529787228
4 0.5788412413311335 0.814347025854659 0.5858876294092852 0.8141022649691374 0.5861410087160266 0.8213952850342635 0.579094620649812 0.8216400456972764