12 0.6258951206225447 0.3624040125381318 0.5624218651356614 0.28143353036973334 0.6869486160742326 0.18381875977608028 0.750421572002324 0.2647886731001578
12 0.6004860554573952 0.011543887843160502 0.5996671947825689 0.027875182417704914 0.5491921647609388 0.02534433016958719 0.5500110276008172 0.009013037679410479
9 0.09349746354359922 0.3481513657181251 0.024112948486163077 0.26622095317566996 0.18204540277838532 0.13247521966446366 0.2514295486382707 0.21440502251834825
9 0.9168201856755331 0.005940699500588424 0.9150361248883883 0.020900220254481534 0.9017629261585398 0.019317268645677153 0.9035469872611657 0.004357748205779623
9 0.8313787919539664 0.12014513715711715 0.8191114537183921 0.11986261729772574 0.8198704296193 0.08690735877575452 0.8321377554528908 0.08718987849494016
9 0.8472664025787253 0.1986102677042182 0.8262447112213067 0.20481074249062786 0.8098897389245394 0.14936234079734292 0.8309113682576026 0.14316187590380416
9 0.8978146759443462 0.21649612882540611 0.8814115798098783 0.22038459850576894 0.8682105994083713 0.1646982258750899 0.8846136429979197 0.16080976271008363
9 0.8865615930814101 0.2539116746296087 0.8992208585622166 0.2542032184508645 0.8987322879635258 0.27541723564333953 0.8860730224909048 0.2751256920712239
9 1.0000000112036105 0.1714220119617225 0.9875694054164796 0.1714220119617225 0.9875694134079822 0.1383452685406699 1 0.1383452685406699
9 0.96119964206855 0.09288065998721358 0.9776566806297069 0.09325966842253695 0.9769061236814878 0.125849714129734 0.9604490851280616 0.125470705901513
9 0.8168679035842388 0.34689566849526987 0.8271069852322626 0.3460181343886985 0.8296578953268181 0.375781037942527 0.8194188138713798 0.37665857060834657
9 0.8894694408841133 0.4096889947452403 0.8894694576844131 0.3929508920644406 0.9021007329611166 0.3929509087714221 0.902100729106337 0.4096889984404616
10 0.8327057220711822 0.12539940199791064 0.8607312978397204 0.11611494654468767 0.8769081712686102 0.1649453371565878 0.8488826004148677 0.17422978202172953
10 0.8018977907539693 0.06710528983840762 0.7922702954858778 0.06787447442184782 0.7903687261381265 0.04407349086426693 0.7999962175604196 0.04330430643443762
10 0.935076506713358 0.12723478439117578 0.9477357682229695 0.12752632927037608 0.9471838032330879 0.15149323810766202 0.934524541728706 0.15120169337661588
14 0.7362357929262089 0.1265793645967733 0.7463632021812145 0.12681260025039895 0.7458580402330881 0.14874729712348553 0.7357306309816067 0.14851406157712482
14 0.7521793099550678 0.09425895703122227 0.7635726453661391 0.09452134674497635 0.7629022772598546 0.12362958692246673 0.7515089418535581 0.1233671973352375
14 0.8652416316348308 0.4096889952152618 0.8652416421571161 0.39856123285094086 0.875376448346401 0.3985612432033785 0.8753764447701542 0.409688998613456
14 0.9962343966971048 0.37641814882436864 0.9749465189204329 0.3759279016062539 0.9759415996682037 0.3327230817015031 0.9972293768577174 0.33321332775119533
8 0.7741478390211114 0.2643837032812663 0.80226846085327 0.2579841172091308 0.8197051096784662 0.33460110003446175 0.7915844954616205 0.34100066320399475
8 0.7848603266221517 0.32512513434003315 0.7734669750846024 0.32486274702870827 0.7740795638191003 0.29826442866677755 0.7854728864897425 0.2985268156448254
8 0.7672532648310835 0.07854763870329302 0.7766187210368116 0.07484195064821468 0.7855265978618036 0.09735494930446922 0.77616114233183 0.10106063615546061
8 0.9900816231764793 0.014677806037978736 0.9879586447696056 0.032479181772362226 0.9596887441535955 0.029107733512270237 0.9618117239914454 0.011306359449816372
8 0.8620269778099328 0.27428751780939553 0.8759521644611823 0.27460821038612565 0.8752734007605341 0.30408091148643884 0.861348214121108 0.30376021932584707
11 0.8090254075165149 0.20921004950443842 0.8098246492035059 0.24384565955695844 0.7727174409614008 0.244701876405373 0.7719182446113564 0.2100663107999719
11 0.7471960176648054 0.035653733552922034 0.753525649086896 0.03579950603741019 0.753122868685864 0.053288746728010754 0.7467932372643418 0.05314297426087527
11 0.9204625464423088 0.10182465310240793 0.8951440086051434 0.10124156071136027 0.8961705643416735 0.05666806155617227 0.9214890760662229 0.05725115365499957
11 0.9470103891524104 0.24485726156259977 0.9898708182978453 0.25554143388445627 0.9682594745221422 0.3422349125004217 0.9253990601347368 0.33155078284360273
11 0.9704766864792873 0.2636553359573511 0.9819233898117545 0.25912624147065466 0.9914988270244294 0.2833263920702614 0.9800521263846349 0.28785548164750563
8 0.08361873098510841 0.5613331646513534 0.1693093274432158 0.602672019368736 0.06714340742166769 0.814419534012432 -0.018546540612192075 0.7730817038813965
8 0.04041077361534917 0.5100144261070979 0.09822545474230537 0.525974537514571 0.05315773546021774 0.6892126891844915 -0.004656846448256147 0.673252826653781
8 0.007308271762212826 0.49058183851675224 -0.03158532243253376 0.4471961453229434 0.05310453460958797 0.3712794665762368 0.0919978966992403 0.41466484409202803
14 0.284401985402269 0.821036367575105 0.21966414519033606 0.8223916907444836 0.21615633921817334 0.6548085083236904 0.2808917483140476 0.6534532105594504
14 0.39045397536165183 0.7300586050836446 0.314127364188721 0.7535327304150994 0.2341596180980332 0.4935429441952344 0.3104826629191848 0.4700694033622714
4 0.5602831827986847 0.8728785198861923 0.4979993767715314 0.8389843213949028 0.5561223163091427 0.7322006754463495 0.6184046569458133 0.7660943848760176
4 0.443289033874521 0.43459882108017683 0.45563469163357695 0.44363350866903534 0.428034908988252 0.4813454509262875 0.4156892763878659 0.4723107927864342