9 0.2332978023951 0.029606414927029423 0.21252223918952495 0.034706983709267045 0.2042559027660218 0.0010366597206126114 0.22503146275778363 -0.0040639086453687955
9 0.09117758962827338 0.1725070881202288 0.09967687703135653 0.15077665259403983 0.12415513921735055 0.16035060416500965 0.11565586888912094 0.18208102522904734
9 0.15898359147786323 0.24490932173250324 0.13078631800135554 0.26830659513799227 0.09571734769610885 0.22604382036350326 0.12391455104148008 0.2026465939608755
9 0.24235328985469096 0.23168516763806946 0.218852455250385 0.24775178002159787 0.18735200723654089 0.2016763064468114 0.21085277949839565 0.18560972371862386
9 0.23783769842361835 0.2945864163143547 0.23158388745605407 0.27563896186811626 0.2515175732195303 0.26905979365099286 0.25777139296269524 0.2880072309873709
9 0.4179494953223184 0.12528620769042567 0.37293191340620524 0.13255604599215712 0.3636220895301676 0.07490599624270602 0.4086395901300648 0.0676361647529598
9 0.3237217698645054 0.1011494840795539 0.3138945394740631 0.07137486566270645 0.34024150654568075 0.06267896347658804 0.3500687423039608 0.09245357158287311
9 0.14338263964293674 0.41928721030684935 0.1433826569877965 0.40871580841478616 0.16270358475105695 0.40871583683962287 0.16270358029180443 0.41928722581178934
10 0.15959802894349195 0.2246200824299855 0.12673106380816535 0.18721650936261186 0.16371482984163777 0.1547188322090728 0.19658175730558014 0.1921223518866871
10 0.042479688553612505 0.13078132354740085 0.05809088994499234 0.1263326800037254 0.06444402693261964 0.1486270142978786 0.04883282644789233 0.15307565564945466
10 0.2823759960369898 0.11786721498596517 0.302838513163465 0.11456275052261132 0.30673168844418797 0.13867067842413727 0.2862691716924246 0.1419751413113282
14 0 0.20103123794549269 0.01379830683156655 0.20103123794549269 0.01379830683156655 0.22952879035639412 0 0.22952879035639412
14 0.4320265250793227 0.26914361814692533 0.45806364187717463 0.29363996800041514 0.41294853143699584 0.34159128130843514 0.38691148709460776 0.3170950061765421
8 0.06057723949618321 0.35896124751539404 0.10125236426222273 0.33207669818860497 0.14372598018246663 0.3963347873767136 0.1030509516389202 0.4232192171359169
8 0.08855306777707028 0.4128265434661343 0.07013674911877388 0.4158004344741871 0.06573050673637226 0.3885152040547418 0.08414676438417246 0.3855413180736722
8 0.01434571861227596 0.18198353737545248 0.025250225948980187 0.16977700949715602 0.0425335366892341 0.18521662964251218 0.03162903770248704 0.1974231495543124
8 0.11839711023071686 0.0518533054406345 0.11130007656288399 0.03035061477246007 0.1345266619114227 0.022684606498796903 0.14162369716029843 0.044187294421162926
8 0.19775046091695003 0.3089218448422286 0.22025924767456218 0.3052870278034636 0.2249670669035595 0.33443954292186884 0.2024582814480027 0.33807435469783476
11 0.09888428406384264 0.28296450924460614 0.11212424438315338 0.3140672218383571 0.05736914865781273 0.3373748520095275 0.044129291453828046 0.30627222681358784
11 0.24905599126418565 0.06791876869838459 0.25607953970450126 0.10999465787601292 0.21514091087692577 0.11682832408253724 0.20811738949635128 0.0747524584156279
11 0.3953571701028977 0.2571548537091661 0.33771173150796585 0.3304383696354633 0.28533778415192046 0.28924134017325775 0.3429831213577472 0.21595802864761393
11 0.37538009590980437 0.24919009574682136 0.3682329306336669 0.22753585063384252 0.38972679187531867 0.22044174034181988 0.39687396616784554 0.24209596791499696
11 0.4035665215563995 0.1524104147523671 0.4426266405249635 0.15770267085759762 0.43434559558363617 0.21882129673529446 0.3952854785419504 0.2135290498274357
4 0.4941809831165074 0.1876970526599052 0.4958506151859865 0.19552133599084018 0.4782686037553958 0.1992731303334889 0.47659897644291505 0.1914488511530587
4 0.49752900240059716 0.10095275898911717 0.5030568264394333 0.11356430125541965 0.4783544850689623 0.12439164928400971 0.47282666789431005 0.1117801128391027
4 0.5195432425916806 0.10982349029446718 0.5259070673336055 0.1190959095384874 0.5141502440942531 0.12716478711596227 0.507786422014533 0.1178923702435656
4 0.5739993820641303 0.16599528161901989 0.5645321520947846 0.1599055553110624 0.570896910325132 0.15001083498016052 0.5803641362656435 0.15610055954837612
4 0.616020392897326 0.0973338517796211 0.6179113842122206 0.10625209624701801 0.5972406371054149 0.11063502474004967 0.5953496492088561 0.10171678324930472
4 0.6958298705550305 0.11651606930027252 0.6940556148991845 0.12611687285708664 0.6740346147449827 0.12241694649802927 0.6758088731207863 0.11281614650469932
4 0.5951674276274161 0.2213232336778423 0.5931640423796125 0.23044381536625316 0.5768527676647182 0.22686100272795517 0.5788561566043882 0.21774042620634776
4 0.6598613416825856 0.16990064889207565 0.6618641170847468 0.17741273460654738 0.6465492853109254 0.1814957340602365 0.6445465136149551 0.17398365152692558
4 0.7417094977838588 0.21981096378906295 0.7373381145141593 0.21004236916539198 0.7539426324495935 0.20261205426605625 0.7583140173404672 0.212380643173124
4 0.9120427435047986 0.05792685126362063 0.9104418734469846 0.047902350554680825 0.9253101716583387 0.04552794833406865 0.9269110426751013 0.05555244784321983
8 0.6339062978037191 0.014348223478221027 0.6355574904034711 0.021502274047661002 0.618314493316916 0.025482047539347866 0.6166633011570184 0.018327997346732135
8 0.5754168315166908 0.12482188415708273 0.5672183169756408 0.11256804963761102 0.5898186780647166 0.09744717740205254 0.5980171914370658 0.1097010062431566
8 0.5266730626568688 0.17406514327804729 0.5258415612702265 0.16804518224879156 0.5353548936511743 0.16673117337413343 0.5361863962888265 0.17275113290368355
8 0.632832700585368 0.12203871583088181 0.6386665164669694 0.1361704398703608 0.6088701953775626 0.1484707841670384 0.6030363905183549 0.13433906945139143
8 0.6791856538519596 0.049777707041312715 0.6726575286445495 0.039012216483399996 0.6914291377889867 0.027629236943273308 0.6979572629337554 0.03839472612986661
9 0.6484709209729544 0.031179736978815348 0.6551914107625407 0.01741401966589333 0.6801720654100336 0.02960969317296594 0.6734515777894785 0.04337540860082614
9 0.5594724291084958 0.08498335850545755 0.564036430969054 0.10475751171597017 0.5215546832905602 0.11456252060628119 0.5169906964366646 0.09478838029249041
9 0.5935657854588499 0.12255156215014881 0.5909194374474964 0.11108585880015098 0.6131428221895021 0.10595659653206496 0.6157891733538463 0.11742229532008731
9 0.5744194750279803 0.15824254034842072 0.6079156444251339 0.15050729361686446 0.6133659252127472 0.1741086219407852 0.5798697574907692 0.18184386392256105
9 0.49305490520043804 0.16237384785407105 0.49741924788702363 0.17132324251988787 0.4769641327040972 0.18129846948556466 0.4725997962419797 0.17234908012562128
9 0.6563937643313693 0.20427029896178414 0.6594563568837657 0.2175392455972583 0.6374098816145306 0.22262768652821815 0.6343473003026929 0.20935874962714945
9 0.5768889873677381 0.24431214679165963 0.5782280278917824 0.2564017997766849 0.5571158181111286 0.25874011201766195 0.5557767883200313 0.246650468836373
9 0.7883878685805712 0.07758546450236349 0.7756971445353429 0.08051614310177208 0.7739391675803518 0.07290358013784892 0.7866298894281272 0.06997290180331521
9 0.450929434452064 0.2673333111395155 0.46705243241694916 0.2584152195934443 0.47662269315173944 0.2757168953387629 0.4604997003586959 0.2846349795793899
12 0.7982142569695725 0.12114714830362104 0.8065912864473148 0.13756667519112997 0.7671972084872323 0.1576648782318249 0.7588201969391548 0.14124536666518056
12 0.8114049367551388 0.0626697327258793 0.7825332459890433 0.06772553150581445 0.7775930817964536 0.039514171649049454 0.8064647602527657 0.03445837395504274
12 0.7133001606383687 0.049136798729430456 0.7092796414002578 0.028868895051077464 0.7336022477486495 0.024044051174852622 0.7376227690584756 0.04431195197321842
12 0.7008039952056606 -0.001092108440290038 0.7047699989573175 0.016091229830520585 0.6615080747939146 0.02607630398320901 0.6575420725457661 0.008892966821682754
0 0.4748729761740833 0.1360097681363696 0.4788078027879692 0.15110583393064755 0.4543599889350389 0.1574781622366473 0.4504251722129311 0.14238210492781975
0 0.47016236084277807 0.21107016990357422 0.47518971696661083 0.22027970124102075 0.45930734618980296 0.2289495320558726 0.4542799965290669 0.2197400062773857
0 0.4720541732087895 0.05182741527666922 0.48045977385334027 0.06595187547419072 0.45926502101167443 0.07856505378362247 0.4508594243117159 0.06444059701338425
0 0.5029113050533169 0.10005107808920262 0.5025531896867506 0.08606001495320843 0.5300348413654774 0.0853565935663632 0.5303929620287136 0.09934765125770713
14 0.43992932862190814 0.1789948679245283 0.44769565135453476 0.1789948679245283 0.44769565135453476 0.19152017400419288 0.43992932862190814 0.19152017400419288
14 0.4722325135112442 0.18123581670462768 0.4767295695461371 0.19205994426943396 0.4601723731570928 0.19893881178393613 0.45567532373775066 0.18811468982178955
14 0.5132707265557883 0.1780680235598151 0.5202751238925885 0.188156916713857 0.5048305288950132 0.19887948458801713 0.4978261376464843 0.18879059687077995
14 0.4785899027008327 0.2529119409089 0.4798629615744403 0.2598490069921168 0.4699221079737299 0.2616732670992052 0.4686490522165059 0.25473620376537953
14 0.5513113965960201 0.23986172574061337 0.5529026385403313 0.2478882456455735 0.5421502587536224 0.2500198407010642 0.5405590205496082 0.24199332407108937
14 0.6959864062355337 0.17513566252772078 0.6994044859627593 0.18426411737557336 0.6865256626480232 0.1890864403065424 0.6831075870196628 0.17995798892899298
14 0.7774959501480225 0.2110172575839019 0.7747836084741948 0.20304021212100606 0.7873393345723798 0.19877108876882968 0.7900516778881865 0.20674813093359704
14 0.725752439011444 0.1085429953299821 0.7210508140085494 0.08636723479520646 0.7441196220245274 0.08147628294911956 0.748821252485186 0.10365203575783309
14 0.7624968070610976 0.04533942403814905 0.771398403713988 0.05611591142220564 0.7552318717853268 0.06946977818251854 0.7463302772160887 0.05869329275322806
14 0.6606947390365576 0.08033013944615942 0.6652948154829801 0.10026063931936033 0.6449884912688049 0.104947438910313 0.6403884214862501 0.08501694472729414
14 0.6485878460637196 0.08579724769438488 0.6453941190824253 0.07195994028308522 0.6723111232764722 0.06574735629113092 0.675504853298321 0.07958465920955837
14 0.698238488012521 0.046241096578969076 0.7055585408347724 0.03452336567847513 0.7149706024273428 0.04040306677373208 0.7076505505972364 0.05212079680243249
14 0.8512703935025456 0.1303756916109185 0.8497380727175141 0.1209316129919154 0.8611932305335586 0.11907299893833237 0.8627255529838749 0.12851707548225783
14 0.824205900386346 0.019302774301976945 0.8207061108829521 0.005458592912272362 0.8405499638470246 0.0004420949259290709 0.8440497536347493 0.014286275893594737
14 0.6353637651958479 0.028145052062872444 0.6341108424225013 0.01601218600390315 0.6488801030441209 0.01448701118362314 0.6501330263224645 0.026619876674804865
0 0.9326345209424289 0.1452611040120365 0.9299451799219014 0.1882402474243058 0.8402970018970564 0.18263056459039242 0.8429864323385345 0.13965151432131284
0 0.8447688705931569 0.10223992011135978 0.8552757480435957 0.04798280352767702 0.9625207208250686 0.0687507085476182 0.9520139335764952 0.1230077433328643
0 0.9219634440518121 -4.747508458740236e-9 0.921963449659188 0.05034765431252339 0.8652158145034718 0.050347648881924494 0.865215820007279 1.1695571797578957e-9
8 0.18494828947552833 0.5123310072163287 0.19870035338453818 0.5705882247086377 0.11120640100750734 0.59123936748844 0.09745484686652617 0.5329825925434468
8 0.37574088324583954 0.4192866867130047 0.37574151136493583 0.5080284800966939 0.2958321091381322 0.5080285462083188 0.2958319800547997 0.41928724835778003
8 0.2828648707410366 0.8229952914359586 0.24319909642827042 0.7935904859424063 0.31420725084319656 0.6978215255281746 0.35387227544401867 0.7272259226197493
11 0.6021031758475601 0.9271398065677479 0.6325450128512102 0.96178870239551 0.5604928216718008 1.0250734204870329 0.5300515005557145 0.9904250160381194
11 0.6128845558451985 0.4225130609109547 0.6549829750314302 0.4065639784791501 0.6792649365381749 0.4706537505230472 0.6371665564083742 0.48660275838064665