4 0.3693391467410265 0.32191755239710956 0.3171891937985265 0.3183717373993318 0.32801508302213733 0.15915836032583777 0.38016438461545476 0.16270415212264458
12 0.24559472165287843 0.5013131633698262 0.16666718001727077 0.495946897830339 0.17876988782415992 0.317962285202831 0.2576956759651239 0.32332849086682497
7 0.09030375801887658 0.32299743554136784 0.11319629508341222 0.32455390360198016 0.10329377058940281 0.47019383308355844 0.08040123493742612 0.46863737874518485
7 0.14622440009293314 0.1770835237569442 0.10043664297757005 0.17397026052928238 0.11165606498673242 0.008965173349056077 0.15744356862842324 0.01207842703993857
10 0.7920175357639891 0.3119731666595971 0.6898419680188681 0.30095093857114397 0.7154016362827633 0.06402516162939606 0.8175757012832037 0.0750473036223077
13 0.7019496433703125 -0.006702396912500753 0.7486067165879149 0.001059608151013272 0.7369977477637804 0.070840594269104 0.6903406747675263 0.0630785919766495
13 0.6299402623867536 0.09389117956573961 0.6173098898024136 0.09330249579187984 0.6187632712723143 0.06211997303571662 0.6313936346543869 0.06270865659706303
13 0.8501581816975659 -1.0997807809056802e-8 0.8501581984946824 0.10515588194317196 0.8131919785375885 0.10515586725632949 0.8131919913793126 4.919920522888878e-15
10 0.6486061671475909 0.06442577079096018 0.7260887044687934 0.007840022341807924 0.801475331358688 0.11106640946887959 0.7239928845879149 0.16765206154614298
13 0.6949949769484647 0.20232959619446897 0.6546623485496639 0.2018512945606717 0.657061917177657 -0.000478299763326982 0.6973942559681063 -5.218097524276082e-16
13 0.6504346507305172 0.05985235733071296 0.6418293593380895 0.05906298439457764 0.6465753496025854 0.007324972332189589 0.6551806365989705 0.008114345069844861
8 0.30199514051264487 0.572854526015377 0.35556176340799084 0.5761251702402896 0.34732693970863693 0.7109790109928362 0.2937603205227788 0.7077084099326589
4 0.22032239898339867 0.9999999966893877 0.22032307924064298 0.9303235790728258 0.26660686947843715 0.9303240800957656 0.2666066630976047 1.0000000253316437
4 0.2946741843545624 0.8122954780587602 0.32073610799966445 0.8132780966246033 0.31880726026111006 0.8644259814706949 0.2927453369752584 0.8634433693324371
4 0.17145196964202114 0.8504290759282614 0.14843900638368268 0.8545666501321307 0.13735137822357046 0.7929096321029878 0.16036398926553375 0.7887720903255655
4 0.07862713537838317 0.895569624643139 0.05157166803496693 0.9004273409000024 0.0425756600322984 0.8503341263907358 0.06963076896329312 0.8454764431462874
4 0.23870486400596747 0.49999994088318445 0.23870490073352357 0.5132208366381475 0.2126771050490106 0.513220869255844 0.2126770948276544 0.4999999999999765
0 0.37630330575450444 0.8476894744886638 0.3479751957921735 0.8477022144262769 0.3479459188911278 0.7820130006068909 0.3762735659923919 0.7820002607734995
12 0.31295611604775786 1.000000000000022 0.3129567072331838 0.954327079895849 0.37864955262477906 0.9543279483828249 0.37864940782355916 1.0000004186004807
12 0.3745316833619654 0.7510123962036274 0.34742226873709114 0.7472915630895072 0.3575319389578908 0.6736478579975483 0.3846409224411218 0.6773686610944855
12 0.8979247851331138 0.8236663232756779 0.8817344458061598 0.8297401820287463 0.867606589550519 0.7920886263463989 0.8837967840187275 0.7860147977332198
12 0.7594175953164495 0.771135041873668 0.7745463407916304 0.7590371590282637 0.8139983721681574 0.8083638406330846 0.7988697097069917 0.8204616313803829
13 0.786301671195929 0.7372805839575057 0.801735596960043 0.7320880308047473 0.8126334621343858 0.7644744860238407 0.7971995460286507 0.7696670188873315
13 0.8477319305911806 0.7381091232426645 0.8598161597099079 0.7280877675876374 0.8810082287179739 0.7536378963049692 0.8689240342303037 0.7636592141587522
8 0.7916235367816853 0.6453884365923643 0.7518355538371679 0.6553760317244086 0.7366556077398627 0.594909314861855 0.7764431432850643 0.5849217785602704
8 0.7553030350925383 0.5275023204188432 0.7309078129966338 0.5253865881224886 0.7332026260700104 0.4989292104955769 0.7575977475132731 0.5010449384045275
4 0.7159022516415234 0.7611441432014923 0.7025042495311027 0.7630426855812844 0.6988317434618239 0.7371300130904058 0.7122296664456371 0.7352314764150971
11 0.8189636984252502 0.5449693010967419 0.8082016069021165 0.5381525750172168 0.8203436001798536 0.5189847712583453 0.8311056617575332 0.5258014847242892