4 0.4259275446729589 0.014239545351855388 0.4435178421413184 0.01462310772684061 0.44247391911972045 0.062497745498586256 0.4248836216605696 0.06211418323137322
4 0.2671386105463398 0.59954751131227 0.2671386539283276 0.5837984053713805 0.28990035285062277 0.5837984723191254 0.28990034180435487 0.5995475457252042
10 0.4379702731035877 0.15373904712664377 0.4404831731530976 0.1537938414053736 0.44001011054638184 0.17548861651583778 0.4374972104980088 0.17543382226689494
10 0.36071077431631693 0.13654362691130478 0.37380029698738326 0.12965714795339855 0.386946083452699 0.15464394224339567 0.373856563768868 0.16153041688832145
10 0.2928061108189013 0.09773769211987172 0.307194967001692 0.10737262064554744 0.2951647757407727 0.12533850550175124 0.2807759224210713 0.11570358050448211
10 0.40658362855879204 0.46777122952868244 0.40423438982531934 0.44374713718139414 0.43029314786747364 0.44119909597850804 0.43264242529346575 0.46522314460295355
10 0.38802374777640125 0.5995475113122513 0.388023862769046 0.5703512735171957 0.4168192763602292 0.5703513908804844 0.41681923634052964 0.5995475535942242
10 0.340569596569253 0.5995475113122144 0.3405696249254788 0.589458307025734 0.35982793642256183 0.5894583508201908 0.35982792566710486 0.5995475375331444
10 0.28084625177586986 0.49441725031727746 0.30369455304617077 0.4878963466453509 0.31795895413654307 0.537872803277762 0.2951106637681278 0.544393680298684
10 0.24375486343251396 0.5285288138434981 0.2688838591302556 0.5290767098824349 0.2677136066153025 0.5827448581577361 0.24258461100453133 0.5821969646094463
13 0.3740819036447647 0.12840918867443418 0.3482210926924836 0.12645010511117466 0.3499889813996333 0.10311339871700777 0.3758497710410893 0.10507248146801468
13 0.41985778091930115 0.18622041145642698 0.43980655781456335 0.18482363009049518 0.4420232319395154 0.21648170884673565 0.42207445519852627 0.21787848885225514
11 0.4006767641250235 0.16869402935333516 0.4214817080900275 0.17020390798700857 0.4189205419594373 0.2054944051020324 0.39811559814086195 0.20398452799869465
11 0.36243482278723604 0.15890391034668622 0.38271563146849985 0.15934613721221702 0.382000654339663 0.19213515475527895 0.3617198456653341 0.1916929282769577
11 0.32142136129914434 0.1633048488833098 0.3032237622886669 0.17530263320993705 0.28518328054576614 0.14793997938530395 0.3033808586816349 0.13594220440984736
12 0.40479419939276795 0.5222321597895223 0.4198715985247645 0.522560897747987 0.41886558628732473 0.5686970313123323 0.4037881871953459 0.5683682946159467
12 0.37414109364283377 0.4291314547309804 0.3565507558982972 0.4287479116109247 0.3572382672590493 0.3972198813714856 0.37482853460483057 0.3976034237193951
12 0.43111034115122493 0.3530403404095906 0.4361361408485891 0.3531499253490039 0.43571275031763435 0.3725667522624425 0.43068695062413553 0.37245716744062723
12 0.2739516398237356 0.4119640477666667 0.28651613751242166 0.41223800613696193 0.28559539541060985 0.45446347252921937 0.27303089774829914 0.454189514919334
0 0.393962018179991 0.2368562506773317 0.3855048085628141 0.22220182401324962 0.4050645941260882 0.21091385931323994 0.41352180377646164 0.2255682746934017
0 0.33357796992515887 0.22465808476746385 0.3350949613395642 0.20816248209151075 0.35781492433454787 0.2102518557025646 0.35629794638850854 0.226747445871054
0 0.2642185029679922 0.2912393570855356 0.27719917129627447 0.2939137275968418 0.2703529010625516 0.32714271682803553 0.25737223403916687 0.3244683505888879
0 0.2449432939158669 0.42334776747386244 0.2557690949164453 0.4235249510829078 0.25499373681873294 0.4708960235376308 0.24416793583225171 0.4707188404977371
9 0.9228320731418762 0.34952203172465685 0.9757347050392582 0.3505595228712954 0.9727748048869671 0.5014798487994309 0.9198721731956994 0.500442367838825
9 0.7984903350998138 0.460955294292483 0.8926475344555911 0.41695567440447623 0.963706917416971 0.5690087537777366 0.8695500836756764 0.6130077972015475
9 0.7539329218551529 0.5995475113122437 0.7539339432958059 0.5381365397197545 0.8861798859148848 0.5381384704271096 0.8861795673383313 0.5995487296763805
8 0.4204910821728163 0.6717065283733923 0.39394062763028614 0.6709348594853566 0.3958395076233501 0.6056136393985376 0.42238962528222146 0.606385303392619
12 0.3008644196415844 0.7639457115970028 0.3188063385694022 0.7450069127004579 0.3485674626437003 0.77319652934012 0.3306256366872731 0.7921352373730886
12 0.41570021260633894 0.8365190161194362 0.40245614361856497 0.8361341178306273 0.4036682087458985 0.794438902185938 0.41691214050126746 0.7948237984785936
12 0.22156247208693003 0.6936754560070908 0.24234483830832687 0.674658952242425 0.2717948638708094 0.7068389894061354 0.2510125826484 0.725855404807023
11 0.1752793658063183 0.7984666556266421 0.214423903008651 0.792042736680063 0.225188811236535 0.8576259979244335 0.18604428716002985 0.8640498630587333
11 0.35143439749811023 0.6215270730452767 0.3415743136945366 0.6202804857833013 0.3437797202218462 0.602838603501339 0.35363977210340636 0.6040851887219878
11 0.356138576711146 0.8052244356968592 0.3383599443903904 0.8227151430386545 0.3147930952305842 0.7987649454108428 0.33257165300824454 0.7812743097138573
11 0.4137078210526397 0.9050645445151423 0.3893763149764027 0.9043574475915181 0.39075891712309385 0.8567980604306237 0.4150901165402274 0.8575051529325491
10 0.28781090777317786 0.8743374563243688 0.2722183496074422 0.8585715452868815 0.28653405439240487 0.844416464112296 0.30212657219692574 0.8601823336880675
10 0.3414498312478145 0.9759836841760401 0.3292467212650081 0.9860554813680299 0.31268734891023087 0.9659976710925153 0.32489040026734983 0.9559259127447456
10 0.1967610098363366 0.897422480648662 0.18199182448609008 0.9083313232270416 0.16654954427781377 0.8874294556350959 0.18131865837972327 0.8765206515960521
14 0.21474140424459165 0.7335798285691811 0.23828540945419263 0.7426479145677175 0.2277890382925989 0.769895574362643 0.20424504919037645 0.7608275186462352
8 0.2132487969589647 0.7277911012281797 0.2249162660567663 0.7171591913501544 0.24100164879337171 0.7348084648981215 0.22933420681295047 0.7454403465224291
14 0.3194688969657591 0.7978078256797223 0.3117270937464127 0.8113114449747414 0.2807604492459177 0.7935612184948364 0.28850225294911525 0.7800576576879391
14 0.27518233281637094 0.8737655971958317 0.2833221026666024 0.8705636077810716 0.2921200447751744 0.8929235626625684 0.2839802805526688 0.896125541723862
14 0.2931843524285114 0.9037856194396033 0.27772417498078994 0.9185274206952702 0.2658225572864694 0.9060489163996838 0.2812826955376977 0.8913071502381505
10 0.3919752125468676 0.991054154149125 0.3986027655319049 0.9833859102335942 0.4128121265922573 0.9956631832437465 0.40618459660936423 1.0033314053762452
14 0.5621572808132669 0.9999999999999871 0.5621582473206672 0.9550093647611919 0.6568918121508887 0.9550109497752791 0.65689147911894 1.0000009546618884