12 0.2315330152041497 0.3261247224981793 0.22766584345379215 0.40325219810860996 0.10140109828057575 0.39692081655035044 0.10526877797235556 0.31979387358121714
9 0.5072632126391454 0.4098455843121954 0.5072642763202566 0.29740219157644504 0.669911242706462 0.2974037268286107 0.669911161328514 0.40984609557162704
10 0.9351173482942841 0.12911153296007566 0.9170502618563887 0.11059143964990863 0.9855708353586579 0.043747067866947424 1.003637901719003 0.062267139227789085
7 0.8311863187486779 0.04900693281986307 0.7943697823250204 0.08215668208774418 0.7545900878204748 0.03797685833584884 0.7914066062978691 0.004827123632322236
7 0.9004575243412773 0.24443518766326924 0.862442085111411 0.27866389912014655 0.8248722498311736 0.23693838410260257 0.8628875984852584 0.20270974441102335
12 0.4986985570885736 0.6216850513629352 0.45029882311746405 0.6507131233557224 0.4136969344692716 0.5896915419274165 0.4620961773111958 0.5606636595404414
12 0.5486952587308451 0.7827720997826758 0.5114151313459843 0.7414237551624109 0.5531400999414018 0.7038106168765803 0.5904200280066334 0.7451586991254339
4 0.14111188067158764 0.9914577299168081 0.09568527682404238 0.9786767367533116 0.13530322521592097 0.8379045288214507 0.18072811950003143 0.850685270285891
4 0.23242938198109186 0.8691237314297745 0.18191688942340534 0.8561411887464454 0.2105345090510582 0.7448212067105939 0.2610456418101421 0.7578035658526056
4 0.2149051337128185 0.7308014712734968 0.14940210959105116 0.7132594345917479 0.18191181448082716 0.5918860451075452 0.24741328773586702 0.6094278645518
11 0.5877262769869276 0.9999999999999474 0.587726450266473 0.9770718564177164 0.6216802334572549 0.9770720827829205 0.6216801773425686 1.000000109249326
11 0.7295374411685316 0.567686109134045 0.7083697792787689 0.567686109134045 0.7083698595833994 0.5184226281138791 0.7295373495815056 0.5184226281138791
7 0.08335566592654686 0.4924445641761807 0.12453276040093897 0.4694430524774929 0.1608966598216739 0.5345364021168676 0.11971965969814846 0.5575377803824709
7 0.048521485745823156 0.6020782826749534 0.09428132670245759 0.5793415211541046 0.12663046825173296 0.6444397934789613 0.08087072927094141 0.6671763984401666
7 0.09573748398804582 0.8173835880547201 0.04618700282787813 0.8379617118740299 0.019671688659173014 0.7741262353014272 0.06922144391432994 0.7535482814466496
7 -0.0019937053249350356 0.9727515868591535 0.0006463930144491314 0.9377519948578344 0.057018762234065434 0.9420029939747822 0.054378971467144765 0.9770022984656077
7 0.5908953313883103 0.6625426000407043 0.627900287233615 0.6427541730023535 0.656575529836914 0.6963705192078441 0.6195706601654365 0.7161588224191853
7 0.44723572558348224 0.717249873586201 0.48371602796282787 0.6968895091575413 0.5138299656483696 0.7508370493660124 0.4773497635653712 0.7711972736078034
7 0.468990096955622 0.8499430064175082 0.5070050631513823 0.8291514701709105 0.5362558439823033 0.8826213680322771 0.4982409952223179 0.9034127377226651
4 0.2084108232456856 0.4098452044984342 0.20841107255807856 0.44098045370112443 0.11908092033650064 0.4409808561706769 0.11908085112690969 0.4098457888493367
12 0.9949768126678009 0.8414453544625046 0.9884012326664333 0.8401408866158131 0.99501343894417 0.8068170776343192 1.0015889644352 0.8081215399108344
10 0.8779559770329115 0.6002725119946744 0.891102818168747 0.6008859384911462 0.8881973668745786 0.6631476304054407 0.875050525995448 0.662534207587668
10 0.8924651476554573 0.7345573997602924 0.9069687057921101 0.7343690516161628 0.9077859047640686 0.7972856168403041 0.8932823466534501 0.797473963602151
10 0.8895374016376536 0.7881006434640689 0.8807687372393502 0.7877897684218348 0.8815339743016466 0.7662098539145328 0.8903025939140434 0.7665207281621089
10 0.912212193209939 0.9175700858631808 0.9249643172523747 0.9172535133759586 0.9263830247751912 0.9743863248930246 0.9136309008288208 0.974702894772988
10 0.9523359132971336 0.9821656576441097 0.9439816236090337 0.9834409131316678 0.935174484509389 0.9257605545198766 0.943528634048107 0.9244853099626926
11 0.9031532568642433 0.9291238477560689 0.919776538394899 0.9284127869370739 0.9228368850676816 0.9999379961516921 0.9062136040167843 1.0006490494631184
11 0.8842771915248022 0.8796437148738518 0.901124895610792 0.8765640958017336 0.9173335378214915 0.9652145539913154 0.9004858443605599 0.9682941341442657
11 0.8534589020210888 0.8300827422759741 0.8742287494731045 0.8275907970714486 0.8819689877476549 0.8920897838740595 0.8611991440837983 0.8945817078307902
11 0.8349074432103407 0.7392469615335733 0.8577233800749582 0.7394768092657161 0.8569185156561616 0.8193576855350029 0.8341025788265597 0.8191278399754682
11 0.7788930211878551 0.9654392427154905 0.7594646747222669 0.9640732272000918 0.7640761914444738 0.8985055062804267 0.7835041763729578 0.8998715090314892
9 0.8595377425267543 0.8859319780054922 0.8409285200536942 0.8875793504410693 0.8355844793837832 0.8272230670583332 0.8541934107124689 0.8255757075439313
9 0.8122935817106054 0.9441759025174563 0.8233990053516891 0.9425726794422384 0.8290979612119145 0.9820379317715185 0.8179925395834289 0.9836411454570436
4 0.8230000571401206 0.85929970581347 0.831995775521591 0.8572129995245169 0.843209350511188 0.9055430248870784 0.834213636829304 0.9076297172564117
7 0.8563259395427849 0.6819791981557205 0.8660760997659054 0.6801391870838871 0.8747219458894051 0.7259464699954674 0.8649717882406094 0.7277864718812161
7 0.8342328378204229 0.8300027369625433 0.8262483865671584 0.8318549397061377 0.8180012617838202 0.7963104261700408 0.8259856435010988 0.7944582318340369
7 0.8486788608960296 0.9223475166993299 0.8401959495309939 0.9239952247129626 0.8335562149794669 0.8898202154673897 0.8420390474061605 0.88817251531875
7 0.8478444765027007 0.9765580309569998 0.8560101017122861 0.9753293555063609 0.8595560546535808 0.9988883642687467 0.8513904304276139 1.0001170353151794
7 0.8892911564558972 0.9654363933717498 0.8984156516594339 0.9638665960021239 0.9039705725982685 0.9961453827451202 0.8948460793483264 0.9977151724407738
13 0.8450973649728439 0.6773475295044308 0.848617005841902 0.679077787221414 0.8408244992801883 0.6949268154562193 0.8373048604879614 0.6931965609327638
13 0.9235733344470418 0.8994142884698577 0.9069918753277761 0.9037776566392187 0.8790383220040212 0.7975731433278056 0.8956193299518418 0.7932098379622645
13 0.9416506490213123 0.9150389760143185 0.9401643912235613 0.9152767647976323 0.9375517020170037 0.8989506915603186 0.9390379531434974 0.8987129033214719
12 0.7357077292328995 0.8493252529823198 0.7428443018637836 0.849870600703735 0.7387367564405167 0.9036107097343812 0.7316001842606283 0.9030653659336598
7 0.7295373665480427 0.7891640723606168 0.7312981642941875 0.7891640723606168 0.7312981642941875 0.8162202016607355 0.7295373665480427 0.8162202016607355
7 0.7437171676348271 0.877303862389048 0.7487466441249353 0.8770297348343314 0.7507134953141303 0.9131072685138335 0.7456840189346394 0.9133813947196767
7 0.750603554929171 0.8819496784807799 0.7557204823996244 0.8816614563273687 0.7578409010965288 0.9192969366140962 0.7527239737519267 0.9195851572781911
7 0.7785167833402511 0.8149472562971696 0.7834788940863291 0.8148525211987812 0.7842712125267326 0.8563444985967725 0.7793091017952065 0.8564392331950227
7 0.7893873008860055 0.7484451740134925 0.7946635003204392 0.748314103123503 0.7957230783448495 0.7909593568482517 0.7904468789350858 0.7910904270833425
11 0.7364676389128135 0.7661388828340242 0.7353548954779399 0.7661066127638558 0.735754162397825 0.7523415083377616 0.7368669022976064 0.7523737783567076
7 0.8846096479663856 0.858353351681899 0.8752889531785968 0.8601985104107087 0.8674127945814689 0.820421020260488 0.8767333959730195 0.8185758710206638