8 0.13421505000508205 0.15414248355210375 0.07593366651326505 0.05937052377407346 0.21612355246543302 -0.02684109403390098 0.2744048940345465 0.06793067378058798
10 1.0000009178037317 0.4098457888493477 0.8032122883964803 0.4098457888493476 0.8032129697705841 0.33841980011862377 1 0.33841980011862394
10 0.999831603403436 0.17492933660818508 1.0275616509574093 0.33409555075899033 0.7430931109154244 0.38365177139352347 0.7153653005170781 0.2244875400074661
11 0.7295373665480427 0 0.9759428303677343 0 0.9759428303677343 0.17850997271648872 0.7295373665480427 0.17850997271648872
0 0 0.6111328855278767 0.048397223606168445 0.6111328855278767 0.048397223606168445 0.7842322574139976 0 0.7842322574139976
0 0 0.7844228451957295 0.057778281138790036 0.7844228451957295 0.057778281138790036 0.9728137016607354 0 0.9728137016607354
4 0.00979738370369887 0.4222221854130847 0.08152120063220991 0.42483466859421154 0.07459734630333514 0.6149095246204379 0.0028735310285128435 0.6122970809695325
4 0.0061100551706658734 0.6178961641893046 0.09104412119779681 0.5991829256116434 0.14331097665558445 0.836372191090803 0.0583770738860494 0.8550849240253093
4 0.05989745648844291 0.8311037092524935 0.16270713769461054 0.8348478810676937 0.15731050801775837 0.982995872303373 0.05450083129244376 0.9792517773135512
4 0.032681775890978315 0.6061297287120456 0.07649996515374369 0.5691313429023642 0.12992592976195283 0.6323981549840082 0.08610800936730811 0.6693962512217527
10 0.0780849068750058 0.5004703979030902 0.16498706607546865 0.4914937376073646 0.17975512222187717 0.634448887894576 0.09285297999963404 0.6434254373651798
10 0.1525061811582873 0.7219445878288412 0.10460454656094953 0.7227924935716903 0.1030904793543641 0.6372415682518886 0.15099126592417633 0.6363936700142407
10 0.2288182086621191 0.6905103364220921 0.17323662417300056 0.7042871651365398 0.14992888206006683 0.610263999389124 0.20550945436480106 0.5964873013613006
10 0.15689104520072306 0.6937531264286156 0.24725441694022265 0.6792553485046572 0.2715550698831066 0.8306938454960282 0.1811917606236193 0.8451913644859704
10 0.12821723897252468 0.7517309670661856 0.16782693435504825 0.7530408446085447 0.16498723677250382 0.8388950491223589 0.12537754201468942 0.8375851851824285
10 0.2406461509907558 0.79420220994048 0.283029755348025 0.7876421032722394 0.300008294127565 0.8973141427501978 0.257624711566109 0.9038741555266736
10 0.17625498297684317 0.9363989104932763 0.18398686951559284 0.8338896505140052 0.2513609772638574 0.8389703730799282 0.24363008859825186 0.9414787001465053
10 0.19358145118519587 0.9426142318927936 0.19021571551434135 0.9872439942522508 0.14382728620125818 0.9837462876043208 0.14719330049604196 0.9391168283677425
10 0.1841949810201413 0.986789953736662 0.19120682822347135 0.89384799605978 0.2799821540824041 0.9005434297898124 0.27297157312136733 0.9934842177189417
13 0.29978800830372165 0.9955054994069085 0.3025731894152841 0.9585806419074661 0.3377448305202506 0.9612328439885741 0.33495985659055805 0.9981575068530404
7 0.7196260086610664 0.9908272428680549 0.6240438230181553 0.9873462089305116 0.6316071211808776 0.7797872907149032 0.727184036180347 0.783268229537367
10 0.8767103141339021 0.6628352844951014 0.8347561331418092 0.6708892966859742 0.7998806551782991 0.48923605957043287 0.8418335061555808 0.4811821789452836
10 0.7295373665480427 0.9002905836298932 0.9991756945432977 0.9002905836298932 0.9991756945432977 1 0.7295373665480427 1
11 0.943385755048439 0.8645139220396716 0.7967401688290465 0.967836786455297 0.5859992083526322 0.6687806018815012 0.7326347928652694 0.5654627788961379
11 1.0000033600495044 0.8590915990510085 0.9164151012253114 0.8590915990510085 0.9164167790631836 0.6022921601423488 1 0.6022921601423488
11 1.000000694540745 0.4880451405693951 0.9115871398370246 0.488045140569395 0.9115874047872694 0.4098457888493475 1 0.4098457888493475