0 0.24629593894394475 0.1402110999349986 0.3851165138768238 0.14358841925919105 0.3817502444563843 0.28195316893139316 0.24292967031840362 0.2785758648680961
9 0.48540904474521085 0.35308818171091527 0.44899374541603265 0.3594988181030508 0.4435976746642609 0.32884746088512123 0.48001286087026074 0.32243683457276917
9 0.33007484350991945 0.3382818175159459 0.3479040662554098 0.29316355366458524 0.4198793626934503 0.321604842940016 0.4020503466191485 0.3667229317925244
9 0.08001835980746819 0.29566269855595567 0.1152127042024631 0.2894669967577205 0.12568568568519822 0.3489564191933996 0.09049134598160435 0.355152102660819
9 0.048917021854094855 0.11899913956046765 0.0986893325660958 0.11023689656469693 0.11891401105947352 0.2251186369415152 0.06914170824200028 0.2338808536864268
13 0.42975117979347033 0.20395762863022376 0.45908713897790676 0.20247300926035103 0.46104748060577094 0.24120863972332426 0.4317115215861804 0.24269325712900527
8 0.43931362267869645 0.13060228785305228 0.44800676056104294 0.15229704515862122 0.42115045236505466 0.16305833969411887 0.41245733092659975 0.1413635962695982
10 0.9961713390171099 0.32788722161141476 1.0017882360490376 0.3897292906549892 0.9424793929404132 0.395115661778476 0.9368627130348841 0.3332737915475979
8 0.9657112900006268 0.17531022636927596 0.9006442540312491 0.21553751202423796 0.8473238625821295 0.12929297508404244 0.9123906676069282 0.08906578217631535
13 0.5300448340689172 0.15689156201843044 0.5561004365407598 0.07220724911915094 0.6924885578762314 0.11417079404631426 0.6664332473906143 0.1988548589411533
7 0.7191524380418741 0.12203294019592154 0.7060111684821777 0.0670337535961238 0.7704651290990796 0.05163344019512234 0.7836064298413703 0.10663257432489145
14 0.3498200117730903 0.688196646608831 0.4010634878156907 0.755341125120451 0.334810989775292 0.8058945768047403 0.2835682055788311 0.7387507297414077
14 0.5198556957942628 0.7800412135980747 0.5014728505199173 0.7800412135980747 0.5014729430034777 0.7342095397111914 0.5198555945960379 0.7342095397111914
14 0.4589913732919513 0.6441699682298218 0.5187502475154133 0.6417937538019178 0.5216363969250324 0.7143669531686748 0.4618775239482602 0.7167431497271445
7 0.40828177558887546 0.6407170037960641 0.3795069096432826 0.6840438682411332 0.3351250414007154 0.6545719211129486 0.36389986228311955 0.6112452842668086
4 0.9123416789236671 0.8533697495032526 0.9235762300390888 0.8664623988705298 0.9018391105365708 0.8851102451598407 0.8906046118531776 0.8720176453793642
10 0.9061031663661652 0.7464884208287916 0.914331023767545 0.7268236603715579 0.9463344725738807 0.7402118695630672 0.9381067062656712 0.759876552814278
9 0.8894095176726751 0.9534176844645172 0.8755004552623404 0.9492270961746613 0.8849683857472428 0.9178105819404312 0.8988773264752581 0.9220011506274134
9 0.9197284840103066 0.89294276018677 0.9320722747270338 0.8946616155886287 0.9285257913442138 0.9201239979259012 0.916182001881225 0.918405148624622
9 0.9193521796755704 0.8448941273086022 0.9330527114767619 0.8458441673719694 0.9312554542075304 0.8717566422391209 0.9175549227427382 0.8708066054032784
5 0.8766171093615185 0.8861126160464079 0.8937741176856662 0.8851762103562636 0.8954912648443951 0.9166304144536009 0.8783342568546004 0.9175668160976085
5 0.9307832962977045 0.902529926938915 0.9445447111044132 0.8956110642984132 0.9525863328409514 0.9116016400184221 0.9388249293796207 0.9185204855392719
0 0.9372990114233062 0.7826631133899671 0.9442314985581106 0.7839855952404762 0.9397287653821422 0.8075845288887554 0.9327962793190636 0.8062620508865629
0 0.8776269142132378 0.84946492405755 0.8910657403547475 0.8483541214764779 0.8942609234011343 0.8870016441563804 0.880822097970281 0.8881124410410934
10 0.8758839877007176 0.7171177612388315 0.8870918662834129 0.7155482349314952 0.8897367598640358 0.7344322299582778 0.8785288819746029 0.736001752956634