9 0.6147176381542749 0.08981667392740653 0.575004513004842 0.09275544343839537 0.5689825109041067 0.011376771719437554 0.6086955900171915 0.008438003827932836
9 0.35937507861115137 0.3138138138138138 0.3215218238376565 0.3138138138138138 0.32152191518866857 0.24792253153153154 0.3593749608601229 0.24792253153153154
9 0.4117256161360956 0.46456267669661006 0.3531072826160653 0.4938410446186802 0.3007581532228869 0.38903796911629374 0.3593757293390354 0.35975982897263026
9 0.5710313729147174 0.4929436017333987 0.5236849110704043 0.5121485305956642 0.4788041545608621 0.4015089864568886 0.5261499359941126 0.38230421299618894
9 0.5390625 0.5718843843843844 0.578125 0.5718843843843844 0.578125 0.612941066066066 0.5390625 0.612941066066066
9 0.921875 0 1 0 1 0.020551801801801804 0.921875 0.020551801801801804
9 0.95703125 0.21996996996996998 1 0.21996996996996998 1 0.3243767207207207 0.95703125 0.3243767207207207
9 0.9296874809904239 0.2786223100402197 0.9296877578010481 0.39592720731569137 0.8437498759936943 0.39592700046253193 0.8437501187939915 0.2786226332883048
9 0.7578125 0.22583521021021022 0.80859375 0.22583521021021022 0.80859375 0.29035285285285284 0.7578125 0.29035285285285284
9 0.32408883641198827 0.7834657873847116 0.3521678991933186 0.770652814969405 0.3776895887851879 0.8265717257178107 0.3496105857606153 0.839384601516224
9 0.55859375 0.8534159159159159 0.59765625 0.8534159159159159 0.59765625 0.9062030780780781 0.55859375 0.9062030780780781
9 0.8075343794413357 0.9224565807405123 0.8324621208267899 0.9390538529659157 0.8039183521075302 0.9819123470140823 0.7789907107351155 0.9653151988036112
10 0.4180047933474498 0.42636607782085373 0.36995185651517204 0.33114518462500225 0.44891954606521267 0.29129604756581334 0.4969725569538923 0.3865164780133523
10 0.26460883878974073 0.21192015785976492 0.2350894394567149 0.21656907917716212 0.22752991255299548 0.16856841339404915 0.25704923058071927 0.16391949858269592
10 0.6796875 0.3020833333333333 0.71875 0.3020833333333333 0.71875 0.3490052552552553 0.6796875 0.3490052552552553
14 0.06640625 0.3490052552552553 0.09765625 0.3490052552552553 0.09765625 0.39258690990990985 0.06640625 0.39258690990990985
14 0.11328125 0.27862237237237236 0.1484375 0.27862237237237236 0.1484375 0.3372747747747748 0.11328125 0.3372747747747748
14 0.2684059597545456 0.9698312760996308 0.2727158931576241 0.9170769824776579 0.30439972546662375 0.9196648549979356 0.3000900508865243 0.9724189069939211
14 0.5235409997737861 0.9153113476525787 0.4883766935325866 0.9270181707676949 0.47177341568169595 0.8771576514391538 0.5069372546673776 0.8654509128600782
14 0.9124023721628873 0.688628900787665 0.9544626950995507 0.7526447582891347 0.8562312261983607 0.8171735037988581 0.814171875792681 0.7531585054254658
8 0.051533806963107054 0.005746786182030226 0.10087518207649282 -0.03441704497573591 0.16713842770241172 0.04698753427881557 0.11779707121536376 0.0871513444828989
8 0.19588368097640796 0.6276856478025953 0.2774700788990003 0.5958381837252934 0.3376113912498795 0.7498868592704658 0.25602529195111856 0.7817337719927806
8 0.2304688280994469 0.7419763513513512 0.1953123747674681 0.7419763513513512 0.19531257969299531 0.6891891891891891 0.23046862727289863 0.6891891891891891
8 0.16149832803341724 0.2483786678078089 0.18585242507595012 0.23215918210479963 0.2135016697931178 0.27367464211425113 0.18914759920835422 0.28989409549623973
8 0.4335937585269676 0.06160848348348347 0.39062499352928626 0.06160848348348347 0.390625006470259 0.008821321321321336 0.43359374829458375 0.008821321321321317
8 0.75390625 0.020551801801801804 0.83984375 0.020551801801801804 0.83984375 0.09679992492492492 0.75390625 0.09679992492492492
8 0.46484375 0.6188063063063063 0.5078125 0.6188063063063063 0.5078125 0.6774587087087087 0.46484375 0.6774587087087087
11 0.007812437012717055 0.9999999927807167 0.007812662203264154 0.968641666171491 0.04882814453026185 0.9686419801699361 0.04882811230277184 1.0000001128122842
11 0.2954021350635685 0.4999870459566481 0.30199341109721445 0.5701186831463814 0.18856338870796208 0.5807775400950081 0.18197282266169168 0.5106465620517546
11 0.09375 0.16131756756756757 0.11328125 0.16131756756756757 0.11328125 0.196509009009009 0.09375 0.196509009009009
11 0.5546873516478854 0.25516141188199803 0.5546876060915338 0.16718276308250957 0.6328125298726945 0.1671829707832124 0.6328124941119313 0.2551614085551268
11 0.7155718101946604 0.7428962372341071 0.6296735014790329 0.6284927202409754 0.763489063489942 0.5280325093873026 0.8493866417026084 0.6424341747132626
11 0.8009227532846808 0.5750293777823235 0.8306897431889411 0.5552067288856867 0.8619395915997075 0.6021287766101663 0.8321726828610281 0.6219513252263438
11 0.9531253534210009 0.5660191441441441 0.871093438045591 0.5660191441441441 0.8710942283263421 0.4545795795795797 0.9531247138997969 0.4545795795795797