14 0.28672075251472506 0.4600953530372232 0.23533294896662937 0.5285465821617252 0.07729598060166154 0.40991054892538203 0.12868344429000445 0.34146019118633686
14 0.16254453154738258 0.9791658508050363 0.16254488671870604 1.0000000000000275 0.01548650976008048 1.000001065087119 0.01548661651781913 0.979167383678027
14 0.16331838090604833 0.9247807992551041 0.16507147740776418 0.8942842362955078 0.22918123033309712 0.8979685784754892 0.22742842047466638 0.9284648678734194
14 0.30110764456219385 0.8068738296136025 0.34922160952999093 0.830418337442658 0.3071728868851551 0.9163267528656847 0.25905911410006865 0.8927825417572994
14 0.23041817979583357 0.9091459622757406 0.23539610108821307 0.8939082898318478 0.28075189297237557 0.9087215694269445 0.27577409016703314 0.9239591410332373
14 0.030767987105605243 0.1454869218068264 0.015102696501003265 0.17584070439226765 -0.015665293138226843 0.1599617439054312 0 0.12960798697917347
11 0.18882458287203008 0.8321079821956573 0.17041281164063093 0.7746257811926135 0.2658388019040103 0.7440660290516629 0.2842509432476845 0.8015475397479414
11 0.21202720006260733 0.2509056356175027 0.28078544866912125 0.2633579330041532 0.2676940271337571 0.33564341644712836 0.19893578885205443 0.323191159929242
11 0.23393457022450548 0.2438068514787555 0.18710778429283437 0.27109465946753347 0.13123455190986988 0.17521544513228302 0.17806106864873072 0.1479277377709208
11 0.5180000664926183 0.9627913634771331 0.5391328756983285 0.9758049798490782 0.5163168503736415 1.0128448709067472 0.4951841061538289 0.9998313396124066
11 0.917420704687629 0.929265659434514 0.8540637440695491 0.9298029685305175 0.8535095415180649 0.8644006326930235 0.916865364450814 0.8638633284372803
11 0.8645134134031878 0.4418781507236181 0.895387281198964 0.5204102765792562 0.7646669561289627 0.5717959749246467 0.7337940834080428 0.49326468787302025
11 0.9515151106490976 0.3240371656983904 0.9850564556066956 0.32249133781028566 0.9875040190828486 0.3755966311938177 0.9539626744327734 0.37714245471485314
0 0.6977081789467547 0.8283938519738772 0.7098603910557131 0.8754016334417598 0.6384394637329933 0.8938601862256527 0.6262877788010428 0.8468528572307495
0 0.9195662283166257 0.9999999924817702 0.9195666810298917 0.9570215977232277 0.9684873247883843 0.9570221270226852 0.9684871858655697 1.000000207009127
9 0.6028083200571928 0.97445564533293 0.54908069815815 0.9455623390939382 0.580943925081101 0.8863287797833282 0.6346707149311897 0.9152218109310823
9 0.7285474785500128 0.63877013635146 0.8688157012343254 0.6275316893225906 0.8848112989201127 0.8271439433755731 0.7445431081720244 0.8383821378345682
9 0.5924910171744386 0.5312573135521867 0.6289903510050863 0.5371074953861122 0.6214868157908313 0.5839177466382406 0.5849874875788146 0.5780675883466798
9 1.000000007056201 1 0.9929355507813398 1 0.9929355670983568 0.9890849479166669 1 0.9890849479166669
9 1.0000000477051572 0.6082396901041667 0.9815804032962205 0.6082396901041667 0.9815804886236492 0.5629428723958332 0.9999999836451252 0.5629428723958332
9 1.0000000023489974 0.20670790364583336 0.9962289065965706 0.20670790364583336 0.9962289112946792 0.17483164062500003 1 0.17483164062500003