14 0.11882460340609668 0.38956308576945636 0.11882482623980195 0.3405778022410178 0.18354911843596255 0.34057808544177026 0.18354907160039602 0.3895631915087446
11 0.11246783807644078 0.0538322807645113 0.11343491049638033 0.07170882397487012 0.09640001630987172 0.07263036122947347 0.09543294694537963 0.054753820887156184
0 0.33491430035405756 0.35320392882252705 0.26598193048346275 0.3421716025381828 0.2777380246022858 0.26872115970710575 0.3466699140329865 0.2797534465277215
0 0.26487695601872474 0.16765456917756202 0.21172001448076117 0.1780963464309629 0.2003656354775103 0.12029358080667477 0.25352244477289787 0.1098518168376805
0 0.31656566931678753 0.07511052645872751 0.28476993707852216 0.09946700925398613 0.24189588476667723 0.04349789366975391 0.27369158851013253 0.019141427507133758
0 0.18223257765214385 0.19134466601843086 0.15332989687794907 0.2412428278765547 0.0939057207993983 0.20682267892452974 0.12280840184018871 0.15692461915632844
0 0.06355627750849635 0.11676157238655213 0.12818243831145537 0.05791351127964178 0.18231658834577047 0.11736275352341463 0.11769051022474741 0.17621072750413586
8 0.6217407337496752 0.023138828235377884 0.6330970932241371 0.02553386213297877 0.6283766811159239 0.04791629166518666 0.6170203217246808 0.04552125806772906
8 0.6807725910688305 0.05446645746759781 0.698881417315306 0.05185520917048194 0.7020425999946838 0.07377776776077147 0.6839337738713311 0.07638901549258933
9 0.7237410750572053 0.24958531974505377 0.6955795740843769 0.24076173098960552 0.7178300549533105 0.16974799532535864 0.7459914287582023 0.17857156243681696
9 0.7640901998452136 0.2405040687394094 0.7321225551414727 0.21570647090835957 0.7699440726128159 0.16694983406767613 0.8019116388981047 0.1917473856807346
10 0.8188369372609259 0.10764841333001317 0.8298160667172851 0.14471276913068806 0.7874126812233726 0.15727330920207347 0.7764335903858637 0.12020898631237549
4 0.8055629998780205 0.011172457546642204 0.8084738027622507 0.024672443681290384 0.7881178360926242 0.029061498764944047 0.7852070342082698 0.015561513497253864
4 0.7587196448397435 0.049527789199557276 0.7558088449343359 0.036027802978583365 0.7785928193831069 0.031115237512725123 0.7815036206602599 0.04461522176881211
4 0.6399548577826408 0.04381206176294875 0.6490092712255091 0.042506436163694025 0.6517753081375304 0.06168867516140605 0.6427208947384315 0.06299430055513887
4 0.6371662157806668 0.024473038106766154 0.6462206283404157 0.023167412962117183 0.6486141233964418 0.03976611731922295 0.6395597108581796 0.041071742356539924
4 0.6258258779216703 0.05799890076385708 0.6371438936018876 0.05636687087141581 0.6399325365256345 0.07570589471325737 0.6286145209157894 0.07733792428151509
3 0.8936616389499932 0.056598202048629954 0.9015842509026015 0.0554557803397992 0.9040003554997611 0.07221127134004406 0.8960777435884211 0.07335369285895861
11 0.1783650065292477 0.9817509619079342 0.18287275087141097 0.9815035754654474 0.18360335883664902 0.9948123797885632 0.17909561453518563 0.9950597657347271
11 0.1374425282002676 0.5670285914534374 0.15056405669110973 0.5593160148653631 0.16248820190480728 0.5796007523269098 0.14936668520590501 0.5873133130558462
11 0.1763880791208976 0.59091549089895 0.18602081601363807 0.5962131520050036 0.17997372514560084 0.6072073748772224 0.17034099256215995 0.6019097198379222
11 0.1913571948457502 0.5523375938985114 0.20137089070237835 0.5551956941253492 0.1949026080112617 0.5778559000425293 0.18488891451750078 0.5749978056181698
11 0.2270206459346582 0.46345360427953797 0.21583900135954082 0.46308513466552953 0.21666594273585815 0.4379928208882782 0.22784754879683078 0.43836128986716427
8 0.1478900162400123 0.8036420165496393 0.136944208447062 0.8006356320248613 0.1463454419209711 0.7664137517902803 0.15729116192733272 0.7694201235749065
8 0.14946719255851804 0.7607665181518025 0.13208530394172158 0.7651918152695892 0.12246061479493164 0.7273936487236367 0.1398423570065006 0.7229683711525928
8 0.11362010589652982 0.7186981322815555 0.12164906277064347 0.718020702502742 0.1238659162767135 0.744290789625912 0.11583695965123297 0.7449682174112925
8 0.12065210828382078 0.8020283326179234 0.1261555426575569 0.8015640067885302 0.12785841941956733 0.8217433826599785 0.12235498519294197 0.8222077073282965
8 0.17052371873046468 0.7710863930880811 0.16708740484500595 0.7714002082617066 0.1662660126244191 0.7624074402044357 0.16970231930361024 0.762093625362021
8 0.1815486742682424 0.777930722298839 0.17801727347250562 0.7782286730322321 0.1772853235859202 0.7695549237533306 0.18081671717550307 0.7692569733255332
8 0.17997779249139967 0.7464548724424147 0.18361100781669393 0.7462118707715931 0.1841633552045323 0.7544688249648107 0.1805301399020891 0.7547118264057296
8 0.1939933274992427 0.7631924833736569 0.19070188289117596 0.763090796745902 0.19096469726150644 0.7545854998879048 0.1942561354027248 0.7546871864157267
12 0.15408574061291347 0.48212271030373144 0.1653431370797307 0.48070915024362154 0.1676582823024546 0.49914530943298513 0.15640088620898496 0.5005588675300112
12 0.1198486604662321 0.5178188746990585 0.13272569915022814 0.5162905064392715 0.13597817862012107 0.5436914670569127 0.1231011405444633 0.5452198319047291
13 0.15793158411133845 0.4645604840767089 0.14682591703001435 0.47888021305400746 0.13083325003287882 0.4664778997137027 0.14193890767239736 0.4521581912644877
9 0.15768914436443993 0.6984976517379589 0.16724836292803502 0.6837338629378874 0.19296420913713064 0.7003818435630161 0.18340504526065615 0.7151455842384592
9 0.14917490801428812 0.692019710417685 0.13636241329686527 0.6953804558644011 0.12919610581877805 0.6680633115152043 0.14200852995509194 0.6647025757514057
9 0.12161800929925448 0.6714384852115973 0.1266673790672712 0.6648045430342333 0.1371932101310449 0.6728150952324407 0.13214385020899044 0.6794490284263547