9 0.03750752025257498 0.4087718086361505 0.026654131194618458 0.41052443695497487 0.017857372070125166 0.3560516004350596 0.028710692324125375 0.3542989778003019
9 0.07981824587488973 0.20677876370427367 0.10739731665228192 0.190839754930793 0.14420316105940856 0.25452351808829604 0.11662412068756112 0.27046248566816566
9 0.17381158207831504 0.32020897374379853 0.14343597247466278 0.22817842086763432 0.19197052311733387 0.21215951268597044 0.2223462305139492 0.3041898694134311
9 0.38859651156928976 0.17994971067751248 0.41382102334682713 0.11050337159027522 0.46320691230698685 0.12844138367761923 0.43798250465181354 0.19788763280069935
10 0.05359502277065076 0.04939634330524898 0.060241810288971465 0.06953481877873503 0.023850052393299848 0.08154604335590299 0.01720327385157816 0.061407575471746724
10 0.2819177394392227 0.3732790548840726 0.25056090249677254 0.39502859999719164 0.21356686019930748 0.34169537441546666 0.2449235396338736 0.3199459058719225
10 0.4076950981251457 0.21381535871801324 0.44062458325231546 0.21423198214240421 0.439851798106929 0.2753110689861236 0.4069223129945385 0.27489444651219297
14 0.21576723010468868 0.36997405039591824 0.20954550854912668 0.3880105512286444 0.18030984272377282 0.37792605595550666 0.18653157973358248 0.3598895870061361
14 0.0789279792858224 0.27538877664102585 0.0967967617867771 0.28592486391303756 0.08295901297276487 0.3093925128395901 0.06509023987280216 0.2988564383239467
14 0.10341329687594225 0.08604978148171356 0.07735812424664346 0.08764852410867711 0.0744122682978059 0.0396389693873852 0.10046741740404741 0.0380402274767798
8 0.34783183083618496 -5.168430976293686e-9 0.34783183725107847 0.04982977943686346 0.2769234723973568 0.049829772777287944 0.2769234788866015 1.4105603779966012e-10
11 0.1123042671457597 0.3175036835215781 0.13498778765290353 0.30589190607923056 0.15397899077072452 0.3429899006220908 0.13129548679285108 0.3546016536331727
11 0.27995359968178946 0.10282098342064792 0.3100751847572383 0.1283213697176051 0.2800573843044276 0.1637788076267551 0.24993582148840687 0.13827844520051408
8 0.4555040887097448 0.3213667122508778 0.4895253044621768 0.3143811857755861 0.501912718833978 0.37470881038632736 0.46789150998870355 0.38169431410119875
8 0.4396014704445861 0.2439201170700491 0.45374722390749866 0.2410155407708665 0.462224079230964 0.2822983640682744 0.4480783272578037 0.2852029354917303
7 0.49343352014443553 0.31344205618337717 0.488801725949088 0.29303311056393455 0.5058604837989833 0.2891617469308996 0.5104922894246329 0.3095706761419768
7 0.4600543820905614 0.24414882591207684 0.4761540725857003 0.24074055433015568 0.48051045830550265 0.26131847277160053 0.46441076865926334 0.2647267415945622
7 0.43992932862190814 0.19411113522012577 0.4506937120141343 0.19411113522012577 0.4506937120141343 0.2162390031446541 0.43992932862190814 0.2162390031446541
14 0.5918431866901983 0.419287211740001 0.5918431979041543 0.4126148969093945 0.6090957365482836 0.41261491943981454 0.6090957326266562 0.4192872269855528
0 0.6962899994110785 0.41928721174005285 0.6962900772244893 0.39789611765035143 0.7341254526861576 0.39789623081224373 0.7341254251865621 0.41928727476593664
12 0.7559515764035041 0.41336216550523214 0.7487767253188622 0.4202628324825726 0.7390206125093073 0.4101195961215848 0.7461954569303089 0.4032189352226713
14 0.7769791380442257 0.35281709633234687 0.8172377627180367 0.3527349408211579 0.8173535201959794 0.4094571041047104 0.7770948955285348 0.4095392593454044
14 0.6986490705286315 0.28635531677482484 0.7293619465518759 0.301280580925237 0.6980700154487067 0.36567034760748524 0.6673571731945458 0.35074513635789123
14 0.5579126186650001 0.3309845397265311 0.544672985183297 0.34642136888008945 0.5290521386336877 0.3330243456401255 0.5422917616060658 0.3175875325160229
12 0.5731155543959403 0.2661619289667529 0.5793080810918809 0.25610171082543 0.592081084603933 0.26396391615790515 0.5858885648672185 0.274024128219339
14 0.5380761019132478 0.22924806762227115 0.5577791960638478 0.19732554892870433 0.6090046049495186 0.22894222565344866 0.5893015879462382 0.26086467687285797
14 0.5099627132080968 0.20930999518705815 0.4832588515005227 0.23752809279170156 0.4380827326396002 0.19477668761504738 0.46478654759471283 0.1665586438185362
14 0.49452023897424624 0.05300511603542529 0.49969483551603844 0.07293997644550543 0.46733871920832826 0.08133880188597206 0.4621641306066522 0.06140394828256504
14 0.6831321771549028 0.24155510920285472 0.6445439230164993 0.22567330260760315 0.6627305838729853 0.1814856922999229 0.7013187333678843 0.197367474538599
0 0.7861110720225497 0.23186567742260203 0.7982369302482084 0.26195085698286064 0.737915006194612 0.28626304769797545 0.7257892392069607 0.2561779455467286
0 0.7219744314593299 0.21799621522658633 0.734583579301443 0.2380340095753521 0.7008093103876263 0.2592866798127401 0.6882001957459352 0.239248914569332
0 0.7060747639148985 0.17725098107383355 0.6706583357935187 0.161641254921422 0.6890140722048272 0.11999486508933538 0.7244304385300211 0.1356045757135001
0 0.7273175615420087 0.09132470151849514 0.7589954464490347 0.0985325359574755 0.7452214882981707 0.1590677655794534 0.713543606474218 0.1518599397127208
12 0.7742646682828536 0.12773045296773966 0.7766760050421908 0.14919297810527063 0.7504213774759592 0.15214268069733367 0.7480100539165733 0.1306801676092692
12 0.779560693804342 0.1159587461393479 0.7660923894122789 0.10797894885384161 0.7800406942873224 0.08443708008390423 0.7935089898988963 0.09241687402585834
12 0.6618940051082518 0.02001495729525024 0.6861552609793762 0.04607884421215829 0.6421774579740713 0.08701500394585693 0.6179162150908724 0.060951129766005786
12 0.7166205961816559 -0.004646454852510935 0.7255600699603519 0.02979249246990717 0.6756884227518185 0.04273789411168098 0.6667489549407719 0.008298951838229648
0 0.8621529045935858 -5.00849085165637e-9 0.8621529137409425 0.05149751208301921 0.7940443370520143 0.051497506898058196 0.7940443420263819 1.0770198886338963e-9
13 0.9140054691814612 0.374283781787424 0.9095215587252596 0.389163331832852 0.8553294502911513 0.37283324348527264 0.8598133886000596 0.3579537396262587
14 0.9339924452297055 0.36924555241086277 0.9300682592916019 0.35412818458521983 0.9668795571794817 0.3445729936564098 0.9708037634214861 0.35969033082223617
12 0.9415914062664115 0.30920687841129896 0.9377567931275053 0.2944101086138236 0.9617163925886416 0.28820109386228415 0.9655510164456018 0.3029978469574266
13 0.8464705757571664 0.19100459717690438 0.874540425352734 0.2174674713801261 0.8277865177409467 0.2670596939679672 0.7997167290819789 0.24059688222651818
12 0.8937895173404513 0.21592331891656905 0.8841941572054566 0.20100809889420135 0.91277878862752 0.18261906476369524 0.9223741463938495 0.19753426933631676
0 0.9294915456025592 0.16207377069783305 0.9399326275597559 0.17509855397218507 0.9171864978325175 0.19333238986425313 0.906745426955581 0.18030761684857094
12 0.4399307730959663 0.6224185901467505 0.3136365060508979 0.6224185901467505 0.31363864109334827 0.4192872117400418 0.4399287085616379 0.4192872117400418
4 0.15411537695354127 0.8344696302280976 0.023852910206187516 0.8068335727515187 0.08347371774311796 0.5258743706590409 0.2137287663325651 0.5535096190012075
4 0.7294989384326982 0.6979377973655168 0.7586816634097886 0.8044999433331075 0.6719072247947224 0.8282582685099179 0.6427257969169204 0.7216972326759611
4 0.6787462311278887 0.9246226433932208 0.738061012342996 0.9167792472064523 0.7490412159248763 0.999793102670349 0.6897264533807856 1.007636403003644
11 0.5587272945576842 0.8057796081195565 0.6015914809765945 0.9040002258094231 0.5294498942150767 0.9354749493513796 0.4865869099421616 0.8372553494735913
11 0.5720022803297979 1.000000000000025 0.5720032823263637 0.9210237942015715 0.6282906971293869 0.9210245195306965 0.6282903433447018 1.0000000816183834
7 0.43992932862190814 0.9062647809224319 0.47810708421672554 0.9062647809224319 0.47810708421672554 0.988683858490566 0.43992932862190814 0.988683858490566
7 0.6373502975360452 0.8769101911400815 0.5993778014712916 0.8812194687830854 0.5903024462020312 0.8012631249261466 0.6282741759898727 0.7969538909096447