12 -1.362489001621725e-7 0.999999999999536 2.481632463968708e-7 0.9600816123559613 0.0457873352693241 0.9600820506996675 0.04578722347434905 1.0000001652957577
12 0.05007006896551047 0.9999999999999861 0.05007026990574559 0.9771080802561093 0.08800269957794171 0.977108353675349 0.0880026293099263 1.000000143021139
0 0.654846616633904 0.8102639263433585 0.6919564746390279 0.8043369518983418 0.703161635178617 0.874479692123986 0.6660517900328387 0.8804066125365277
8 0.8429666487719487 0.8669532736002941 0.7603464660128338 0.8622821912779036 0.7693388012198739 0.703291392346858 0.8519557889326279 0.7079623830769619
0 0.8389599829470171 0.9584902843490718 0.8141170842866359 0.9570858160725229 0.8195383905293738 0.8612222265384379 0.8443806351646117 0.8626266763868662
11 0.7625480059793972 0.958189335567968 0.7330976807498928 0.9603826184711255 0.7281698895289992 0.8942278010092812 0.7576196656517595 0.8920345386397012
12 0.7825686697983656 0.5724576709234139 0.7417974645578624 0.5701523367075956 0.745703471459592 0.5010827728402464 0.7864742118746335 0.5033880937940732
13 0.6240726963666248 0.655810005464264 0.6374741271857829 0.6565677100501163 0.6313387890880904 0.7650666074167203 0.6179373590325667 0.7643089117437835
12 0.6930581960555173 0.9803871790441857 0.7178600677021905 0.9680119569228244 0.7305653406154988 0.9934678484610376 0.7057635035814656 1.0058430177476148
4 0.6647097588032693 0.6813388766297099 0.6458102948129181 0.6779918033761325 0.6550496127761107 0.6258288935968509 0.6739488828695812 0.6291759493211959
8 0.659062961042082 0.9079446389033978 0.6700993930418235 0.9039745407685966 0.6784566383173569 0.9272008493185145 0.6674202132001028 0.9311709337624932
8 0.6673519585256145 0.9016412976877258 0.6585435400711503 0.9097598799302582 0.6399316812697862 0.8895714727668177 0.6487400629973763 0.8814529209905366
13 0.7215920509036096 0.967324025150427 0.6953282055209229 0.9888270157119516 0.6590938719128872 0.9445823947583856 0.6853574403182847 0.9230795849056783
7 0.6132474638231997 0.8472451422554956 0.6289821775250175 0.848134705758551 0.6267039371755345 0.8884233547344241 0.610969223871848 0.8875337959813774
11 0.6329409297949269 0.4989842817945085 0.6598363093122543 0.5005050208429911 0.6543244295889963 0.5979779824099124 0.6274290511385061 0.5964572558391082