14 0.28943942287048685 0.36244992708333335 0.2690865761594523 0.36244992708333335 0.2690866357389723 0.3102525815972223 0.2894393741851218 0.3102525815972223
14 0.1973531272052469 0.5293589768720184 0.2049998231434529 0.5292634225333498 0.2053826447196343 0.5598958333333341 0.19773594878643053 0.5599913874293964
11 0.2254127692633574 0.5158584441111161 0.24878815736690285 0.5126919824591768 0.2551193118804349 0.5594256834878673 0.23174392630608054 0.5625921328952566
11 0.1235042485387794 0.5598665556221755 0.11553262401184838 0.5609870110039847 0.11257103287630343 0.5399182268491992 0.12054262933133941 0.5387977734728947
11 0 0.30511915364583336 0.016152657105606257 0.30511915364583336 0.016152657105606257 0.36289706336805555 0 0.36289706336805555
11 0.11067590113418646 0.14327330661637655 0.07934087724197525 0.15453481279334513 0.04357445173320684 0.055015334218809504 0.07490937505065176 0.04375384879589786
0 0.070671290881819 0.3755136934626724 0.0882506127538818 0.3718629838753706 0.09980673553343422 0.4275067299959674 0.08222741754434537 0.4311574268545227
9 0.088214281750993 0.45934056515322275 0.10988455813196651 0.4580582395270822 0.11300284530727822 0.5107511251205938 0.09133256936638645 0.5120334457463928
9 0.06388194779356127 0.35161017679588563 0.003841476953198253 0.33772117899111165 0.03335485187017184 0.21014319932332626 0.09339470610143508 0.22403212502594355
9 0.13669129627567145 0.2158439030340665 0.1505713322221709 0.21533894975280662 0.1519847505785492 0.25419003378888116 0.13810471467218122 0.2546949863694656
11 0.9202504884076461 0.559895824889878 0.9202517323674329 0.42672973642871315 1.0000004429598448 0.42673068924150437 0.9999999999995453 0.5598959690189256
14 0.2894393741851369 0.2509387795138889 0.36843129921773143 0.2509387795138889 0.36843129921773143 0.3773765590277778 0.2894393741851369 0.3773765590277778
14 0.4508525034007107 0.42870993390350887 0.3371803297504812 0.3890213786860963 0.41109360898144587 0.17733650398991935 0.52476363270398 0.2170246481569698
14 0.7233372362222781 0.04665334209148299 0.8687634706816425 0.09828889503041294 0.7638085950165987 0.3938794062223016 0.6183826288961427 0.3422443915640024
14 1 -1.1682516378478095e-8 1.0000000139309577 0.06969634509402736 0.9238336187626146 0.06969633129030284 0.9238336322305258 1.165926741207558e-11
7 0.9131104824904241 0.10633820020623254 0.968276859643538 0.12092818114596278 0.9455869816465565 0.20672061331319835 0.8904206164555717 0.19213066230147838
7 0.8590974280245973 0.3470442199904866 0.8099469551224274 0.3199746922535225 0.8543733744088513 0.23931157451771753 0.903523541714776 0.2663809999757609
7 0.8207661385705478 0.39325372060881203 0.8723433509265988 0.41310175252104087 0.8398381990704138 0.497564813858484 0.788261051184918 0.47771690316324156
12 0.21161230739176062 0.739853078338414 0.24927767538360968 0.7545236188097266 0.22029440140659062 0.8289219108879536 0.182629108740457 0.8142515101666961
0 0.16999512956988383 0.8492731186044856 0.20570960556608497 0.8613473105767238 0.18624721352557572 0.9189018733932062 0.1505327850550202 0.9068277802443364
8 0.022053615698951035 0.660320391296543 0.06668106096492465 0.6745263230591401 0.03847375990415003 0.7631250467236409 -0.006153621605562876 0.7489192583571602
9 0.832543568812298 0.7274382437579976 0.83395831638461 0.7696337757145237 0.6936489877534768 0.774335844393644 0.692234939226978 0.7321409900421112
9 0.7945532933244976 0.8538465616304954 0.7804564123667888 0.80740253483961 0.8612267247729051 0.7828916630617644 0.8753238819324451 0.8293351999189195
9 0.6463512219212362 0.5977796597482974 0.6947959507642736 0.5809282957575004 0.7092955856153367 0.6226076404902078 0.660850890703955 0.6394589353019667
9 0.6616909452936852 0.9792761279073487 0.637070383330979 0.9685337602711368 0.649034872881316 0.9411202326388795 0.6736552464491297 0.9518625529895883
10 0.6421009943891249 0.88996619266263 0.621208924380312 0.9254872313021615 0.5700032912847064 0.895377206549432 0.5908953533246404 0.8598564565971909
10 0.43292232200724357 0.8658475209838926 0.4488686513345783 0.9014821052365866 0.3926665052777025 0.9266258183853151 0.3767205287899742 0.8909915336864863
10 0.31352982237979177 0.7972572724934017 0.34511924891069157 0.8144870817544628 0.3265954048287085 0.848441968303678 0.29500603708822837 0.8312122425843558
8 0.7241017569788255 0.9237344900307498 0.7620096772142233 0.94440919552923 0.7423984647389261 0.9803571638037696 0.7044906311546129 0.9596825811881989
8 0.9308533781551205 0.8823567185810538 0.8993486585449091 0.8993522795560057 0.8740067137997585 0.8523863336562262 0.9055110710560257 0.835390893229178
8 0.8905326139524732 0.7136167342627374 0.932520462566913 0.7239639018283138 0.919528711446219 0.776674372084214 0.8775408856174636 0.7663272683045412
8 0.93597301690113 0.7327833523770543 0.9673934924036303 0.7153018355575482 0.9892335667411771 0.754549730785313 0.9578131548200872 0.7720311585861448
8 0.8011414977486311 0.62493492187721 0.8079395684520705 0.6106516780385941 0.8411832679272493 0.6264720321180132 0.8343852560797131 0.640755225828254
8 0.44543778680156265 0.6201694126013436 0.4368884283870784 0.659929077715559 0.3791510281723731 0.6475153299506129 0.3877005487945553 0.6077558926726506
8 0.47361193006065605 0.7523610451209214 0.4869827844888732 0.7242693102807902 0.5303201247562583 0.7448931676581875 0.5169494511197854 0.7729847485353277
8 0.30769741507413073 0.7365500302236168 0.33219581679441035 0.7367491168601118 0.33196008214235917 0.7657522718401616 0.30746168042810496 0.765553185863643
8 0.3836128713991229 0.7321960712587965 0.408329115657466 0.7564611690790181 0.3480784349346777 0.8178205853559188 0.323362434461842 0.7935557333544119
11 0.5585603008202042 0.9727161328436873 0.5689608336034553 0.9508675113233144 0.5922561001685835 0.961953557472453 0.5818556648674758 0.9838020960139625
11 0.7181256003832459 0.6964490282466723 0.7418954990341717 0.6465079334086294 0.7924183186706841 0.6705513974089927 0.7686487603926935 0.7204922028586597
5 0.9499591141888004 0.8244384119088703 0.9422058053069122 0.7988943251738828 0.9669527257101436 0.7913844605859359 0.9747060806079162 0.8169284662923887
5 0.5051349900421656 0.6601705031913874 0.5388609604229941 0.6733348389974488 0.5280689870884316 0.7009790887148165 0.49434303846146577 0.6878147934027583