14 0 0 0.23759633203125 0 0.23759633203125 0.2734375 0 0.2734375
11 0.5237417753905902 -1.0413694254836286e-10 0.5237417755816978 0.012681010428173996 0.49529307216880625 0.012681010296093854 0.4952930723134159 1.9350258625231273e-12
11 0.6882718288204615 0.24704023022280527 0.6599349180269201 0.2444662470278649 0.6631974784693284 0.2085498557437253 0.6915343188381939 0.21112383572048543
11 0.7765753713468939 0.3928562944471732 0.7618007821716901 0.38102544860726173 0.7846163241249542 0.3525342115282732 0.7993908739415474 0.3643650327431831
0 0.19757291943017208 0.47112722820543806 0.31326480927134526 0.5053070018085699 0.2718371212524744 0.6455184054061791 0.15614540493186269 0.6113390591903027
0 0.46911327260977487 0.5228473650053246 0.4661263755378968 0.40838667990116245 0.5594897676375012 0.40595054504378797 0.562477401424303 0.5204104732239441
0 0.609803889550335 0.6568231626830437 0.5651277354938884 0.592390838095627 0.6642499887951772 0.5236688464660347 0.7089259480186456 0.588100464533028
0 0.378394675803861 0.29507996673652714 0.4389048222611791 0.16983820367420344 0.5280819797081904 0.21292322526675492 0.4675723849837823 0.3381645212672511
0 0.4886435030003895 0.19896935205443053 0.6115500533284148 0.13982972872677454 0.6897870968815596 0.3024232154671235 0.5668808421118001 0.3615624243075916
0 0.9674514101561726 -3.480474356593256e-10 0.9674514106259267 0.01661413033276577 0.9212642671221829 0.016614129871950066 0.9212642675780671 -2.3279548181219783e-14
9 0.5183317409811252 0.09437841406563377 0.5255972294141884 0.01866554623393942 0.5984480501964526 0.025656387774161907 0.591182617348295 0.10136920314035926
9 0.8356673902100056 0.30505043695104095 0.7907420401290892 0.3037869079749949 0.7924738958139415 0.24221590939125628 0.8373990150544159 0.24347943511589762
9 1 -1.8434339943842031e-10 1.0000000004001777 0.02809939062494701 0.9873765819056644 0.028099390251241946 0.9873765822669611 1.9638756366311986e-10