4 0.12711437247639878 0.014798342453027798 0.12894483490720177 0.002867393788435445 0.15388936310409917 0.006694417082671358 0.15205890123274912 0.018625365235279148
4 0.0870053631973633 0.020759252681782473 0.10958889032417574 0.018855478097824903 0.11154231958789751 0.04202802868103673 0.08895879250098915 0.043931803055618494
4 0.07739655073976337 0.07221926112805742 0.06043628761324271 0.09514439240424097 0.03668486449055308 0.07757285306477557 0.05364512462062976 0.054647729587603965
4 0.09404073324219553 0.1315961354568514 0.10348181733684214 0.1351216435663283 0.09169536181934745 0.16668480283082332 0.082254279082008 0.16315929742986715
10 0.11640636523475223 0.012554678150314049 0.1253459215457724 0.012216022774959681 0.1260221478597714 0.030066507234390537 0.11708259154909229 0.03040516259004758
10 0.07601181587017436 0.014666529318769782 0.07723658196584893 0.02704109778859523 0.06697013819598396 0.02805721285022642 0.06574537255210089 0.015682644794997255
10 0.0706120106506205 0.03679313886839557 0.07924586832518798 0.03692749260915449 0.07905253875173912 0.04935125638529108 0.07041868107739901 0.04921690265550569
10 0.06646840110545327 0.037688044590792474 0.06792288946019198 0.048266815900522855 0.05850553196705732 0.04956161856396217 0.057051044347645075 0.03898284790914941
10 0.03516385518832976 0.09128000858467726 0.035173367075344686 0.07868789373483905 0.04498196372605889 0.07869530325374526 0.04497245344066414 0.09128741649400854
10 0.03257145942086481 0.18464980341926382 0.02362939575891687 0.18591437140739314 0.02168660689619628 0.17217655764326836 0.030628663899165076 0.1709119901338187
10 0.0024061030628672597 0.10525462482011996 0.006708477923666578 0.10537962492754005 0.006310823982516922 0.11906641276008872 0.002008449122854472 0.1189414126819127
13 0.14701391566711663 0.03722715111077404 0.1374541687805504 0.03654269607519162 0.13855977511434503 0.021100766268418183 0.14811952067964285 0.02178522125622433
13 0.1240074216487983 0.006248450015747468 0.12307536167611488 0.01346987583551992 0.11552166359479088 0.012494929865507796 0.11645372363341266 0.005273504121028876
13 0.11935644150810276 0.053851236931435446 0.11464403074364782 0.053639117386748245 0.11500671479279845 0.04558180487343429 0.11971912497949688 0.04579392440504977
13 0.1229417561904711 0.06477738439003305 0.12749215015310256 0.06669527846576971 0.1226635915965062 0.07815149497569648 0.11811319778144025 0.07623360116002299
13 0.10943778148748606 0.09693803727709302 0.11304699126947071 0.09830094289145888 0.10905930105593598 0.10886100248702497 0.10545009140014372 0.10749809711430623
13 0.0871234168570254 0.09624447194095744 0.0742928733241115 0.09587169762550166 0.07501504985521024 0.07101528119938444 0.08784558518755148 0.0713880553948611
13 0.06284478956274597 0.13767225858587148 0.06855646636711299 0.14055158024487394 0.06472837822400379 0.14814526653095444 0.059016701771270164 0.1452659454051728
13 0.057467309111189024 0.16828944796113673 0.06244385021625476 0.1695828887353613 0.06035237120977399 0.17762982609326985 0.05537583021032333 0.17633638560233048
13 0.020544559649124494 0.16551021725571588 0.016789739037676554 0.16258241690497077 0.023696701896369632 0.15372450404860716 0.027451521166085513 0.15665230360013457
13 0.019550600703837517 0.06833337812468357 0.031332804220710386 0.07648970790027351 0.02342092435333143 0.08791876990782985 0.011638721942176744 0.07976244146872467
13 0.06489775933096098 0.02470663532206242 0.07045652072906705 0.0299813032006985 0.060635135249867744 0.040331664648091604 0.05507637421180789 0.03505699713875539
8 0.2021475722286823 0.005159781031393556 0.20113162085999647 0.015906735259380474 0.18859087750456638 0.014721209861517936 0.18960682905787962 0.003974255855135503
8 0.130270944444419 0.03150484095633632 0.13899757909632626 0.030145150882677114 0.14129678384745148 0.0449016842222676 0.13257014922555754 0.046261374177295755
8 0.11745787273775932 0.07282300257998732 0.12266200825933993 0.07910196684207524 0.10931614978778725 0.09016326643796263 0.10411201570116191 0.08388430351962174
8 0.09737160876284179 0.05136913333008291 0.10415178733876473 0.053293366214155764 0.10023948174875841 0.06707865339768869 0.0934593032718567 0.0651544207626253
8 0.08516426014273293 0.09577211471594554 0.09331700042810098 0.09763078310596773 0.09002685861867121 0.1120623973277083 0.08187411847563908 0.11020372937299922
12 0.15167453657090846 0.07338631661015546 0.13598850551568376 0.07417206028399748 0.13397604381191286 0.033996626045855745 0.1496620650177647 0.03321088261151921
12 0.11004431012293026 0.12452126429502233 0.09488108356958946 0.12631561109896383 0.09129960322434272 0.09605015098757481 0.10646281480046582 0.09425580506323371
12 0.07698640395619805 0.02787238744776137 0.08053907932765014 0.03527127336722167 0.07252585029846159 0.0391189322047217 0.06897317531661429 0.03172004661559244
12 0.0649970692113584 0.018143509880575687 0.05897920286190583 0.010494557601562706 0.071797796740384 0.0004094402100209178 0.07781566298444886 0.008058392286387231
12 0.008819441352670765 0.15193821001028618 0.009469482962458642 0.1450619939660482 0.020293236104180323 0.14608520764239566 0.019643196327479018 0.1529614219960061
9 0.003881050301515643 0.05448866430184963 0.0009503772008656597 0.03503102015956079 0.0288605990843962 0.030827237070492147 0.03179127508576585 0.05028487774792707
0 0.1760278389490395 0.0026905802963460576 0.172979988551333 0.03493144262479776 0.1548875312250857 0.03322109340645458 0.15793538299499232 0.0009802327374489562
0 0.19095447956408407 0.023905070926984594 0.17599777894383806 0.024445229640933416 0.17521380872983627 0.0027375036698821754 0.19017050808440672 0.0021973449781697535
0 0.13410835531374232 0.028439342836228284 0.12920075839701894 0.024605338897238673 0.13344126020865588 0.01917741822855102 0.13834885696280708 0.02301142206968691
0 0.13198727410076572 0.04163575850427597 0.13687139510534507 0.043138726983994236 0.13381364459735323 0.053075338249202776 0.12892952364131816 0.05157236988201647
0 0.1097509073921401 0.05987966373237715 0.09689958527906128 0.053572323048887836 0.11033978788861987 0.026187688076977186 0.12319110563726099 0.03249502747336097
10 0.1373593481299622 0.03486333505107759 0.130793739457431 0.03458128042089005 0.13121614745432453 0.02474856551981487 0.13778175554512018 0.025030620137544795
0 0.03908593904270674 0.18019218404440868 0.035595498233760736 0.18008996921686396 0.03583035716394534 0.17207008840464094 0.03932079647017872 0.17217230321015814
0 0.060156824029377276 0.1421215345010596 0.05611586253837686 0.14098730874683582 0.058497919528690545 0.13250069021605684 0.06253887961372584 0.13363491576110378
0 0.06782197801624079 0.1294443895311691 0.06485961600037626 0.12733365425310475 0.06824480911825503 0.12258264743552819 0.07120717066811721 0.12469338247641928
0 0.07402087312880212 0.11127382800372089 0.0791157158370197 0.11067404580402458 0.0799505297743508 0.11776533498078968 0.07485568707943457 0.11836511710576353
14 0.06132688567083733 0.010271936531048695 0.054751804777424695 0.018941744845009607 0.048612676377842945 0.014285902022558382 0.05518775721907332 0.005616093833458861
4 0.5321762629420164 0.19284596378044155 0.5300861606024228 0.3810856028693858 0.28738335146420013 0.37838861701860166 0.28947532390486685 0.1901508300083847
0 0.8013944643404329 0.38981288646150475 0.8013961255056756 0.17070503585276575 0.9985435649178953 0.1707067666696675 0.9985436996728367 0.38981275696013035
11 0.6181006836096685 0.18500229906234558 0.7774031731046307 0.2426085522551728 0.7109631039581927 0.426334569459006 0.5516608885951655 0.3687288433059033
8 0.9107181204678363 0.01251864760914761 1 0.01251864760914761 1 0.16561752286902287 0.9107181204678363 0.16561752286902287
8 0.4954819982456229 -1.609677910513953e-9 0.4954820009585319 0.02788374863034287 0.4342327367858161 0.027883747681525732 0.43423273801170126 9.11614061532756e-15
14 0.4684555367695111 0.10509576272495987 0.49337691145763074 -0.0018348168018250282 0.7126432213210592 0.04926748321603946 0.6877221646079761 0.15619780124260257
5 0.8545487090419783 0.008802560083832676 0.8493067398744643 0.13006193517342715 0.6928460190218857 0.12329803326386733 0.6980881853801293 0.0020389158004133086
9 0.05807814193713057 0.7042095339091436 -0.0033666367118030394 0.7013422258785268 0.0021622426521616944 0.5828956512862253 0.06360558328560728 0.5857629255168117
12 0.2894738827058063 0.5314365727650727 0.2531354654959159 0.5314365727650727 0.25313562278495283 0.4595508742203742 0.2894736518112495 0.4595508742203742
12 0.33009786913544303 0.9999999621850255 0.3301013605330354 0.8766258956817183 0.4675847196695031 0.8766297075774687 0.4675836559739537 1.0000013416584452
12 0.4974906623451716 0.8677270731784094 0.4114735688328892 0.9024409859054168 0.36046826527694975 0.7760785284648006 0.4464827433263281 0.7413652101447634
12 0.4358689233806672 0.5961470899693123 0.5043827734182287 0.6011420708425539 0.4930729620340344 0.7562529646352316 0.4245591204438597 0.7512580638246319
12 0.422336456848484 0.8241836330542429 0.29076280607796434 0.8167478543329488 0.30424801519200173 0.5782268612237651 0.43581489325185885 0.5856624467379397
12 0.2894736842105263 0.45792666424116424 0.3741002707602339 0.45792666424116424 0.3741002707602339 0.6103190561330561 0.2894736842105263 0.6103190561330561
12 0.4276699972417646 0.5767736340545739 0.3594221769450314 0.5747097645609666 0.36446559255261946 0.4079747209158131 0.4327117186820715 0.410038564899152
8 0.5054874648225223 0.6173455488506028 0.5803171670943357 0.6266478805898004 0.5621293856579541 0.7729331756257559 0.4872997101679175 0.7636309889547067
8 0.43908710755624725 0.4290880350146563 0.5136910134731352 0.4387995912704292 0.4924170401793617 0.6022133295424489 0.417813160488663 0.5925018984013288
8 0.5587369223337646 0.6251368214154288 0.48906210728375754 0.6118871987156922 0.5179718683787087 0.45988151909843134 0.5876449185494721 0.4731309674667853
8 0.5116856695879051 0.3898124600752278 0.5116860070003213 0.4412630132772571 0.4388026411889996 0.4412632057687564 0.438802540935626 0.3898128898128558
11 0.5562711410161683 0.3842734703110073 0.6478666966260107 0.3949411249395106 0.6333747542757919 0.519365686302439 0.541779216104942 0.5086981243990073