9 0.07421875 0.5806587837837838 0.13671875 0.5806587837837838 0.13671875 0.7038288288288288 0.07421875 0.7038288288288288
9 0.2770143044890574 0.342127019811268 0.33151772981830163 0.3239782664490054 0.38076729182375857 0.47187540593813393 0.3262639498914268 0.49002398421106164
9 0.5127249116495705 0.6186304529339938 0.42055195046668814 0.6339758410672582 0.386454625168426 0.4291788404473814 0.47862453994775933 0.41383371427247023
9 0.9520891541613992 0.5558210961940078 0.854670637156687 0.4909452726359839 0.9332881072872397 0.3729016730235858 1.030705130995898 0.43777681235087235
9 0.9980469121035185 0.45162349932759516 0.9877067314837404 0.45138604326322473 0.989724154809096 0.36354347276879495 1.0000642234825818 0.3637809275534575
9 1.000000934702598 1 0.9218748584959258 1 0.9218760988374015 0.8973817567567569 0.9999998441768412 0.8973817567567569
10 0.2753906240000106 -7.132661651659234e-9 0.275390633441134 0.05865240307312604 0.20145183093154628 0.058652393745830526 0.20145184000000427 -2.2248352718089035e-14
10 0.006325732170239462 0.4198868356696917 0.041058186917325656 0.37032181968815897 0.10309153950220207 0.4137892373117895 0.06835935098888513 0.4633540146711194
10 0.30997947654861946 0.8967233962020951 0.34478773221906067 0.897678050547466 0.34316523722588954 0.9568216135632504 0.3083569818909382 0.9558669671947482
10 0.6010906211065503 0.7926902642831047 0.5377908838049734 0.8187835689629119 0.4852137143301434 0.6912565218500347 0.5485117125267607 0.6651636223226491
10 0.9042473288532165 0.5711286966618558 0.9762875068380481 0.6047097077863526 0.9277218451512681 0.7088828570231392 0.8556818979951686 0.6753022214885238
14 0.19298960297567191 0.9556326257543415 0.15415695211879665 0.9599419298576345 0.14776171360779244 0.9023247515001117 0.1865937358965084 0.898015482499396
14 0.48228713721573513 0.747716769991621 0.4611640956361498 0.7758481012786871 0.40924796494584825 0.7368720728078998 0.4303709226303454 0.7087409489833303
14 0.2567764610462291 0.5382252088123866 0.22159761226726005 0.5147979978848877 0.250447261007821 0.4714802714460597 0.285625902032848 0.49490738782264776
14 0.35674564886096505 0.11393146588420551 0.30694722912630823 0.1092781374496343 0.31577570385456966 0.01479920141257609 0.36557403657809573 0.019452525923542345
8 0.14843749381248017 -4.160767818533807e-8 0.1484375316057367 0.10557433338494754 0.05273433277409367 0.10557429111153145 0.052734375999989425 4.178205231938206e-14
8 0 0.44575825825825827 0.02734375 0.44575825825825827 0.02734375 0.5102759009009009 0 0.5102759009009009
8 0.12733175740288516 0.9251008373151904 0.06477552422052213 0.9198941802673208 0.07533645729972704 0.7930513334364327 0.13789062602938884 0.7982579043456979
8 0.05859375 0.9618993993993994 0.128890624 0.9618993993993994 0.128890624 1 0.05859375 1
8 0.7220033258404328 -0.0012689292024896403 0.8558869948332131 0.030622726070393808 0.8167068344420159 0.19510370664189775 0.6828231909796614 0.16321212956671954
11 0.29009845901862263 0.591011750009524 0.3279839250186569 0.5657831208199359 0.37787041379488073 0.6406886533537655 0.3399851195690644 0.6659170694425167
11 0.729187820438824 0.3338281218058285 0.6627510190365911 0.3836762298629322 0.6120753206176914 0.31613821069107134 0.6785117526023896 0.2662903063537628