12 0.18374277720226928 0.4258105138910415 0.17005659084884428 0.48753361910379556 0.08850930258790868 0.46945239958678064 0.10219573909409974 0.40772963915404453
9 0.24023656830240725 -1.5888069808629534e-8 0.24023658156909278 0.06751424080520975 0.16220514273595654 0.06751422691542257 0.16220515716179307 -1.1194061593744642e-14
14 0.8910662386230115 0.18118912516781602 0.8534427567251441 0.2047433730366447 0.8306726132633457 0.1683726320805524 0.8682960310302406 0.14481841060081985
14 0.8890531221082938 0.23584970019034285 0.8853369005606737 0.25990040446337787 0.8499214091107206 0.2544282035470014 0.8536376566974013 0.23037753147665588
14 0.7970569045394313 0.35716723882566326 0.7675394203138239 0.35707730966139595 0.7676911710019567 0.3072936377916228 0.7972085052132343 0.30738356672605216
14 0.7433450113041999 0.3885655608454824 0.7307654077856114 0.3963752167051392 0.7123960004234959 0.36678747603134537 0.72497556548592 0.3589778358486168
14 0.6774131588804266 0.3381149177339583 0.6717205000401236 0.349876806470543 0.6457972201827715 0.337330560200933 0.6514898825996625 0.32556868882392365
14 0.5944285389501829 0.3874038563828514 0.6055048542442591 0.3884845231799079 0.604106825998997 0.4028129641986133 0.5930305108407765 0.4017322983378974
14 0.6134833481189617 0.11792099868154969 0.5796197060941495 0.14815926629703682 0.5421060655438623 0.10614810774670322 0.5759696709450282 0.07590986856621582
14 0.5918224055587871 0.18992318071852624 0.5891679687434817 0.20710225053581688 0.5695050170174909 0.2040640402339106 0.5721594621280701 0.1868849806414115
14 0.5431143047958358 0.30938483486769297 0.5311250778474914 0.30690784818837896 0.534684661659071 0.28967910749992243 0.5466738699954021 0.29215609219664396
0 0.7459265450928569 0.4999999999999488 0.7459265897152818 0.48840076277504213 0.7772224191478472 0.4884008518056238 0.7772224018567613 0.5000000618268032
0 0.7709458684431638 0.4644364261304472 0.7538713435393447 0.4692582189815957 0.7467569816783453 0.44406690377715047 0.763831448347787 0.4392451196346974
0 0.7548358158312567 0.36697154191295916 0.771009578627627 0.3569305703131653 0.7855516240339284 0.3803535926319037 0.7693778734402485 0.39039454847013194
0 0.7067858338317592 0.5056468029455504 0.6712369215989611 0.4901170679066132 0.6906858545361274 0.4456001295817419 0.7262345500897709 0.46112981044359397
0 0.7143309619034426 0.4764450908190181 0.7226382027246245 0.4772555717801862 0.7209323514189236 0.4947389032496542 0.712625110751901 0.49392842334183396
0 0.693144382283549 0.3953003117255624 0.7081436296448373 0.3869633544356081 0.7209399563423631 0.4099844640822454 0.7059407186033013 0.41832140788956146
0 0.6291359678740491 0.3754928513131273 0.6457504420340001 0.37711385579555856 0.643337996741252 0.40183907645606787 0.6267235229344124 0.4002180743545648
0 0.606257773371226 0.34698095054642714 0.5775529948884923 0.3474903528130143 0.5766596050283397 0.29714466928498817 0.605364241593179 0.296635268278737
0 0.5372352467335304 0.4488446281275001 0.5404207711142135 0.4282297683378588 0.5620230748696713 0.4315676868461862 0.5588375843550466 0.45218251629867656
0 0.5504644206484954 0.45454496454009263 0.5390073899540084 0.4652261477408857 0.5220273911896811 0.4470138866418509 0.5334844003858734 0.4363327217384805
0 0.5594315898015338 0.2590295423156548 0.5732769817590224 0.2603804111611249 0.5712178337325895 0.28148467066241495 0.5573724419439259 0.2801338029966292
0 0.5487692024232729 0.253706514317006 0.5615361238639025 0.2549521597605159 0.5597999580396618 0.2727461731699716 0.5470330367284078 0.2715005286186131
0 0.5415573092966497 0.17863865313491362 0.5670328276607961 0.18112427711403464 0.5646097758449287 0.205958211509732 0.539134257740443 0.20347258934602022
0 0.626114363091574 0.24372151816133983 0.6116941908533136 0.22092845286153917 0.6391498731036336 0.20355872675110978 0.6535700417972521 0.2263517661977423
0 0.663355680790005 0.22598925180910243 0.6618948126048281 0.23915062101504211 0.6480594987385757 0.237614966230549 0.6495203725513647 0.2244536034980372
0 0.7504580601409998 0.28626297895455804 0.7349192889067808 0.2997201774709386 0.7080834291763267 0.2687340179427465 0.7236221680611834 0.25527684292605285
0 0.7701244709904813 0.23484226029102215 0.7653551247518635 0.24802406770431293 0.7353643626372559 0.2371731903412257 0.7401337157602939 0.2239913980290549
0 0.8307177981627092 0.24959062066563376 0.8373078587670761 0.2671495237315578 0.8107690602219009 0.2771096082833954 0.8041790232094854 0.25955072523585626
0 0.9046824607416966 0.11507138986932153 0.9262472302416427 0.10168305579086628 0.9417362888094658 0.12663139109072455 0.9201715249085964 0.14001971791959755
0 0.8887377344974539 0.0355205537931328 0.9081212781949262 0.03741181069794703 0.9059137340918824 0.060036976307998965 0.8865301904379521 0.05814571971417122
0 0.8124631262987805 0.09194285917983418 0.8165123106701913 0.1180890451978619 0.7902616719314892 0.12215437928661345 0.7862125001304321 0.09600820440559608
0 0.7534769037105207 0.07737977540844997 0.7443562330215627 0.07781027053811333 0.7436540680042754 0.062933864803062 0.7527747357889893 0.06250336974213996
0 0.6154550059682151 -2.9992409187657224e-10 0.61545500620457 0.015227431639578863 0.5813453325509954 0.015227431251960083 0.5813453328912601 -7.591089493649253e-15
11 0.57509675764436 0.4535402035037307 0.5647772958478754 0.4525750344115509 0.5664764424864188 0.4344092221004627 0.5767958790062266 0.43537439000345723
11 0.5840081323958657 0.1753764984592415 0.575681617780333 0.1650111488638127 0.5873927680162296 0.15560363063830895 0.595719280539015 0.16596897627007204
11 0.5999931510001488 0.15464969386584126 0.5949214472859694 0.14301823754222448 0.6103062108076074 0.13631001059827985 0.6153779158283896 0.1479414625300286
11 0.6383035995684168 0.14346668505902965 0.6278107200662362 0.13777809186559417 0.6334624144246845 0.12735333802223203 0.6439552897559224 0.13304192981824714
11 0.6663809757528725 0.12050966923723674 0.6715781982463795 0.11487633375004641 0.6838370665873299 0.12618611260363494 0.6786398459223619 0.13181944631784553
11 0.6346425847224282 0.0928088914529769 0.6432658193147063 0.09588677768788012 0.6396725231071514 0.10595399288305778 0.6310492887623695 0.10287610714603322
11 0.748415441273778 0.1273128577889881 0.7415709085087201 0.13408374030074394 0.7249018086989736 0.11723339630438001 0.7317463384246139 0.11046251676344851
11 0.8121098881322268 0.20561585717709965 0.8056712961932817 0.21074110631506693 0.7969816607098892 0.19982488924161534 0.8034202490895268 0.1946996423048014
11 0.819546810934412 0.21064713888250408 0.8329044378923527 0.22525517615910204 0.8243635868125239 0.23306482986881116 0.8110059657697093 0.21845679829985115
11 0.8478870441755362 0.23293083527674852 0.8494696496487677 0.24270710236292103 0.8290515348215877 0.24601236677977012 0.8274689376361266 0.23623610708364315
11 0.8773516794124134 0.2183267685385044 0.8880054713188201 0.20716014961867504 0.8991372441819294 0.21778054720472484 0.8884834581324412 0.22894716038090512
11 0.6010416926856124 0.016747986881349482 0.6096481152137585 0.017304175736853146 0.6089132945238589 0.028674731600904984 0.6003068719975317 0.028118542767222008
11 0.625567844443708 0.019048327962811137 0.6330139221586251 0.019099637790951886 0.6329499966587946 0.02837649922168981 0.6255039189438776 0.028325189395272267
10 0.6903277262678102 0.43590642389961315 0.6647931291166742 0.4367211055053048 0.6637487146448393 0.4039860612678277 0.6892832047782349 0.4031713813718517
10 0.6336412345469853 0.35796899127986737 0.617026736859998 0.3563479691513343 0.6197621888898084 0.32831251558444663 0.6363766382017957 0.3299335353425154
10 0.6650180869634141 0.278625501045069 0.6602400457603608 0.30954782068593284 0.6342847511507443 0.3055373411483155 0.6390628216381629 0.27461505719626694
10 0.519189414359289 0.40788770354708387 0.5263055197685844 0.40858198596217254 0.523617566767598 0.43613091089642125 0.5165014615384962 0.4354366297169843
10 0.7341082368826619 0.3215547782431191 0.7574702730597664 0.3070510509386688 0.7739259749826033 0.3335564234671389 0.7505639563090654 0.348060128162047
10 0.8230568109258911 0.30197403909275 0.8434196455302754 0.32268443496759597 0.8210582520190428 0.3446698306347282 0.8006954497263905 0.32395946677713605
10 0.771368319695398 0.27043331282435135 0.774022814087175 0.25325425066098495 0.7979317795551424 0.25694856249668685 0.7952773038066425 0.27412760806504016
10 0.6555007276404012 0.19624458377215642 0.6528462880593224 0.21342365019922746 0.6333760845525376 0.21041522043037425 0.6360305326167008 0.19323616444244024
10 0.6143846669260711 0.18989155498128227 0.6117302192803891 0.2070706172768401 0.5895060963792957 0.20363665288744628 0.5921605534028913 0.1864576021612494
10 0.5644589746615338 0.22411119003927332 0.5487954112730904 0.20817998407380758 0.5611636556736812 0.19601969802788471 0.5768272104464813 0.21195089504317466
10 0.8740144645834107 0.15582715914702874 0.8880739442597587 0.13755656188856102 0.9152132334678527 0.15844047944076395 0.9011537704385546 0.17671106151593724
10 0.9440798146612224 0.1669596388494018 0.9403636153473371 0.19101033410358054 0.912246154299055 0.18666577870253412 0.9159623685771976 0.16261510168211138
10 0.8344079656915255 0.1676029302404544 0.8328153054915219 0.17791037389268788 0.8159062817896938 0.17529768472551044 0.817498945720672 0.1649902456785621
10 0.6630494056024645 0.11777895251167493 0.650518620151729 0.10503392716023413 0.6666318684466432 0.08919159406637 0.6791626494366483 0.10193661479505708
10 0.6449172652386324 0.04685994447775828 0.6401393087505767 0.0777822575350264 0.6234230339171063 0.07519934452017976 0.6282009943133744 0.04427703635355342
10 0.5892996212199932 0.07316716042702619 0.5726576034326172 0.07157794251951495 0.5758202400101027 0.03845944668208491 0.5924622482632458 0.04004866412510346
10 0.5586575534891836 0.11335797385348505 0.5489349241046284 0.113600235616072 0.5486204023169421 0.10097756421103764 0.5583430276965373 0.10073530249835695
10 0.6980486417129441 0.11024820845854677 0.7102266758639644 0.1055282395126964 0.7168448607637856 0.12260381115351562 0.7046668274421108 0.1273237785642856
10 0.6214571197923533 0.1547803251298804 0.6202513660396107 0.163513035505156 0.6104655154585998 0.1621618794352781 0.611671270948932 0.15342917113782248
4 0.6740891607408912 0.4848036545199971 0.6483450949830285 0.48517931027710587 0.6475939385262564 0.43369762603864653 0.6733378188669121 0.43332197163457165
4 0.7786202968451335 0.3866892662471505 0.7944583884643635 0.4203753147658676 0.7311997498528626 0.45011568276286973 0.7153618341645824 0.4164297837885533
4 0.8548239073310242 0.28236836213536853 0.8454874392732563 0.2968496058023072 0.8192610142295962 0.27994107492421005 0.8285974793304831 0.26545985060547783
4 0.5337801129263653 0.25834731822107637 0.5398958820940152 0.25894402175773207 0.5378218612675028 0.2802007383921151 0.5317060921749999 0.27960403537735384
4 0.7756968637088448 0.04760884536879727 0.8208220955559682 0.03486482956726567 0.835140177104563 0.08556361462850472 0.7900149474432965 0.09830762377683104
4 0.7439861458794894 -9.972580501485297e-10 0.7439861474857707 0.033802652827313824 0.7089102603591755 0.03380265143902636 0.7089102616810123 8.935301233602911e-11
4 0.7070883913460193 0.03496504486412362 0.6774873793675624 0.03207686614846073 0.6808989319630427 -0.002888178367318485 0.7104999376657588 -3.6744103400110744e-15
0 0 0.9721709044811321 0.04421826392572944 0.9721709044811321 0.04421826392572944 1 0 1
7 0.02335328918320556 0.921848651101655 0.0049665907100688855 0.9250438391763899 -0.0007365500709966 0.8922328521332029 0.01764998311682575 0.8890376787365086
8 0.6052597955767851 0.97936993296427 0.6129692155734574 0.9350318368830551 0.6573017759607183 0.9427381982147196 0.649592685999778 0.9870760014835871
12 0.5721000160198173 0.8747088337329506 0.601019023663639 0.882881951412518 0.5797783155287561 0.9580191559792693 0.5508593438784146 0.949846127304353
12 0.7114819045046943 0.8135146374185905 0.7359533775805858 0.7958836605234141 0.7669424357214893 0.8388871218211191 0.7424710621151007 0.8565179810084429
12 0.6161384744177667 0.727372163638517 0.6526971274834068 0.7241299857402517 0.6575766506521177 0.7791419775157183 0.6210180003231471 0.7823841348981413
12 0.8485602892659472 0.9406500772396629 0.8214130279651499 0.9583486027650446 0.7910847410872748 0.911840891159345 0.8182316866566453 0.8941425046888791
11 0.9059126122858743 0.8076116575543876 0.8622763913085691 0.8109352920535965 0.8556628899242469 0.7241161386968918 0.8992982251523927 0.7207925381556264
11 0.7496359451221224 0.7976187340683792 0.7220511526336395 0.8070973557773657 0.708650955162625 0.7681069570285377 0.7362354989559208 0.7586283819222075
11 0.6775063393604341 0.6968204543034647 0.6526963955973315 0.7069735058426286 0.6261992675969168 0.6422338687842373 0.6510088959661289 0.6320808903527989
10 0.7697140560012485 0.7104875420668036 0.7872188733356325 0.69543136160827 0.8050757021973141 0.7161891375508692 0.7875709267033244 0.7312452731739076
10 0.7363903819993993 0.5533947441634594 0.7519747173242877 0.544235073347381 0.7687727533631232 0.5728126811873732 0.7531884373684079 0.5819723259845682
10 0.8895092568243399 0.6749567806526979 0.907961869262067 0.6652808767788193 0.9234873907078054 0.6948849533757453 0.9050348013228131 0.7045608235036953
14 0.844282154503162 0.8409204710347928 0.8713400026690579 0.8512543333273785 0.8581425645153331 0.8858022320823724 0.8310847430240074 0.8754684200893027
8 0.8592717180040381 0.895656818518622 0.8440454472952297 0.905542802534637 0.8278022291989373 0.8805311601722524 0.8430284085532094 0.870645216122179
14 0.745573974740978 0.7877315670553658 0.7576280996360083 0.7732830875411004 0.7905813942500117 0.8007702435027135 0.7785273494642979 0.8152186480179905
14 0.8018871476647291 0.6964034198258877 0.7925028715289955 0.698855215796626 0.784638927522451 0.6687600695067927 0.7940231459039069 0.6663082814745318
14 0.814023898444816 0.6602290626395287 0.7925487972162273 0.6703512257431943 0.7827478240653818 0.6495601645382264 0.804222841481419 0.6394380245976478
14 0.606608175763995 0.6648225863901828 0.6182925273428737 0.6595168468770793 0.630714692248489 0.6868693033169034 0.6190303506805321 0.6921750264245581
10 0.6829322232481445 0.5285286891852745 0.6735921667411731 0.5359177916054734 0.6581825561411279 0.5164411675353378 0.6675225887036049 0.5090520797643313
11 0.639781741853426 0.5206054501433005 0.6196496724587632 0.5342482069989238 0.5973485466015518 0.5013419150437393 0.6174805251990847 0.487699200807383