0 0.35177676598209473 1.0025972662526104 0.3391340884722922 0.9803844788859785 0.3750286070346647 0.9599606762683028 0.3876712868956247 0.9821733263272023
0 0.5259437159414801 0.4967347250855349 0.4508848720917058 0.7760188318630686 0.2401227465603597 0.719377701264859 0.3151851664114247 0.4400992031868007
0 0.9034482718777781 0.9078091881624368 0.9034493378962907 1.0000004792647137 0.7739335124479112 0.9999997675707109 0.7739341790830849 0.9078102004587674
9 0 0.9634763880208334 0.079172126953125 0.9634763880208334 0.079172126953125 1 0 1
9 0.16068590989675613 0.8321479465848469 0.21398179269442608 0.9041753177765353 0.0687594138453278 1.0116006789528489 0.015465538266425938 0.9395751301009613
9 0.1806665125507152 0.6054615727315279 0.25503781838256145 0.639678283317091 0.1935911827157497 0.7732154986653951 0.1192202021330786 0.7389993177597027
9 0 0.5745074140625 0.001340701171875 0.5745074140625 0.001340701171875 0.5975494973958334 0 0.5975494973958334
9 0 0.1545882578125 0.04010164453125 0.1545882578125 0.04010164453125 0.21477644791666664 0 0.21477644791666664
9 0.34706341422145215 0.12476168468687097 0.2638389160570114 0.18009782646731057 0.18379399317666412 0.059711900633037246 0.26701823733151286 0.004375872917102603
9 0.4637062285156617 -3.44405151220045e-8 0.46370628316344664 0.08952998187554449 0.31202607828890905 0.08952994545172362 0.3120261157966979 9.739168911443983e-10
9 0.6067192702662396 0.00036712671505891286 0.6057348844088892 0.1982746951313535 0.41624420027540054 0.1973316466710582 0.4172291209016521 -0.0005754275235158322
13 0.36812962406770566 0.85304714585228 0.3580172383532272 0.9139424473159846 0.29881181118832956 0.9041124782223255 0.3089245852554541 0.8432176611017972
13 0.8624130452695908 0.4881820119153777 0.9189735491744386 0.5165124907670915 0.8721253635649191 0.6100341800928429 0.8155650251403586 0.5817039491713357
13 0.9012663318109162 0.679472364364743 0.8781475162469405 0.6777724791409897 0.8806775048591362 0.6433695973733563 0.9037961603952454 0.6450694766908355
13 0.9868028477213784 0.5449521584287021 0.9717601795180144 0.5290468238724031 0.9930180343206985 0.5089436748412285 1.0080606701459374 0.5248489721097566
10 0.9550417284144714 0.38048986599806145 0.9973624173517237 0.38138722161497696 0.9948448001749739 0.5001154005648188 0.9525241113281027 0.4992180520833326
10 1.0000000327681846 0.445274510259691 0.9869958305184809 0.4453368066943734 0.9867980171520685 0.40403847335345106 0.9998021503906784 0.40397617708333333
9 0.9542319270068447 0.9537362246701834 0.9837643907051188 0.9587513130447073 0.9759240833416243 1.0049073165007891 0.9463916283333447 0.9998922631611491
8 0.43348688606215546 0.8441985421603387 0.4702718248339579 0.8396630606247153 0.4778164708393433 0.9008398538231319 0.4410315387233368 0.9053752981928725
8 0.8585280356438716 0.44160959732759597 0.8777181208928369 0.44867578000829 0.8298301136011332 0.5787184247971959 0.8106400671949814 0.5716523181760804
8 0.9929042803062202 0.13820728646586908 1.041623177889278 0.16086145088337173 0.9702253729639096 0.31440353959670175 0.92150654984232 0.2917495087014477
13 0.7661450020441407 0.8753873910966005 0.7842550382115405 0.8864419261900891 0.7683212163875623 0.9125390522098471 0.7502112153058533 0.90148456317044
13 0.7905964603090752 0.8097742734068833 0.8111697017462802 0.8186320942922262 0.798131522465269 0.8489083253919777 0.7775583025218111 0.8400505413670061
13 0.9692500815172025 0.8264102472243894 0.9521524579491825 0.8205667984524271 0.9630276333267602 0.788753175352426 0.9801251272375566 0.7945966000002729
4 0.7049364667968803 1.0000000000000093 0.7049365061569688 0.9927414189995136 0.7279329124617107 0.9927415129828829 0.727932898437416 1.0000000686670771
4 0.7479382519070441 0.7425042988326722 0.8050369442410101 0.7646606357864106 0.7206697946058966 0.9820342097421089 0.6635714643147139 0.9598785494223534
4 0.9431247734374892 -9.04597107134142e-8 0.9431249150300118 0.140243335448935 0.7496044013348637 0.1402432025709835 0.7496045312500428 1.806455666737482e-14
7 0.7842638675832632 0.7775260783711825 0.7514699498922255 0.7647899947782897 0.7701711849064168 0.7166453260299758 0.8029647558668103 0.7293813343026938