0 0.2577125183629505 0.4741475436190308 0.17872138362122314 0.4771051749054535 0.1700424622263199 0.24529369837350803 0.2490315152921312 0.24233610704107403
0 0.03445959550651878 0.4381360582502507 0.005552777151024202 0.442331732317085 -0.007522724554632987 0.3522489217556097 0.021383786107094238 0.34805327016191595
9 0.25732449608869956 0.5305689489559213 0.2478237223680253 0.5286832880179013 0.2635198337937936 0.4496057317905426 0.2730204977899575 0.45149138160043784
13 0.1848489166387708 0.5591647323255973 0.18484898296799201 0.534668551453845 0.2067540905346732 0.5346686222794311 0.20675406903478688 0.5591647580571619
13 0.06963803290057058 0.15211849126463775 0.04705784341820163 0.15315793570205474 0.043301984522486237 0.07156796750483194 0.06588211335451888 0.07052852443400624
13 0.031256526144488816 0.16103282357689574 0.04052998606869096 0.1624485449584432 0.03619876076675155 0.19081929520164503 0.026925301095957366 0.18940357490997922
10 0.033965710560664775 0.04165901160093641 0.029742844205884467 0.040878576126376444 0.03744104945383242 -0.0007757102312812834 0.041663914969603866 0.000004725178100370666
8 0.1482459245305563 0.4794623418695379 0.16326882979933544 0.48058114315116396 0.15998627796955134 0.524654863818506 0.1449633731162976 0.5235360663303725
8 0.07283128125436633 0.1521468960187067 0.06535941272795753 0.1521037651250584 0.06597606484456264 0.04527944127410522 0.07344790965726133 0.04532257209986054
13 0.05044597643598081 0.3946157329839897 0.042966505492927354 0.3952429088188231 0.0409287251599153 0.37094206885272596 0.04840817493891336 0.3703148939101613
13 0.049824561009472745 0.3413385938804036 0.04214219470259195 0.34195236897226017 0.039953464666496075 0.31455772029640394 0.04763580993915184 0.3139439460499351
4 0.07239078578072622 0.4716810089444754 0.05010500603452783 0.471735834967073 0.04966301017259411 0.29198097514544924 0.07194833477717566 0.2919261496738499
7 0.06791601560132676 0.3021650828696079 0.055173325777104765 0.30231022787705686 0.054712236068894526 0.2618289469900074 0.06745488123590349 0.2616838022382347
4 0.6051383445902729 0.40755426454835436 0.591958729807061 0.41770227301403745 0.5333853971023927 0.3416339538330047 0.5465649176014722 0.33148600000783074
8 0.2687774119947335 0.6959497320185609 0.2837614559850863 0.6931235221408142 0.30442315658660846 0.802650097289143 0.2894391227613369 0.8054762713195296
12 0.3258477649598035 0.5591644068208754 0.3258481009212346 0.6944411169779371 0.28943923638541946 0.6944409613444049 0.2894393741851218 0.5591647331786843
12 0.3264745133373026 0.6257218560391059 0.3466773887511181 0.6185269025960769 0.3739831548782604 0.695189521050762 0.3537803089071758 0.7023844155522476
8 0.4219388791369738 0.6952530507207925 0.38132684020490615 0.6839500417788682 0.4069196668154973 0.5920079820855106 0.44753097783564044 0.6033108828306123
8 0.39699555595484526 0.7979732208481447 0.3850939290741735 0.7949681279636298 0.3978113212027665 0.744610685352143 0.4097128099153906 0.7476157599750184
4 0.47268052903962143 0.6859950764498527 0.4804226077361591 0.7241314956546806 0.4477762087943802 0.7307578889909673 0.440034286715445 0.6926216068028691
4 0.48220644621335396 0.7920364275090378 0.4240700623909106 0.8315192858473776 0.37566646779953317 0.7602600805655435 0.43380198974375617 0.7207776278099461
4 1.0373379549189394 0.9705604418130204 0.9803722557658148 1.0154756304442158 0.8076327074115852 0.7964427671088182 0.8645955632333653 0.7515293120649467
9 1.0000028662531122 0.8850741438515078 0.8871603807605197 0.8850741438515078 0.8871632776111937 0.6073248433874711 0.9999988395534274 0.6073248433874711
9 0.7901480416450113 0.5591612592429591 0.7901512372291108 0.71277636292504 0.6304867756560952 0.7127774228386334 0.6304859647979129 0.5591647331785979
9 0.5823814268678689 0.9554325098432694 0.6149265988614161 0.9979234356254424 0.5764213893189662 1.0274066926002268 0.5438765567145083 0.9849160765661255
10 0.6318754837027427 0.9999999999999627 0.6318756936478849 0.9678338168855931 0.659984733256124 0.9678340273399649 0.6599846590611378 1.0000000743285569
10 0.67042143412732 0.9410482861759828 0.6613297872354451 0.9474442998067191 0.5997595777137121 0.8599466971891846 0.6088510354234131 0.8535507777636098
10 0.5152488655064644 0.8480926915292216 0.5450881850856604 0.8327630451771219 0.5829072428847439 0.9063613605478842 0.553068037321168 0.9216908369072657
10 0.4062567880948791 0.753451012261429 0.3942051848736128 0.749747392566469 0.4076982819831301 0.7058481865345729 0.4197497704979014 0.7095517873377736
10 0.41787795059792643 0.6174232262069402 0.3972988139400968 0.6371348145458592 0.34751514375989245 0.5851656576708714 0.36809413741309527 0.565454198784426