9 0.0007463486455208113 0.2500987115027776 0.023877222920418717 0.24636347554617072 0.030788597696300712 0.28916204532490647 0.0076577250076752534 0.2928972746233142
8 0.028531300353392908 0.4192949907235066 0.02853151717511082 0.39043053903769254 0.10256387404263023 0.39043092964793913 0.1025637891958695 0.4192952522386135
8 0.2058470645079069 0.4110727010684509 0.19276246671017816 0.4131855821244603 0.1899483594359026 0.39575923000070157 0.20303292939831863 0.39364635123603403
8 0.18559989090408635 0.1590711874160652 0.15839280623947616 0.17925889372472922 0.13277957041702848 0.14474000436858928 0.15998661699586592 0.12455231882387367
8 0.09518728644980001 0.10337380465472369 0.11603390676975778 0.073465148780473 0.15826243548110597 0.10289875790561245 0.1374158421208449 0.13280738969123387
8 0.27052993114045876 0.22697228919206433 0.2597759375332771 0.22824907984642104 0.2532657307936006 0.17341626532125676 0.26401968925722485 0.1721394767481196
11 0.23048457992217664 0.27023517425323446 0.2034103516923551 0.2602022544681572 0.21919854232305624 0.2175981255650167 0.2462726886726614 0.2276310286485644
11 0.3643803686690035 0.37714381910947564 0.3622218055389794 0.3706041269695157 0.38526884795658134 0.36299727042248314 0.3874274157334412 0.36953695366510936
11 0.40441692595720724 0.27863297975907886 0.39816292029229317 0.25968524116290775 0.4169696844327291 0.2534779001594895 0.4232236979331674 0.27242562354151956
5 0.1621261190293808 0.2031862276526628 0.17350079583547995 0.2073483705304083 0.16508375155547128 0.23035089828378344 0.15370907646888554 0.22618875876483496
5 0.08836847276177195 0.29020798133382 0.1014120345231504 0.2988084098000886 0.08453503488772185 0.3244036224621781 0.07149148297548891 0.3158032063324865
5 0.20411872143904475 0.33023658292646396 0.18837340550066983 0.33338261516502277 0.183801633471262 0.31050236778558704 0.19954691456780438 0.3073563391348966
10 0.5195244954416012 0.4192948437112164 0.5195251197197877 0.3927803274495819 0.7899601098408766 0.3927846558942425 0.7899599288533636 0.41929872886820097
8 1.0000002364261036 0.3592942606679036 0.934529194816264 0.3592942606679036 0.9345294026761621 0.289850379406308 0.9999999996225597 0.289850379406308
8 0.9973838062950335 0.15626973564559074 1.0013600587690235 0.21321630343479409 0.8502920939891965 0.22376391545434107 0.8463161058377864 0.1668175917904021
14 0.8157924770611089 0.10631652771272054 0.828483278960789 0.2629371722123474 0.5128413633323134 0.2885108403086923 0.5001521762760603 0.13189176689213944
11 0.9537955239014764 -2.645832618620217e-7 0.9537956426122491 0.10687293402115844 0.6207523572844593 0.1068727557778925 0.6207525626761026 1.1106648455132218e-7
0 0.21425360901525892 0.7783351690150407 0.16379483185266963 0.7456357277659772 0.2152794613008382 0.6662030794141783 0.2657374554235048 0.6989021788206917
0 0.29840803064553256 0.8775809251273715 0.3336341055836556 0.8949647813373687 0.2808055862940364 1.0019861504403411 0.2455797048698969 0.9846025915573385
0 0.4399296400060848 1 0.40018933156659386 1 0.4001896548552395 0.9468070658627088 0.439929328621929 0.9468070658627088
11 0.33998819569046645 0.8250484560358864 0.36929320596550497 0.837604274576944 0.35026426081572026 0.8820075884425844 0.3209592964526564 0.8694518487003211
11 0.3772910231911055 0.9142001698422693 0.4048279412489819 0.9278702366248833 0.3852289499992594 0.9673396895571127 0.3576920883034518 0.9536697090405732
4 0.046364015160520466 0.43000649893431536 0.18857126766465626 0.4601555219540771 0.11161784831745081 0.8230904135673973 -0.030589022464482696 0.7929424683534609
4 0.4399299312800622 0.915343684601113 0.39865681224318905 0.915343684601113 0.39865722464173814 0.8240851762523191 0.439929328621929 0.8240851762523191
4 0.28144065796425366 0.7144367063591399 0.26244761039936293 0.6369498529613463 0.4031045075583961 0.6024768532203454 0.4220983161199001 0.6799626040091156
4 0.43992969672694926 0.7134472439703156 0.3824099304538322 0.7134472439703156 0.38241037602540473 0.6466007755102039 0.439929328621929 0.6466007755102039
0 0.43993050834774294 0.5091567012987014 0.25426725320483 0.5091567012987014 0.2542684344647341 0.4192949907235621 0.439929328621929 0.4192949907235621
4 1.0000065398668312 0.9364320352504638 0.8090764465376878 0.9364320352504638 0.8090821063898375 0.6524004378478664 0.999999819600248 0.6524004378478664
0 0.6071477910797967 0.9999997633747301 0.46446858825879644 1.0097190736670407 0.44672940578550424 0.749282727854451 0.5893992231494849 0.7395637267292249
11 0.8170444966773402 0.9755865324644044 0.6778456969569788 1.0204137645612337 0.6062358662505858 0.7980921515979886 0.745426509881213 0.7532663387488818
8 0.43992932862190814 0.527621275510204 0.4846614864546525 0.527621275510204 0.4846614864546525 0.7548319777365491 0.43992932862190814 0.7548319777365491
14 0.6877862424125851 0.6790756250029745 0.6009812299249688 0.5635083922739105 0.77400670642362 0.4335584537976932 0.8608108426202534 0.5491235423363506
5 0.5049408370446145 0.48010714893239687 0.6502971425206852 0.43667241001854146 0.709252457669777 0.6339521257948831 0.5638965335607509 0.6773860720221551