11 0.10371581476579195 0.021409200909724202 0.11032414917860933 0.020478880777650303 0.11437772587589734 0.049272605460462686 0.10776939149309328 0.05020292544566303
0 0.2729753450757926 0.4538619413456809 0.2405410298147217 0.44742676841712753 0.2612114983146512 0.3432506642891769 0.29364540233893877 0.3496857948977911
0 0.20573707091853066 0.2548088155129466 0.17172063929865544 0.2572111478684098 0.16535208721074923 0.1670338972184852 0.19936831858728965 0.1646315720388413
0 0.1555831315992009 0.28377613755615777 0.12787054126670228 0.29118601756200596 0.10290869641312383 0.19783136992526387 0.1306210954104472 0.19042151728045836
0 0.21532585107263458 0.06323345674036569 0.24655775338669628 0.060411684427467104 0.2549718004793249 0.15353964500276632 0.22373989905759117 0.15636141284453323
0 0.17839248939151275 0.00960427557339007 0.22503861315601625 0.014238085222044356 0.21481744023458305 0.1171291373747872 0.16817131694779164 0.11249533280458196
10 0.847870436716903 0.09417178593188777 0.8442398864813185 0.07666515797720246 0.9429554007477918 0.05619337130394142 0.9465859658466798 0.07369997978646077
10 0.7910627138062409 0.16346604927647593 0.7924311989712578 0.1525215257879396 0.8239438274704298 0.15646177533786731 0.822575351640694 0.16740629034648596
8 0.8900431632026766 0.10463191001665535 0.8950163858303313 0.14723276733229007 0.7996818491017166 0.15836195682987317 0.7947087179034042 0.11576118839630659
8 0.916216678541673 0.12792970032552123 0.9239936214628415 0.14995319769219081 0.8446417448093371 0.17797366233539555 0.8368648524117361 0.15595020763985779
12 0.19454418154271025 0.5915012889012015 0.290675079437392 0.5921604888055741 0.28975265017663787 0.7266609778357233 0.1936217520592436 0.7260017868821969
12 0.28975265017584206 0.5599737805963081 0.28975320339225163 0.6514551277720266 0.224298540258701 0.6514549434003044 0.2242985360271632 0.5599741333549019
0 0.2150243677273238 0.904015159663263 0.162524951420437 1.002426757834622 0.03407892886434638 0.933921072034618 0.08657852598275895 0.8355115072495729
12 1.0089712471141183 0.5976430150863814 0.9975691165384433 0.6619213601646715 0.8478081919984106 0.6353576928622677 0.8592110353356475 0.5710802926987916
12 0.9405476721725563 0.671010932458111 0.9399169177919475 0.693744899895224 0.7921424787177784 0.6896441623008424 0.7927735713149104 0.6669105429060308
12 0.7271347150374368 0.6897734429323671 0.7265238231129842 0.7075611520642934 0.6521299042615283 0.7050062189581874 0.6527409316124704 0.6872186502791136
10 0.7596461494746336 0.6517109024491538 0.7590217785800633 0.6393566564212416 0.8293016750842526 0.6358050421758671 0.8299261265273117 0.6481592028313812
10 0.7862652926892224 0.6822475032803128 0.7862940018727613 0.6877537724766052 0.7697962295685556 0.6878397584498782 0.7697675299094726 0.6823334987246984
12 0.5552387063189599 0.5887905355639791 0.5651762022133653 0.5490869610634476 0.6642542661564903 0.5738827779689993 0.6543171889735504 0.6135859892433178
12 0.4959501434057074 0.6112835536605672 0.4943986366962463 0.5903865717800926 0.5734306809987402 0.5845191772756114 0.5749823264674205 0.6054160093822679
12 0.412471757675803 0.6746783004252564 0.4088075004855227 0.6336506950457925 0.5383832733486997 0.6220789454073153 0.542048007831113 0.6631060205907292
4 0.8261143570656486 0.7381994979853519 0.8241865874293808 0.7195247230770478 0.8828000579029549 0.713474974101734 0.8847279346988444 0.7321496274545077
4 1.000629308451039 0.6647577260479655 0.9999807114529631 0.6723648141073768 0.9835935141879872 0.6709677767604815 0.9842421226875331 0.6633607014315879
10 0.6586635457491639 0.7765277364344251 0.6584624765447415 0.7704680198203189 0.6726204655458332 0.7699983190981148 0.6728215445101569 0.7760580255960261