11 0.008196070682060963 0.046086430756949466 0.12690750202852996 0.05259767495861838 0.12059167961569983 0.16774589187411157 0.0018802502966082102 0.16123466033755549
4 0.39587568521972116 0.17470290476533298 0.3268464423424575 0.08057790574937002 0.5066349828925922 -0.051274831615964855 0.5756640998512239 0.04284989822626927
12 0.18264268771361003 0.35312917684176875 0.1424917529122922 0.25360758069514133 0.28457805996947627 0.19628562918453693 0.32472923240629825 0.2958065782900761
12 0.708874884552074 0.20352241883084654 0.691346708012361 0.35444086438083017 0.5628242812915687 0.33951348708641077 0.5803531483174993 0.18859585255918987
4 0.7340669684281238 -0.0005432082888889786 0.7577050676156887 -6.212020862233431e-18 0.7558504991568498 0.08070284725883695 0.7322123999824726 0.08015963923899065
8 1.0018375705590188 0.016101509279876757 1 0.03147622151895057 0.9818485092794162 0.02930677245432946 0.9836860806642562 0.01393206118143641
8 0.9857099069342894 0.06354510677162886 0.9996239229445791 0.06386485295205904 0.9987472546922618 0.10201371597110584 0.9848332386841321 0.10169396994402273
8 0.9341737164958204 0.07574087720427873 0.9499850979426583 0.07610422516519025 0.9495276839281814 0.09600892516805634 0.9337163024861184 0.09564557730145652
8 0.9529379904410007 0.07055806676994368 0.9593443424903398 0.07180583836830298 0.9552901613169524 0.09262091548552538 0.9488838093624281 0.09137314421455957
8 0.9110938856970279 0.17265713339551153 0.9138147231223002 0.1498924972371446 0.9239116164212646 0.15109927378966767 0.9211907852599097 0.17386390425074694
9 0.8318867261236846 0.13749878733615706 0.8520608284471791 0.13241100790750782 0.8672007125068149 0.19244334984903133 0.8470266131189419 0.1975311214260772
9 0.8646644747816481 0.25215740652124524 0.8420843435245615 0.25741382130127766 0.82896598683908 0.20106165988194727 0.8515460313993799 0.19580525560976847
10 0.8824405644458011 0.3133328759092553 0.8646429757168335 0.3134169295689019 0.86437953280074 0.25762735630165823 0.8821770356798879 0.2575433028439566
9 0.9579497621732571 0.010856078981552306 0.9567736911967586 0.020696114610934985 0.9454146825654561 0.019338497355511564 0.9465907537634166 0.009498461973682114
4 0.9210385360739792 0.28935588626688136 0.927363088715083 0.2895012219634303 0.9267649897361707 0.31552790258286 0.9204404371007513 0.3153825670600283
4 0.9156539980524485 0.24830513827719897 0.9219785509997109 0.24845047468795545 0.9213115102189704 0.27747725778462345 0.9149869572776197 0.2773319215425506
4 0.97446761051458 0.20909377624453515 0.9714066716613843 0.23470399431375297 0.9575234319567016 0.23304468225508265 0.9605843811551722 0.20743447620426322
4 0.9588472564892072 0.14435680023545774 0.9557778690490295 0.15575942880411076 0.9472749583682116 0.15347060835000123 0.9503443472364097 0.14206798206268703
4 0.9763513352675091 0.1403547344206151 0.9852057089922255 0.14055820930997492 0.9848032435354526 0.15807170225699857 0.9759488698134646 0.15786822744870566
4 0.9267006378851192 0.10077993030247455 0.9342574739602014 0.10446002758789102 0.928944449635992 0.11536993224030294 0.9213876140329376 0.11168983568932803
4 0.9341699132623944 0.10344262826382032 0.9417593768929464 0.10361703502198644 0.9414864037178177 0.11549566074909601 0.9338969400882888 0.1153212540255161
4 0.9194875809853329 0.08148421240999569 0.92834195521948 0.08168768814021815 0.9280056346061656 0.09632285703585748 0.9191512603734964 0.09611938134596694
12 0.47784663476022615 0.5169468995102202 0.42467282608720325 0.4480112937045121 0.5639965966954605 0.34055043415538394 0.6171699439574923 0.40948512965563433
8 0.7020872486656344 0.45476373217325716 0.6573706394368628 0.45595670410841904 0.6561255616844619 0.4092827004219395 0.7008418957454978 0.4080897321633164
8 0.6419264002661293 0.5184902151951751 0.5900518677436821 0.547700121256104 0.5546202848483972 0.4847808324763143 0.6064943569891739 0.4555710893747315
8 0.6747248778432322 0.6828947158147244 0.7299499636216069 0.7003277019188522 0.7026500798780262 0.7867956058214802 0.6474250733416511 0.7693627963476793
12 0.43827143765940946 0.6805498478184004 0.4743373141633356 0.7370515424699577 0.3363220742675139 0.8251317860751359 0.3002574018726136 0.7686311518928891