4 0.31236366216967326 0.17416696905004167 0.3244121887098572 0.1756237166080745 0.31901138886735225 0.2202923645383852 0.30696286268675976 0.21883561895302905
4 0.38955060619503 0.30933992455271797 0.40950016608928763 0.3114160635174422 0.4067378608248191 0.33795814153460807 0.3867883013512028 0.33588200530255813
4 0.26265792447497915 0.43653321623216856 0.247135421849066 0.43565159848312646 0.24959408937820626 0.3923654083251468 0.2651165070155912 0.3932470236503901
8 0.3826688977184176 0.4099640406200047 0.3660223436909291 0.4080701834549986 0.3696083232032379 0.3765521040139006 0.3862548143282538 0.3784459575560084
8 0.3334186768792051 0.5262919647040896 0.31069656278305047 0.5210260711518081 0.3183018466622798 0.4882124670036915 0.3410238470779632 0.4934783468425141
8 0.27322936910172757 0.3622088145804043 0.2552761154910286 0.3635701538503304 0.25137068682181507 0.3120669169353089 0.2693238461439478 0.31070558124258296
8 0.24428601447039 0.18667757630886966 0.259737797817138 0.18856471867769126 0.25712688030512254 0.20994246894731433 0.2416750971840429 0.20805532780612837
8 0.33406709879102436 0.10836189280139763 0.34324127091997525 0.11122623361495212 0.3383640987419767 0.12684722044243504 0.3291899269810301 0.12398288047020181
11 0.39816741144943535 0.26643760116739496 0.4188368064507131 0.2667255923130706 0.4182801692861631 0.3066750033310107 0.3976107742936392 0.306387012685732
11 0.33304821118349537 0.29861852318807813 0.35381926089405624 0.2993890371705735 0.3522349068401809 0.34209780370048914 0.331463857204767 0.3413272913221145
12 0.29720262310797807 0.2353699525710795 0.30799592793698594 0.23569121380543484 0.30671042161179685 0.27887910126676413 0.29591711680643584 0.2785578405747376
12 0.22774101754453113 0.32881625082255844 0.25008726107819257 0.3308156945019362 0.24334897528285637 0.4061213768093468 0.2210027328292199 0.40412194157381287
12 0.2866646563342101 0.5732581878812993 0.24218823863736816 0.571814862846115 0.24564251061462983 0.46539056300300674 0.2901181710412857 0.4668338756482944
9 0.2572388344240153 0.46767166591211246 0.2479844453359874 0.4672073624351461 0.2494200998190763 0.4385944440622253 0.25867445242363374 0.439058746622979
9 0.3256860958960033 0.5254579996866695 0.348793243847922 0.516518260867075 0.3583673011404471 0.5412628764005145 0.33526016354358035 0.5502025959464959
9 0.41687691119250303 0.4346558126146825 0.40952410046452314 0.43097640352454825 0.42030320856656544 0.4094369882236389 0.4276560003023633 0.41311639162643504
9 0.37576422547135735 0.18010922505358132 0.3530902772089348 0.1655195330336393 0.41489326691771566 0.06947164681129012 0.4375671396381904 0.08406130611455916
9 0.3448868848760185 0.08779181107349558 0.33250578771128403 0.0858641732213459 0.3407828696180104 0.03270110644080937 0.3531639557681956 0.034628743469053924
9 0.2959729596368561 0.00579526886805562 0.3195034373194403 0.008419584835934852 0.3092067588621603 0.10074290943687744 0.28567628149517077 0.09811859555192884
12 0.4131411075381948 0.4854925493255208 0.43324431514167827 0.4859307295956782 0.4321171402715436 0.537640195044473 0.41201393272092446 0.5372020165400624
12 0.38934682594731385 0.38425840182153237 0.42137037833276736 0.3958324973358904 0.3868188715998713 0.4914252406350709 0.3547953585845107 0.4798512232109153
0 0.3997842018962956 0.014848503240861252 0.3893419880488409 0.03825550348602131 0.3715849873580055 0.030333839307573836 0.3820272016261015 0.006926840644242092
0 0.27593674540923985 0.023228671090250133 0.26008247547872543 0.02375859415175371 0.2593063508547857 0.0005384346766699683 0.27516061962262484 0.000008511632720409696
14 0.41728546583419757 0.48148133369047147 0.39815705961200365 0.4814714655358074 0.39817735124518094 0.44224020427367533 0.41730565201260106 0.44225007240115943
14 0.39074066330715596 0.4751060793853025 0.4058180666136195 0.47543471469324017 0.4051165702533126 0.5076162187091863 0.3900391669722012 0.5072875841925241
14 0.3532089649435193 0.3394782220201481 0.3690936310373445 0.34107501348363023 0.36544919109542207 0.3773280137877653 0.3495645254693045 0.3757312255125903
14 0.3028956197968 0.33998713299380473 0.31676540981186463 0.3447004733478989 0.3051510264896251 0.37887640429792363 0.2912812408711716 0.37416307324197007
14 0.28844881199768224 0.39012569421446713 0.30706737509149207 0.39045241109009626 0.30645367583281313 0.42542346260937475 0.2878351127596943 0.4250967464424977
0 0.7606308551247594 0.12680670269563074 0.9026528356109793 0.11213716606897932 0.92657809428988 0.3437648279539714 0.7845561312705058 0.3584342456818491
9 0.9174946322459618 0.009187397380504773 0.9140361820814178 0.07100835601227656 0.846169116425358 0.06721164519113432 0.8496275898362455 0.005390712193927939
9 0.56817526349937 0.04869153893108152 0.6335199917047021 0.05011593128841268 0.6313654254312269 0.1489575217859038 0.5660206973791446 0.14753313155477116
9 0.5662206890687003 0.13835819042874264 0.5943394258964645 0.13897111937897155 0.5919328306739544 0.24937502418957755 0.5638140938914376 0.24876209720457473
9 0.5638621065807001 0.24655767126610698 0.6443034509176186 0.248311071426516 0.6400548378046551 0.44321990770639186 0.5596134936660064 0.4414665255325588
6 0.230351290267663 0.8210676537891568 0.2330890832586192 0.7253111696120729 0.4243019118276834 0.7307755069040347 0.4215663359207156 0.8265298797739988
0 0.5000004702842489 0.9804886467598474 0.448001866800837 0.9804886467598474 0.44800232831130415 0.9173990228716644 0.4999999916814204 0.9173990228716644
13 0 0.9602487992376112 0.1604847511312217 0.9602487992376112 0.1604847511312217 1 0 1
9 0.21615050113121015 0.9999999999999776 0.21615127160043812 0.9760967472790488 0.36442735047990027 0.9761003194255405 0.3644271130922334 1.0000030362592447
0 0 0.833602456162643 0.03790634162895928 0.833602456162643 0.03790634162895928 0.9298033081321474 0 0.9298033081321474
10 1.006993239908411 0.8589194696087669 0.9997254615757356 0.905343622205969 0.7619312246114305 0.8681206064947821 0.7692001887775177 0.8216979201097682
11 0.5 0.9382016855146124 0.7527610984162896 0.9382016855146124 0.7527610984162896 1 0.5 1