4 0.3319249214541742 0.8614278560876023 0.349235183545602 0.8822532950768042 0.30920924261010896 0.9155149920593451 0.29189913733068806 0.8946896997272816
4 0.44050911564659145 0.9238859414196399 0.4435575341984759 0.9518715775430762 0.4119487602824847 0.9553135822823403 0.4089004806481853 0.9273280733266538
4 0.3360486295832743 0.5676338821030118 0.33069725655798266 0.543614061188193 0.37427149344250665 0.5339070203774114 0.3796229299581455 0.5579267513877493
4 0.45925322826326465 0.7090098617828682 0.48429205622767313 0.7046594534197942 0.49130820371976824 0.7450345872517181 0.4662693808344329 0.7493849758741739
4 0.5496630688363666 0.4547337285723793 0.547276696748213 0.422713639735336 0.588943014764709 0.419608526970287 0.591329468689537 0.4516285265134733
4 0.9290817938957616 0.9461681976838239 0.9637963030214678 0.9463487868947978 0.9635949917023936 0.9850358104994028 0.9288804825838497 0.9848552223158522
8 0.3537475740346281 0.9545324899650975 0.33443554145537746 0.9419589483450524 0.3688216503221611 0.8891584962622513 0.38813342957507757 0.901731926594912
8 0.4411718652344234 0.9999999999999617 0.4411720348153949 0.975717503159285 0.4734568503937453 0.9757177270627092 0.4734567988278968 1.0000001056151493
8 0.5243037729762818 0.8111005857341276 0.5498265300694811 0.813852573273403 0.5452274755232338 0.8564966376525391 0.5197047208546337 0.8537446651140901
8 0.52569345608606 0.6683604225764581 0.5567981851038439 0.6657586188664559 0.5597827989653297 0.7014348405414949 0.5286780711346637 0.7040366345282147
8 0.6388100282172218 0.5615682396619394 0.6719460415462208 0.5601529089593323 0.6740180366904269 0.6086579273460625 0.6408820237568307 0.6100732519167774
8 0.8019724520117961 0.7907449037393586 0.8026666565577898 0.8068457146395093 0.7868425543281319 0.8075278232653309 0.786148382072156 0.7914270433861648
8 0.46616774044434806 0.4593160200211462 0.4737141151679225 0.4232845087677846 0.5221420838006452 0.4334265589430723 0.5145958476493888 0.4694579493512384
8 0.349311113594581 0.3999631337640182 0.3702139805366187 0.3990314735180208 0.37164335944498816 0.4310995749339192 0.35074049263016605 0.43203123328514675
8 0.28179784762221516 0.5767837564747008 0.2909214818098462 0.5917464904968397 0.27523262240549684 0.6013118460398731 0.2661090164727966 0.5863491366641206
11 0.06990036588251769 0.6912507159022074 0.07199566671829416 0.7383800000232863 0.027627280392721332 0.7403520151644931 0.02553221717039378 0.6932229589334586
11 0.06384251436634258 0.658860303010468 0.01833587952455673 0.6573023278082171 0.02002007998260069 0.6081212449596308 0.06552628442796049 0.6096792128034824
11 0.04304630744707083 0.5077090288337847 0.07711332526309889 0.5332570841348919 0.050863426223145325 0.5682568160522812 0.016796487511101077 0.5427088521134069
11 0.02734375 0.4270833333333333 0.0703125 0.4270833333333333 0.0703125 0.46683858333333333 0.02734375 0.46683858333333333
11 0.4572584876800647 0.7253626638544 0.45653960413517325 0.7681977397306117 0.41771791821463466 0.7675461237546534 0.41843698749130454 0.7247112360540244
11 0.44619736853712766 0.6254721938447569 0.461843714272959 0.5832342937316359 0.4978897743997095 0.5965855043799122 0.4822436063824398 0.6388232540989796
12 0.393166703472275 0.5145291515067013 0.4351110274538996 0.512347674064398 0.43627211950274614 0.534670708198253 0.39432779584194577 0.5368521817441511
12 0.500203391760806 0.42605131554758824 0.4825424893932677 0.38286003754934783 0.5464745318790847 0.3567194176273773 0.5641354989249976 0.399910519141799
12 0.7226566244412425 0.5090240364583335 0.619323641122719 0.5090240364583335 0.619324383161711 0.41666666666666674 0.7226560333225507 0.41666666666666674
9 0.5939114492778117 0.4435021858257165 0.592755786680641 0.42438233634512923 0.6206510734194808 0.4226963491438107 0.6218067689574127 0.4418161632841374
9 0.6739737363783433 0.5905421742124669 0.7002383591159287 0.5970130946879407 0.6878733041145324 0.6471954589680475 0.6616086925766922 0.6407245699977807
9 0.5733081744032233 0.7598214479435167 0.5827946177569174 0.768079755381138 0.5628602219120467 0.7909744830798946 0.5533738063397777 0.7827162052323197
9 0.6494604306292331 0.8654150169399408 0.6885110018043861 0.8848238302888932 0.6517357196999001 0.9587970187869993 0.6126852931876101 0.9393884278072299
9 0.21228874051178082 0.8531528779694494 0.30345567418044084 0.8857117038783161 0.26396437635526127 0.996261238488354 0.17279770741015454 0.9637029507433901
9 0.24701804558731055 0.7884597449521991 0.21588422021648057 0.7641728158651389 0.3112105951350941 0.6419921459118356 0.3423437438732435 0.666278672240386
9 0.20022940506646592 0.6198517196458526 0.19338559851371429 0.5957160944024807 0.24177154522976707 0.5819974448529208 0.24861541827658584 0.606132957950132
9 0.25925676638439654 0.4844717203931199 0.2682839724901669 0.5318596391189756 0.17422586173449872 0.549775382226036 0.16519906303653897 0.5023878238821042
12 0.620262411194517 0.9267516665776271 0.6424935513476839 0.9782730986199831 0.5333923291984775 1.025334555452671 0.5111622599226848 0.973814030501312
12 0.6297125105631949 0.7658775563643141 0.6821641449067783 0.7643989921088342 0.685155074393947 0.8704804254351826 0.6327034409317775 0.8719589701445568
12 0.5526017716581464 0.7784251278568403 0.5127758539937304 0.7435825570903509 0.6068633632746696 0.636055617822787 0.646688553702802 0.6708976471492678
0 0.10362473644249803 0.9806276175063066 0.10323576045334448 0.9940645324604975 0.08611035317483129 0.9935688857814157 0.08649936272411196 0.9801320053956702
0 0.03714409922076811 0.9185414582875103 0.020254754456004775 0.9120011017537379 0.02638415493413504 0.8961770603455061 0.04327342876410967 0.9027174015636934
0 0.410405489386676 0.9396919732052645 0.40953932826880646 0.969202863231693 0.38081340659812213 0.9683598475586233 0.381679687207793 0.9388490806037033
0 0.30905553151683307 0.8684486131661598 0.2760425097728785 0.8790846390984443 0.266442665197701 0.8492941999132544 0.2994554359565882 0.8386582176808133
0 0.1421041855413705 0.8410322348495702 0.11633552895921184 0.8356731545242279 0.12388268398410673 0.799391518752118 0.149651108815533 0.8047505741402838
0 0.15893792124063566 0.6961491302028749 0.1761018250692814 0.6684415609613602 0.20088415120812897 0.6837911929475934 0.1837203441851898 0.7114986775212433
0 0.12216413717794694 0.5497840218855305 0.09784082325518284 0.5472474609943488 0.10156216601819779 0.5115669988826108 0.12588533977566385 0.5141035523963933
0 0.186415171970566 0.4608994770434679 0.15988780907298406 0.45664027703057986 0.16508610885250619 0.42426626778230364 0.19161335677483748 0.4285254583902374
14 0.057884549647610584 0.9779930512471994 0.03104765734542525 0.9770742115911608 0.03211857119902106 0.945808508098647 0.058955217276206895 0.9467273435310104
14 0 0.9713653567708334 0.024471283203125 0.9713653567708334 0.024471283203125 1 0 1
14 0.09294687002193314 0.8283790716949709 0.08268415543511765 0.8505924710917185 0.05408083607255776 0.837380286408577 0.0643435730347619 0.8151669757528313
14 0.6976674561810796 0.885043801392515 0.7235511136520927 0.904537528544036 0.6857015878414359 0.9547808654852903 0.6598180789920889 0.9352873096090079
14 0.747914595932798 0.9135365426025923 0.7044869162007217 0.9110163856186365 0.707909179661101 0.8520640985462482 0.7513361754996595 0.8545842357132043
14 0.602675179021503 0.7830537398482227 0.5754882844095164 0.76172207347196 0.6024291151237549 0.7273925436872043 0.6296158333924495 0.7487241037728675
14 0.6434934031881312 0.710991895649487 0.6598742712673129 0.7294173336888166 0.6312638479810175 0.7548487599728362 0.6148830621611978 0.7364234006472027
14 0.4999137190180818 0.6708967562711027 0.4836451526989549 0.6465503351084145 0.5177964242069493 0.6237329859651437 0.5340649707037528 0.6480793091352525
14 0.507272702519117 0.5557405712917196 0.4896260367592049 0.5391608732958185 0.5183152318975317 0.508628115666822 0.5359618328166107 0.5252077575112774
14 0.556963235156104 0.545263530401832 0.5336699488651675 0.5254513627578519 0.5608579846604016 0.4934889930216884 0.5841511762620257 0.5133010939987362
0 1.0000013086225863 0.7335946848003017 0.9036249624585935 0.735327825665007 0.9013430226920036 0.6083979767848238 0.9977168923276167 0.606664858053885
0 0.9323738517408628 0.5430737686853973 0.8381888849295365 0.6024069760972909 0.7116169102097274 0.40149953980732683 0.8057994389909027 0.34216734494768686