9 0.06220343038228293 0.3653574230058598 0.16352844854486648 0.3702627078029917 0.15886475916317977 0.46659244427106866 0.0575397427506914 0.46168718943028153
10 0.0703125 0 0.12890625 0 0.12890625 0.09093468468468469 0.0703125 0.09093468468468469
10 0.7708167859999548 -1.3776199695146862e-9 0.7708167875999834 0.044475624758586275 0.7455290160065715 0.04447562281649971 0.7455290179999565 -3.5837148354224665e-14
14 0.75390625 0.9824512012012012 0.7829558560000001 0.9824512012012012 0.7829558560000001 1 0.75390625 1
8 0.25388585367534233 0.6975696683637265 0.2640977349693685 0.774922155743787 0.09962730061999991 0.796629151421373 0.08941703393941225 0.7192781252161254
8 0.19938004283903865 0.8835355826937307 0.185869046801713 0.9195207460105507 0.14627439309970214 0.9046579883215804 0.15978547791587516 0.8686730327763716
8 0.4242405693054252 0.8182245034361245 0.4242406593028818 0.7830329752797655 0.4492187458497483 0.7830330508581541 0.44921876301611974 0.8182244719723639
8 0.4864744866707724 0.31267673465662793 0.43100314010166585 0.3373054094824564 0.3941161423185804 0.25422619615286496 0.4495870984562771 0.22959762252819732
8 0.4550166196995633 0.19154394208861922 0.40424313029325276 0.2321218694582102 0.3333309846591419 0.14339303268444187 0.38410428654469797 0.10281522184418773
8 0.6248823884409376 0.5015734062784167 0.6043487692221561 0.5007690176209166 0.6087140723677749 0.3893474308296404 0.629247387447549 0.3901518136035886
8 0.609375 0 0.640625 0 0.640625 0.03814752252252252 0.609375 0.03814752252252252
8 0.9691208660250368 0.7884482915705288 0.9345532830585626 0.789982824510551 0.931931414545943 0.7309265955787752 0.9664985245882463 0.7293920731618917
8 0.7031251032061618 0.9355292792792792 0.6703210165442215 0.9355292792792792 0.6703211626316943 0.9003378378378377 0.7031249262818164 0.9003378378378377
11 0.5380873464156366 0.5593621128579557 0.486516844999187 0.5295979674911959 0.5310527327575301 0.4524401375207921 0.5826226811096831 0.4822040809862614
11 0.8103387308694892 0.8681531721499854 0.7673591987444297 0.89952336876602 0.7404832060133231 0.8627093752081996 0.7834623815655277 0.8313393677194014
11 0.85546875 0.6481325075075075 0.890625 0.6481325075075075 0.890625 0.6891891891891891 0.85546875 0.6891891891891891
5 0.42965591593520003 0.38669751682217485 0.4513318912147497 0.3990770010509589 0.428430781838415 0.4391738334752217 0.40675483272082147 0.4267943851419028
5 0.26659642834567876 0.508349346082215 0.2900584723214479 0.5317858585144571 0.2500060762291696 0.5718782048389787 0.2265441411204847 0.5484418015183579
5 0.23828125 0.7947635135135135 0.265625 0.7947635135135135 0.265625 0.8358201951951952 0.23828125 0.8358201951951952
5 0.47024748674016337 0.6596111554310161 0.44018103458188307 0.6606403592110841 0.4385629562240183 0.6133726835536779 0.46862913318216215 0.6123434844847397
5 0.001953121202177499 0.19650900888478653 0.024564797051198184 0.19751295114655057 0.022516307729802065 0.24365018241475755 -0.0000953680283828362 0.24264624172041147