9 0.2631597740420375 0.21352382009159301 0.24144984229576494 0.24383598457148548 0.16433229514962022 0.18860405459479276 0.18604219948406353 0.1582919771907359
9 0.23904004010114477 0.12268223354016314 0.2708295200335442 0.11493842043386765 0.2890119209318982 0.18957934132881338 0.2572224461191581 0.1973231402840126
9 0.1523610134613591 0.31993692910069393 0.12257455835413111 0.322253399348189 0.11917090315466794 0.2784878121683485 0.14895723868210098 0.2761713466161773
9 0.1445266442308366 0.4396355353074615 0.14452666635258993 0.42940480512257806 0.1692531842106746 0.42940485645306437 0.16925317884613378 0.43963556972990725
10 0.27235761794861446 0.3353753029612762 0.30413722779769614 0.33504942478895744 0.30506677030894025 0.4256945106679398 0.27328716048600654 0.4260203871160683
10 0.3729350057200236 0.10111737931730765 0.3920834003447453 0.09962818686083864 0.3937511837276588 0.12107287017461034 0.37460278917342293 0.12256206208720138
10 0.13650277085287144 0.36373181446471553 0.17479957345790353 0.3607535557805721 0.1800360366056566 0.42808508476036505 0.14173923551231837 0.4310633313559465
10 0.021757264079042216 0.4396355333756977 0.021757536366408203 0.38699802541943396 0.07605149476103179 0.3869983308145185 0.07605140320492865 0.43963565584244096
10 0.17697481613106447 0.03734073319174623 0.14166104102559984 0.044742432801827076 0.13501523145816918 0.013035020694281096 0.1703289993810131 0.0056333217568599585
8 0.2518674653514381 -8.179939002500833e-10 0.25186746592100917 0.024070126611840045 0.22594054166665956 0.02407012603738204 0.22594054230773963 -3.0578672694344066e-14
8 0.3084293769077249 0.16617435479108345 0.28721065635136256 0.15188933203165897 0.3159097083539564 0.1092605502956604 0.3371283972137462 0.1235455585026327
8 0.27840535824680046 0.22149148377257624 0.30369065023649 0.22346820659409594 0.29953226648569853 0.2766593037975788 0.27424697497906436 0.2746825849699547
8 0.3199173321302169 0.29320173706081665 0.2984779854484714 0.28259240550976317 0.3184838661843514 0.24216549453221434 0.3399231464223931 0.2527748064306344
8 0.20569464913955926 0.3714146801143328 0.20166245316943332 0.32688913999109287 0.23150002421539284 0.32418718407912345 0.23553228375146773 0.36871265335422193
8 0.03133336900827999 0.36004795686080565 0.010057324959575453 0.36170256633739134 0.0071147101613178165 0.32386535989420523 0.02839066972603632 0.32221075373704033
8 0 0.17842888268792712 0.013917878846153846 0.17842888268792712 0.013917878846153846 0.2187874715261959 0 0.2187874715261959
8 0.05437916724702063 0.10592485839605607 0.08203796023633458 0.10377380192981533 0.08436817769074878 0.13373616819202813 0.056709384863324885 0.13588722347844212
8 0 0.03775235990888383 0.011440867948717948 0.03775235990888383 0.011440867948717948 0.09397378701594533 0 0.09397378701594533
11 0.17570040479449744 0.2347240128931154 0.20810282037280103 0.23220408229315462 0.2122265008956674 0.28522720630374593 0.17982408593877608 0.2877471315747452
5 0.23430532422241868 0.43656229876314784 0.2312999013430499 0.42105921566728544 0.2506504686916742 0.4173081285249251 0.2536559064866424 0.4328111916668908
5 0.32752771311731976 0.1910768857209287 0.3428829088127259 0.19453340997838586 0.33619727714949477 0.22423314572393307 0.32084208255446356 0.22077662480757473
5 0.05223328385864079 0.17323671639234917 0.07347393954194104 0.17322906903399432 0.07348441016199558 0.20231107816051866 0.05224375447869534 0.20231872551253155
10 0.801081964983041 0.1778136154911836 0.745777532747411 0.18412894607955763 0.7343814564387685 0.08433108691437255 0.7896856611430394 0.07801576972473101
10 0.7926398918106088 0.34459792234856496 0.7808290131026752 0.2845511331249763 0.8530586592104328 0.27034436312268634 0.8648696928765958 0.33039094068998465
10 0.6594904362807483 0.24468227935169184 0.6913432624083953 0.22502663798164035 0.7266987690949236 0.28232067485091306 0.6948459843682713 0.3019762628880326
10 0.6342582316426615 0.35592701488530704 0.6532177439805764 0.33837168668065565 0.6802058260626609 0.367517322025588 0.6612463506313588 0.38507261196688625
8 0.9196983222320796 0.15784117065675907 0.9750026485638728 0.1515258783397402 0.9818262464478948 0.21128098176105603 0.9265219219016672 0.21759626337731683
8 0.8686489702912468 0.12230028791358918 0.9148829660738329 0.14384066987937713 0.8903183536060624 0.19656542096615828 0.844084376470505 0.17502506912627286
8 0.7422606546363113 0.30286410138779846 0.7735674514407265 0.31321155360513503 0.7568357194010105 0.3638326552581275 0.7255289357945003 0.353485231089425
8 0.6761367166973287 0.29456690911447414 0.6420086537061707 0.31562651563590716 0.6205836749379614 0.28090713926264116 0.6547116448792849 0.25984757028520955
8 0.693615270541386 0.0416616779451959 0.7245533429531861 0.06414175920510343 0.7009153304975371 0.09667337226258706 0.6699772660442704 0.0741933004386895
4 0.8370805188295662 0.23008321645303725 0.8744698152920591 0.20144848023441883 0.9142758453200486 0.2534236732962287 0.8768866108714519 0.2820583398932855
4 0.9386442516395164 0.013886667844108172 0.9781473435897396 0.00937568451025015 0.9849257490405989 0.06873478022727186 0.9454226576133351 0.07324576191146905
4 0.9547539305617647 0.000027767189153390837 0.9767924940191506 -0.0024888794355901415 0.978419074632825 0.011755273888095743 0.9563805111907868 0.014271920478826023
4 0.467610073639662 0.08756669236276449 0.4776391808362632 0.12656450828525587 0.4483139447573876 0.13410606060978233 0.43828486071777206 0.09510826463254343
4 0.48030305621568914 0.0679414476515071 0.4679932118913257 0.06888304778773705 0.46680385416209447 0.05333418310959153 0.47911369488167566 0.05239258311371626
4 0.4198717948717949 0.06030867312072893 0.42617098974358975 0.06030867312072893 0.42617098974358975 0.08106579840546697 0.4198717948717949 0.08106579840546697
4 0.4434326376600666 0.12794625917344526 0.4519368590879367 0.13130320209950375 0.44301646379290105 0.1539013117986247 0.43451224331090543 0.1505443706238253
0 0.9892702942307778 0.33848414692484413 0.9986013191958136 0.3333743015035536 1.0093310101420911 0.3529669624837786 0.9999999894574785 0.3580768019008371
0 0.8433230223585042 0.02702568442197241 0.8700560477581121 0.09116791702665188 0.8198071405250857 0.11211044960189026 0.7930741570446571 0.04796825180765262
0 0.5417337683555843 0.14846575035931242 0.524887245199352 0.15332839403131027 0.5160226394331175 0.12261729997037218 0.5328691414609921 0.11775465955722596
0 0.5513503098670753 0.22660185016929307 0.5391466735464974 0.21973859356401443 0.5500070987682193 0.2004278323501579 0.5622107210582499 0.20729108401192942
0 0.5030432956954201 0.2817578703279456 0.5434805701565892 0.29925791639970295 0.5281261548642533 0.3347362519522892 0.48768889892562584 0.31723623759584746
9 0.9093150798454417 0.02365400660609229 0.9405955305918496 0.05287284150802169 0.8919851247846964 0.10491300484693189 0.8607046925067152 0.07569418947140398
9 0.8074964981918811 0.25097635974911536 0.76660695216151 0.3031431543316973 0.680296994822811 0.23549238726447394 0.721186442440171 0.18332579967925045
9 0.5659939023743163 0.26672193642079794 0.580269366069615 0.23846109428053214 0.6183205603268789 0.25768159671164503 0.6040451526703237 0.28594239107324004
9 0.529929782523709 0.3082616935367702 0.5590373343999318 0.30493792691025706 0.5633174733748092 0.34241964672259323 0.5342099225733818 0.34574340713450624
12 0.586614005794786 0.2926281246971181 0.6041388263362251 0.3304451972482451 0.568142681325071 0.347125579942822 0.5506179464420029 0.30930858011272666
5 0.6060681143472948 0.3871755664853326 0.5697530375679207 0.3752722751762762 0.582804156402517 0.3354572566579137 0.6191190787386631 0.34736052058223427
5 0.5875730280820335 0.20439621871714947 0.6252802733005183 0.20228521735098606 0.6275854340096885 0.24345998768650598 0.5898781890558666 0.24557098607602112
5 0.5815871997518798 0.11487086483705378 0.5553903977139498 0.11786234377016973 0.5518002688124852 0.08642306758240131 0.5779970447905498 0.08343159018486093
12 0.49229117319521265 0.06515154630981404 0.5061265873206366 0.07626834265189493 0.49639984166663 0.08837374487470864 0.48256442931199217 0.07725695052671853
12 0.4540939256837646 0.16691084937824716 0.4846754516810279 0.1219027065193207 0.5369125657877021 0.1573958396583794 0.5063311198135807 0.20240391135895497
12 0.49982422428070095 0.2536642024370537 0.45341684832976625 0.21994441992925712 0.4807892931856941 0.18227331056063772 0.5271965691202922 0.21599304057079355
6 0.7442855457031783 0.03108527286142458 0.7204362896241037 0.02254640707820323 0.7315165120182883 -0.008400912075175187 0.7553657653863866 0.00013795314495271637
6 0.6267311443048129 0.19874399054388517 0.6097046975569356 0.16266969714136248 0.6523484827290531 0.1425427432091032 0.6693749402597859 0.17861699277457874
6 0.6813064951077195 0.4396355301196275 0.6813066456264778 0.4012438745327138 0.7299513081740088 0.4012440485967451 0.7299512774017103 0.43963558447922035
6 0.4967908204163223 0.3114999505787783 0.4705681278363727 0.3122653658924122 0.46941910954546984 0.2728999197029589 0.49564171027464 0.27213450573047826
6 0.4398013217036123 0.19016751107830016 0.45144434001213085 0.18883797905214855 0.4539527653812456 0.21080457747117268 0.44230974722324845 0.2121341086004537
6 0.45877252882416997 0.1586602279781284 0.44536698881177017 0.16035401831807883 0.4426628715507377 0.13895231382030368 0.4560683987865559 0.1372585242895978
6 0.47406382416352244 0.028793858815002266 0.4898213717948465 0.027409313211845247 0.49121154268379996 0.04323087694653178 0.4754539950696426 0.044615422428954665
6 0.4696176184141905 0.03007666495753952 0.4708665176743807 0.039536389658613405 0.4558638778931936 0.041517078156172026 0.4546149794871326 0.03205735421411911
5 0.4487256361200025 0.2553754126892657 0.43633075781167463 0.25755490042238494 0.4334976089924112 0.24144287687295693 0.4458924722962365 0.2392633904903623
5 0.4363801200610169 0.24924423208416144 0.4293830388456854 0.24477098547819903 0.4385645324542793 0.23040949480452175 0.4455616071104487 0.23488273860861097
5 0.448566871480125 0.17464871143638788 0.436055062416699 0.17621282301990843 0.4338081261546449 0.1582389945159418 0.4463199238151674 0.15667488365523802
5 0.4369553186596704 0.1460786212899181 0.42890412177030157 0.1430504100709085 0.43547134817367805 0.12559003591236667 0.4435225394443023 0.12861824595776533
5 0.4375547961774373 0.05468996780797372 0.42587626562453806 0.05377198285314728 0.42743286670747693 0.033969066580451714 0.4391113941242111 0.034887051410878125
12 0.03472599471672311 0.9999998736752796 0.03472749515981377 0.9211905762390563 0.13603502184889749 0.9211924502331819 0.13603469177064653 1.0000005715152585
4 0.41987273093275235 0.6114507403189066 0.360452883428934 0.6114507403189066 0.36045363520804585 0.43963553530751714 0.419871794871824 0.43963553530751714
7 0.07463557061407755 0.7996931826905593 0.014891017532022488 0.8131533730610561 -0.011602894909970018 0.6955744983522977 0.04814003823742041 0.6821145003159842
14 1.0140442432633563 0.6887961411152149 0.9942908661782894 0.7514825891311046 0.862200588806104 0.7098639741248666 0.881954469405855 0.6471784445458317
11 0.9189973333309354 0.4396352010021397 0.918997561746778 0.47128326385553787 0.8526848854606897 0.4712834718260781 0.8526848026200469 0.4396355523930273
11 0.9378428985229448 0.7756779862007321 0.9331942527420551 0.8279236844736303 0.8814870131784573 0.8233235347570051 0.8861359557080277 0.771078166791945
11 0.9155889936949961 0.8429114209775095 0.9440741673653292 0.8112636288372039 1.0012895616467858 0.8627502987690217 0.9728047183524495 0.8943977742302692
11 0.4345798641413694 0.7659664300948732 0.40520538596933875 0.71351266354334 0.4991411205531904 0.6609161692103639 0.5285156243573965 0.7133693217789789
9 0.4996052440716312 0.4709043384038091 0.5214205000846732 0.6083780658394203 0.42773119729145037 0.6232430170943356 0.4059171595644102 0.4857703804825097
9 0.6307592642764348 0.6703740622814727 0.6033205204488468 0.6684926420948126 0.6057319906427665 0.633329589311914 0.6331705427605812 0.6352110028950713