4 0.19380272487228467 0.014969924396072191 0.2015216289282762 0.015058129226720604 0.20120337721073156 0.04290868948667178 0.1934844731551948 0.04282048466684195
4 0.11758231481337589 0.033278012662821606 0.13093529894001676 0.035152477889440176 0.12523987428482997 0.0757245052209467 0.1118868902876784 0.07385004063219168
4 0.12563787746046273 0.08496645197932715 0.1369388685143349 0.08493000398269947 0.1370115021222773 0.10745057129557412 0.12571051106851883 0.10748701928014864
4 0.17699431141534205 0.15884116921915842 0.1866457708820235 0.15967483042332778 0.18489736383810396 0.1799163094334548 0.17524590442667431 0.1790826486667013
4 0.13067487882949536 0.22164351661190326 0.1394705462970478 0.22173691439112952 0.13912417657388687 0.2543554859665189 0.13032850910803973 0.2542620882975958
4 0.17104443767175326 0.36695546857206773 0.1614395254965757 0.3686381617408035 0.15623433095061046 0.3389276552545074 0.16583921272319913 0.33724496480790234
4 0.2372203273142759 0.16120150096399746 0.24636912480411866 0.15873120170120092 0.2527780573002474 0.18246659358275802 0.2436292604403434 0.18493689125681465
4 0.2081580951817159 0.2751642193754569 0.21566255176264804 0.27548618861565394 0.2146154241484055 0.29989202866598386 0.20711096758907388 0.2995700597702039
4 0.2655379558286768 0.43565151586653006 0.2551562485384693 0.434141907822677 0.25913122240956454 0.40680730204297966 0.2695128934749391 0.4083169074107401
8 0.13924689369321186 0.2212663852227519 0.12481213565399685 0.2174802911571017 0.13497663705038576 0.17872797465491574 0.14941136136815203 0.18251406404285417
8 0.18706675091084435 0.11102468153760195 0.1812017315759249 0.11122512099527687 0.18069503703793544 0.09639884209723379 0.18656005362072392 0.09619840268669329
8 0.1629423854851666 0.22393402891206615 0.1777545518405077 0.22580453701194114 0.17158118631425623 0.27468925199214195 0.15676902060056364 0.27281874739179657
8 0.08979986131555506 0.39494764448412945 0.0775058178095378 0.3921182541694626 0.08501268073268875 0.359501584696766 0.09730667864300813 0.3623309695435895
9 0.09084865062754943 0.3594548393564624 0.07569646875151648 0.3665891475705919 0.05939430459932282 0.33196704145632017 0.07454643414666862 0.3248327477104661
9 0.10968842892339126 0.10495485354925706 0.12927017411993802 0.10538169665805083 0.12780601046006268 0.17255094101766155 0.10822426528125106 0.17212409851363822
9 0.14931254158625507 0.24787992045799076 0.13795838526061743 0.2476324248204099 0.13872728772128085 0.2123594077183348 0.15008141593682467 0.2126069030491456
9 0.20255535818932913 0.22738211293855984 0.179183957750638 0.2268726658394142 0.18035014014333228 0.17337518777340624 0.20372146555325799 0.17388463406384666
9 0.17483863849008685 0.015370301599821142 0.18451261993538992 0.016988695110522912 0.17880144534342435 0.05112735259392078 0.16912746396644707 0.04950895935818328
9 0.2397936411482533 0.24908574495214322 0.2529334798750824 0.24937216230130715 0.2521729424588557 0.28426225872972555 0.2390331037439637 0.2839758417868504
9 0.27346508502546385 0.15069213651479166 0.2617877098940653 0.15102988280596394 0.26083011020136837 0.1179213984599644 0.27250746951062865 0.11758365239784045
9 0.14440354775717879 0.5013865880782684 0.14328039670112958 0.5214617321538819 0.13574729923891482 0.5210403012178917 0.13687046137374637 0.500965168939205
12 0.19792537064654425 0.4593567541703984 0.2158512491392912 0.4625727560941403 0.2038099540289977 0.5296856441615773 0.1858840798707888 0.526469658734162
12 0.13339295416460573 0.5613193967922049 0.10580162490316525 0.5615630797712664 0.10539990396944177 0.5160709541313017 0.1329910267172636 0.5158272720658454
12 0.10249401854298412 0.454245200974154 0.08255889041674891 0.45419676556914024 0.08265208285126846 0.4158641310549114 0.10258711000562926 0.41591256633750473
12 0.07121551064221876 0.34420726583570205 0.06883626093178918 0.39039201807529594 0.05938861046865895 0.38990531388343735 0.061767883047991745 0.3437205853239063
0 0.14213439219247448 -0.0005642887263332621 0.15719180913117725 0.000029182512540142753 0.1560269544439734 0.029583608625655313 0.1409695375081128 0.028990137423568513
0 0.0688717751487502 0.016738743741810575 0.08138800473079755 0.017011574241364496 0.08061715397877833 0.05237471037249626 0.06810092439638993 0.052101879923759926
0 0.11656511612773102 0.12456093718320815 0.10302204468518994 0.12598067599315665 0.09861491676690548 0.08394057639743015 0.11215797002705585 0.08252083855339525
14 0.19594471728078133 -5.2396383278179626e-11 0.1959447173536546 0.011961404116162158 0.18385220073002984 0.011961404055150924 0.18385220078857856 7.714688519739897e-12
14 0.19501518142942587 0.04859316938161814 0.20705220358752285 0.05190367126815521 0.19934298961084096 0.07993442671521361 0.18730596781722397 0.07662392577186174
14 0.25344256379787566 0.0970873269898155 0.261337077700432 0.09710591796985177 0.26129721466497813 0.11403338830662395 0.2534027007624218 0.11401479733163908
14 0.22086336324014155 0.33218437691151376 0.23029525153935992 0.33317306156385673 0.22810464399128705 0.3540703563439909 0.2186727558595294 0.3530816727768581
14 0.2660490045999495 0.4850863860624437 0.2579040635077945 0.48439147189639237 0.2596232810855099 0.46424241965486596 0.26776819848032574 0.4649373328041943
14 0.1607547888041836 0.4536471167968535 0.13888383021321715 0.4534151356946928 0.1392715899569339 0.4168651609842886 0.16114244291998148 0.41709714152747296
14 0.11683688554262517 0.4658329591550896 0.13060009490334323 0.4705099286917797 0.12028879561216854 0.5008514921219208 0.10652559151230889 0.4961745336004461
14 0.12314622376322859 0.2949188241097689 0.14288279711286123 0.29534902912133415 0.14217756920629654 0.3277019346252212 0.12244099587144319 0.3272717302730623
14 0.12447157586677804 0.34945388787090903 0.11076886691523669 0.3491552037599348 0.11169901247751568 0.3064858782325719 0.12540166326630242 0.30678456171118285
14 0.09334321069547968 0.39661724069942167 0.10530615488767125 0.3996531350238665 0.10051394864922258 0.41853587847285334 0.08855100580274211 0.41549998781843667
14 0.0625927567675717 0.30479146695140896 0.06951844705781696 0.3049424295232593 0.06901982703470821 0.3278168697937963 0.06209413674946518 0.3276659073884524
0 0.5986994122787337 0.38554051103114256 0.6824021035295118 0.4354455940798023 0.6458813998601727 0.4966956674895826 0.5621788876129585 0.44679082406221216
9 0.6727798991055352 0.19800035765131327 0.6589414491151047 0.16712630729448916 0.7261823587004983 0.13698765672337176 0.7400208230147882 0.16786164599918388
9 0.7657512861754867 0.19067289574294227 0.7825629284475326 0.24874837109168996 0.6589128723211388 0.28454136200300145 0.6421015437110782 0.22646615133619863
9 0.08715765861393265 0.6742580952000844 0.09395008065928323 0.6744552742236828 0.09297926826775438 0.7078930061564457 0.08618684625162132 0.7076958278271913
9 0.09235865185212333 0.6964724520709047 0.11242086531444784 0.6970548397286975 0.11176858958185676 0.7195211659752243 0.09170637617887678 0.7189387797292458
9 0.11904935023846974 0.6658981050504436 0.13033292961699772 0.6651665070989686 0.13184557540819242 0.6884931122466595 0.12056199620212737 0.6892247084340908
8 0.0791682231855475 0.8320251322509322 0.10459582649639287 0.8235016994235315 0.12335968062211577 0.879466911270136 0.09793210835664468 0.8879902785490416
8 0.22364415564163664 0.9683063002546528 0.22458624365310698 0.9570853148568611 0.24309504174243557 0.9586388304127382 0.2421529865850971 0.9698597851587741
8 0.21491104554820595 0.8143876837261281 0.224364385978447 0.8146075265265836 0.22381475233294168 0.8382371421928934 0.21436141192532432 0.8380173000464216
8 0.1666097354966496 0.7733844483779186 0.17759027425302065 0.7710791245727774 0.18234056382254948 0.79370113856239 0.17136002702761743 0.796006456005415
8 0.11940518726942173 0.7672542939925607 0.12991535631772422 0.7659515545296077 0.1327197916384648 0.7885728863879182 0.12220962324170159 0.789875622332457
8 0.08902419181697496 0.6099693163714407 0.09562309479906617 0.6101608835989383 0.09512621457361092 0.6272748989805862 0.0885273116045937 0.6270833320622621
15 0.09076112983120765 0.9403043175785528 0.106355157604753 0.9418723955175398 0.10430881967647565 0.9622169738115058 0.08871479260290016 0.9606489005214859
11 0.2216068013419772 0.9808164210090603 0.22110038566495405 0.9928704907356763 0.2066680528980669 0.9922643101423928 0.2071744935701645 0.9802102665678768
11 0.24914430011483546 0.980576752579419 0.24966068036076194 0.971764701504151 0.26381186274579704 0.9725937048805877 0.2632955020732197 0.9814057373811492
13 0.1525865736975902 0.9861843259212035 0.15442027057702035 0.972564908852228 0.19724089267208456 0.9783284253405616 0.1954072932815052 0.9919477544681277
5 0.09387632089669751 0.7310076453338497 0.1064152048828646 0.7313716315784342 0.10580147971961651 0.752510196899748 0.09326259577187557 0.7521462115251366
5 0.19039770685003532 0.670606580050082 0.19725750306201917 0.6706257975409928 0.19716337153840868 0.7042218186233552 0.1903035753267659 0.7042026012000512
15 0.11120617995322846 0.7048535571142855 0.1245342826639444 0.7029098941635863 0.12741086288701808 0.7226321731663274 0.11408276109148119 0.7245758319073781
14 0.21953133062447705 0.7419799433876205 0.2192008294482548 0.7498475122680834 0.2120914590288976 0.7495489065048243 0.21242196628111287 0.741681343985956
0 0.176006950447686 0.730753332046161 0.190683222735629 0.7216349152862273 0.21875183663451025 0.7668043323214284 0.2040756071010037 0.7759226937347745
3 0.14059296919833741 0.7512734658106335 0.12414484255248226 0.7552222566305808 0.11684796126849051 0.7248329930646186 0.13329597717347497 0.7208842161184793
9 0.19886815533232038 0.7981979906147071 0.19060851930839817 0.7979582300491974 0.19129232433351717 0.7744067372289656 0.19955191372491754 0.7746464971167775
14 0.8387432790161711 0.5997435510595002 0.8387446027495571 0.6800255452427574 0.6748879805854813 0.6800265856209047 0.6748879452791243 0.599745905377153
4 0.8837789866581716 1.0000000000000313 0.8837800808937573 0.9434166438167224 0.9652414279504455 0.9434179890757803 0.9652410158782914 1.0000006662418977