9 0.3969163324387637 0.4383224941056446 0.43953803720626183 0.39182434105868774 0.5721422006103012 0.5133656729781173 0.5295211229447432 0.5598632190756456
9 0.4305404372827297 0.5991612983793818 0.3734568436831296 0.6118327302692214 0.3430813771170733 0.47500391666430436 0.40016370663863654 0.46233263042115724
9 0.61328125 0.293262012012012 0.66796875 0.293262012012012 0.66796875 0.36951013513513514 0.61328125 0.36951013513513514
9 0.46705334546561517 0.8517609400834518 0.49609375 0.8533924564564573 0.4932406880268445 0.9041641264181887 0.4642002843974069 0.9025326211635385
9 0.5368834558128128 0.0011038423045021221 0.5990485718100445 -0.04392084503303303 0.6795719511831066 0.06725695187949779 0.6174068727952999 0.11228159912732043
4 0.06977660639427086 0.8475093690342294 -0.0037114675966449795 0.8405744879044237 0.008687361333045374 0.7092236856017392 0.08217315273998338 0.7161584583332682
10 0.07031242287121131 0.9999999999997078 0.0703133070946933 0.9325727575038555 0.1289065534706424 0.9325735374718245 0.1289062499990905 1.0000002005020807
10 0.39648450045581285 0.22287913794691047 0.3380177714184356 0.21873672897423885 0.34985292205988117 0.05169737152577477 0.4083192582523907 0.05583976688142721
10 0.14453125 0.5571978228228228 0.1796875 0.5571978228228228 0.1796875 0.5951793963963964 0.14453125 0.5951793963963964
10 0.6640549942950429 0.2080033055069568 0.5936230338711539 0.22510845119912484 0.5672892936639755 0.11667713034860712 0.637720876000003 0.09957203303303003
10 0.9007662304171618 0.1587839681077116 0.8307024597023656 0.22100045562358836 0.7279660071189937 0.1053063699071717 0.7980295585008435 0.04309005038161091
10 0.5292688135685921 0.7798662707673534 0.59375 0.7712790930930857 0.6029028267918193 0.8399943624472069 0.5384216557906711 0.8485814664771083
10 0.7894936030489816 0.990490532054404 0.7453363888483864 1.0129735278683385 0.7022243042663376 0.928323072710657 0.7463805109128998 0.9058403847647786
10 0.8515625 0.879786036036036 0.890625 0.879786036036036 0.890625 0.9443036786786787 0.8515625 0.9443036786786787
8 0.6406093621914124 0.9970907724286043 0.6406093760000431 1.0000000000000504 0.6172031239999569 1.0000000642340239 0.6172031205486519 0.9970908470182749
8 0.38671875 0.7742117117117117 0.43359375 0.7742117117117117 0.43359375 0.8445945945945946 0.38671875 0.8445945945945946
8 0.30664053294128735 0.5044105779702457 0.34264403589736503 0.5371052650263454 0.28473193726472346 0.6008720602617895 0.24872866023110873 0.5681776104069206
8 0.33203125 0.32258821321321324 0.37890625 0.32258821321321324 0.37890625 0.41643205705705705 0.33203125 0.41643205705705705
8 0.3036290206846388 0.2801881350022457 0.34151330048609907 0.3054182879945226 0.29913362331558346 0.36905130076681264 0.2612494199986486 0.3438212429864216
8 0.46875 0.17804817717717716 0.5234375 0.17804817717717716 0.5234375 0.2580705705705706 0.46875 0.2580705705705706
8 0.38671875 0 0.4296875 0 0.4296875 0.03519144144144144 0.38671875 0.03519144144144144
8 0.8164062499457714 -1.758589134109194e-9 0.8164062514985062 0.029326202598043444 0.7513859356247394 0.029326199771750074 0.7513859379999985 5.569232003513827e-14
8 0.916157432488717 0.1346874539848428 0.9567474911063982 0.1617201372209935 0.9061081193832479 0.2377552318808918 0.8655181162105237 0.21072261774392648
8 0.83984375 0.2639358108108108 0.87890625 0.2639358108108108 0.87890625 0.32845345345345345 0.83984375 0.32845345345345345
8 0.9765625 0.439893018018018 1 0.439893018018018 1 0.5102759009009009 0.9765625 0.5102759009009009
8 0.8476561045135895 0.5865240172626796 0.8476564881551667 0.5161409857014113 0.9101562632458808 0.5161413725746091 0.9101562492082849 0.5865240324694333
8 0.7109375 0.6393111861861862 0.76171875 0.6393111861861862 0.76171875 0.6920983483483484 0.7109375 0.6920983483483484
8 0.9038075972739534 0.7727482820533125 0.930180616086659 0.7815288052069063 0.9129884676000302 0.8331567932650861 0.8866154763812801 0.8243763284652541
8 0.8835637819211115 0.8668328132335474 0.8451632947294456 0.873935565454747 0.8199988193156287 0.737909506037369 0.8583980345676991 0.7308068748086547
11 0.5390625 0.9267079579579579 0.56640625 0.9267079579579579 0.56640625 0.9677646396396397 0.5390625 0.9677646396396397
11 0.5585936471176183 0.33431848962640015 0.5585939549997647 0.42816256143055675 0.4991032531561359 0.42816247377283273 0.4991032675355882 0.3343187206573946
5 0.4453125 0.04692192192192192 0.48046875 0.04692192192192192 0.48046875 0.0879786036036036 0.4453125 0.0879786036036036
5 0.2973446027220916 0.43180004212637085 0.2675781240000106 0.4516234984984857 0.24442404024159714 0.41685761447619707 0.2741904027494684 0.3970342108314204
5 0.7752094621382639 0.5780932996931422 0.736123295293396 0.5749123556945289 0.7402110390077041 0.5246906911311668 0.7792968759999894 0.5278716216216246