4 0.5130798071960498 0.08890587207605803 0.5119400490862063 0.0626040282073421 0.5860515889644375 0.059392480259360246 0.5871913681606884 0.08569430201320874
4 0.6845226756992133 0.007006561473030228 0.6792170803510089 0.06161078306723157 0.5600797699696614 0.05003481634112284 0.565385388979962 -0.004569375085407251
4 0.8046874999198508 -3.8462085726362454e-9 0.8046875037894097 0.04112789864171156 0.7275589340993065 0.04112789268930574 0.7275589394531607 1.1128835374691192e-14
4 0.6972933544709576 0.1572377332342253 0.6316345235532026 0.1470880507293239 0.6392475566746043 0.09783964927907889 0.7049062659405081 0.10798932235099645
4 0.8061702961124411 0.18380798459482162 0.8350249522359263 0.24560264033477452 0.7653185866768126 0.2781509010521979 0.7364641262513487 0.21635641137499095
4 0.7063695118852138 0.4143278352565758 0.6810313743918641 0.42572947792700355 0.6494614286514206 0.35557384199690417 0.6747993646806663 0.3441722521631468
10 0.4738425565980151 0.04396893160116449 0.4712293341115128 0.02168790338971772 0.4998899803126733 0.01832644990294518 0.5025032054065832 0.04060747516621879
10 0.616339324058572 0.12131210352796085 0.5902098169568717 0.11893742407054843 0.593702197169705 0.08050970728854231 0.6198316733050433 0.08288438532614281
10 0.7673370245755677 0.10004442505322501 0.7635191752311812 0.12665913483066524 0.7337316983297342 0.12238615952491336 0.7375495588638614 0.09577146354944895
10 0.7544396293981208 0.1486739340359664 0.7494156914427776 0.17258382941974998 0.7227481871417467 0.1669804922414828 0.7277721364233685 0.14307061263321244
10 0.7906496554653586 0.15215191392531205 0.786726898380266 0.17493277224992063 0.7595842620011126 0.17025895787696105 0.7635070311331447 0.14747811481871717
10 0.821864652730369 0.267752756507394 0.8237475238596517 0.24059080358015764 0.8524740537131947 0.24258209169464 0.8505912148896186 0.2697440142327313
10 0.8669724274369628 0.008366361833351006 0.9085650421232003 0.010283353867808346 0.905890121978814 0.06832056965470677 0.8642975074018295 0.06640357831623474
10 0.9693393985396597 0.025353755704824454 0.9626883643351221 0.0635789497372811 0.9218457446457933 0.05647248717733651 0.928496786529422 0.018247301553694112
10 0.8854784900213417 0.4565809882737417 0.8727515232446876 0.4782045081506378 0.8473617061658842 0.46326173822170813 0.8600886717503045 0.4416382630842085
10 0.9343552991277875 0.30590927617367886 0.9604971284139765 0.30773572995271875 0.9584309296175206 0.33730808767665604 0.9322891006087275 0.3354816365524657
13 0.4185965248256025 -8.858994493167024e-10 0.41859652599032415 0.027116484786066465 0.3816921848688253 0.02711648387006904 0.3816921857736588 3.838054226786976e-11
13 0.5454121211809024 0.047794630423965895 0.5154637693455015 0.059592365506780716 0.4993273078699758 0.018630229153265586 0.5292756463836668 0.006832497143895289
13 0.5595002114170029 0.10653954251643277 0.5504356331815643 0.13276919936483147 0.5187541690326043 0.12182058724245359 0.5278187546643949 0.09559094572511084
13 0.6207421787634075 0.06722432837505188 0.6211451096842211 0.08306761002684197 0.5985339423413052 0.08364265775697542 0.598131015624972 0.06779938020831898
13 0.6099440331071264 0.17387952801791173 0.6030159821755205 0.16063958399218692 0.6166107811719712 0.15352590721692266 0.6235388327288547 0.16676584619303741
13 0.6090913032273875 0.21963280751681702 0.59710451002627 0.22575264145908955 0.5842878439588048 0.2006492242222642 0.5962746191405586 0.1945293958333447
13 0.6433754762522312 0.28952418342574515 0.6337046527709163 0.29392728581880406 0.6233604677844369 0.271208204439133 0.6330312734374957 0.2668051067708456
13 0.698343080078125 0.2165605703125 0.735894505859375 0.2165605703125 0.735894505859375 0.27092785416666665 0.698343080078125 0.27092785416666665
13 0.7680565313665966 0.3634078536927544 0.7757509067748742 0.3812133957882122 0.7589977811767312 0.388452655054228 0.7513034277361612 0.3706471316106538
13 0.7840926384625391 0.4485432755366302 0.7701804242213939 0.4527838378849996 0.764833215001886 0.43524198488969784 0.7787453971562854 0.43100142777786093
13 0.8698182635857847 0.4148649934409091 0.8785213987456473 0.4066334616023713 0.8962852474945748 0.4254140474944197 0.8875821256351628 0.43364556571389845
13 0.8703280571412506 0.2569728337268042 0.8671759983882339 0.22796803013879122 0.9128546109402578 0.2230040393165955 0.9160067122404598 0.25200879412017124
13 0.7963736323024477 0.14338318228972194 0.7840363621406823 0.15747198540846208 0.7551004730241857 0.13213356519880087 0.7674377353935142 0.11804477325654643
8 0.2734375 0 0.3197288515625 0 0.3197288515625 0.022898356770833333 0.2734375 0.022898356770833333
8 0.37109375 0.036458333333333336 0.407166291015625 0.036458333333333336 0.407166291015625 0.07291666666666667 0.37109375 0.07291666666666667
8 0.5695606978030128 0.15305584754171098 0.5445688911199795 0.14671213728025673 0.5526773037076964 0.1147683357254558 0.5776690781250409 0.12111204166666506
8 0.646984382459209 0.23776805937593304 0.6359357698079293 0.253566035497175 0.6003274132315255 0.22866304220078448 0.6113760190527273 0.2128650903719126
8 0.6819217978081724 0.19977480798156144 0.6631185138293176 0.2060857883631156 0.652751266719406 0.17519732680385322 0.6715545182564711 0.1688863523536784
8 0.7105999323401875 0.27110502821732796 0.7094203100368759 0.30270901887432816 0.6841795861621449 0.3017668994481136 0.6853592419248571 0.2701629436540864
12 0.5208197880242551 0.12083527633684801 0.5666204059007214 0.12576259836881043 0.5573224265707495 0.21218885417016847 0.5115218101315122 0.20726154286708878
12 0.6413275863435501 0.3295654816270779 0.6160585834849144 0.2788337938524014 0.6598277708969817 0.257033328530705 0.6850967939627708 0.3077649071347725
12 0.75655188210294 0.13395225191970797 0.7492795489719128 0.1508327332416622 0.7265228866597226 0.14102891029065653 0.7337952226562265 0.12414843750001604
12 0.7367029467616248 0.08358320740475893 0.7493809239766733 0.06456630461437549 0.7854594300675899 0.08861867276117008 0.7727814652253073 0.1076355645715574
12 0.69140625 0 0.7265625 0 0.7265625 0.020833333333333332 0.69140625 0.020833333333333332
12 0.9215392318070599 0.39118043446585554 0.921688802897279 0.40611496667047403 0.8906528357745174 0.406425732435844 0.890503293107713 0.3914912282635826
12 1 0.2343749962081488 1.0000000146280854 0.2645528671875501 0.9819560444798299 0.26455285848191706 0.9819560504511173 0.2343750080170692
12 0.9635754973884332 0.25123241456903195 0.959372498315588 0.2370124827544403 0.9798160350893568 0.2309700714579345 0.9840190406263218 0.24518999213944564
12 1.0000000044893795 0.16710720312500002 0.988903262928261 0.16710720312500002 0.9889032681278422 0.14914640364583331 1 0.14914640364583331
9 0.9885932636769894 0.16626868580533374 0.9789445196515771 0.20606983493994321 0.8650408015322455 0.1784568923679051 0.8746896267948614 0.1386558644596399
0 0.49558633558092424 0.12150487974191143 0.44036292166322255 0.11596266870078663 0.44737419975808734 0.046101834856090484 0.5025975183867786 0.051644041188374665
0 0.4162674001230471 0.031003142688871305 0.45218386961721535 0.053311730604466576 0.4239901200893428 0.09870314936825271 0.3880736601757917 0.07639457355394841
0 0.4436041001541753 0.015254115888306748 0.43540449464774156 0.024537347936952676 0.4185938651567085 0.009689014204669215 0.4267934703508445 0.00040578256996057997
0 0.5778003324035126 0.102356969117069 0.5689176530502209 0.11500700588435495 0.5555356241745812 0.10561036038623557 0.5644183025525535 0.09296032693391004
0 0.5796300592330681 0.16406200176337662 0.5661980986741355 0.16898272536050732 0.5580786380480731 0.1468194081411923 0.5715105850425743 0.14189868727828242
0 0.5999943053946026 0.12755693378871902 0.6329407167228283 0.10788901042740517 0.6685765492435394 0.16758347324683692 0.6356301617028066 0.18725136539387527
10 0.5562630846812908 0.1059818336354901 0.5754660984005113 0.10562204099298994 0.5758629164064359 0.12680110578168355 0.5566599026919903 0.12716089828916427
0 1.0000000115737748 0.30847623697916665 0.9863097139374304 0.30847623697916665 0.9863097279893509 0.28789866406250003 1 0.28789866406250003
0 0.9688818231189771 0.46240538620663435 0.9599091333834622 0.4626758730016935 0.9595237585664336 0.44989261673199726 0.9684964323595295 0.44962213017747815
0 0.8443917061496222 0.4576424319022553 0.8342373736347781 0.4619937617167095 0.8284281426061852 0.448438075386219 0.8385824570312934 0.44408674999998626
0 0.7854872882372774 0.363864481485956 0.7767409742158407 0.37481666653245455 0.7644589374268662 0.36500873327694844 0.7732052465073593 0.35405655779424045
0 0.7597510014546742 0.33980806949311065 0.7532426864112267 0.34659759921140704 0.7440461538147929 0.3377822804653602 0.7505544648437308 0.3309927552083673
0 0.7342677624142198 0.3042230671824521 0.7338671608860068 0.31927520743335236 0.7184879344732735 0.31886590240377866 0.7188885466857755 0.30381377315913444
14 0.8662860581468976 0.018930287770033666 0.8562940534434347 0.033918294403590864 0.8379647262316894 0.02169874317357218 0.8479567307197158 0.0067107375478746975
14 0.8010733247407416 0.11046972209615441 0.7831837766639183 0.09203069363274084 0.7971208777020138 0.0785089582576675 0.8150104209864821 0.09694798154343512
14 0.9691934489870846 0.32234261128886454 0.9841436138336803 0.3304347474948458 0.9753444328226806 0.3466906145878648 0.9603942733218673 0.33859848601183123
14 0.9892487921183601 0.17565274434061803 1.0004812614588445 0.17606909435179874 1 0.18905264322916848 0.9887675306669053 0.18863629336819462