9 0.16823491661750722 0.4316299154237114 0.18089383370590895 0.4378814608730709 0.17688670050461042 0.4459951314180494 0.1642277858769603 0.4397435897435849
9 0.28782205700758823 0.2793355657829151 0.3084036351760915 0.2777381515059851 0.3112036999657448 0.31381410957580724 0.2906221220838461 0.31541152123344823
9 0.2525148284137231 0.1990122725497397 0.28474163459452484 0.1794292259486567 0.3180067518140959 0.23417120943510936 0.28577997702984703 0.25375421489553923
9 0.16592022437362175 0.20039924807692214 0.19199749396079824 0.18736007737777952 0.22091896503354747 0.2451998406044915 0.19484171409965256 0.25823898277699586
9 0.15918004854597712 0.15621457313695772 0.15475118916936026 0.1334136186234665 0.17580092374907963 0.12932494154194976 0.18022979113300153 0.15212588543989972
9 0.004685636674253146 0.300518378205132 0.02439556461627035 0.29898862434786544 0.027189666620756725 0.3349878203360952 0.007479738970687322 0.33651757152368295
9 0.04670811734615654 0.33869925682006125 0.074319006527503 0.3365563012598728 0.0771999209008527 0.3736740256297055 0.0495890322285959 0.3758169768711279
9 0.2817983313706236 -1.39509403011496e-10 0.2817983315123911 0.014629230133768765 0.262078190048328 0.01462922995973343 0.26207819021897194 7.55346483629192e-12
10 0.282839778430116 0.2716424425950314 0.24100785838834327 0.30001053317638343 0.20880419637956038 0.25252351665158634 0.25063597865732845 0.22415549056791575
10 0.364311645119642 0.3496422833344798 0.3479881776796674 0.3526332929670162 0.34311536151039945 0.32604065986581243 0.3594387845370193 0.32304965441185385
10 0.09255687361030596 0.29623961046717273 0.11379601661587913 0.29459116377175953 0.11593944407377421 0.32220702142130525 0.09470030131842577 0.32385546596559434
14 0.40043788427237814 0.24369274635911772 0.41822525164457147 0.2423121943376279 0.4208098319840019 0.27561189368321826 0.4030224648231524 0.27699244387997396
14 0 0.058809369871794866 0.01971040888382688 0.058809369871794866 0.01971040888382688 0.09810159551282051 0 0.09810159551282051
8 0.3635426518552549 0.08753808013682389 0.3186058823421263 0.10923961020271955 0.2798774214156765 0.029045677067445666 0.32481412856634506 0.007344165076522772
8 0.3383051074508785 0.02129098577107193 0.3574203328820431 0.01980734453584088 0.3598411533025683 0.050997171602542885 0.3407259279022128 0.05248081258416489
8 0.39794339457114347 0.29707654478651785 0.38469428830444485 0.3077959745071924 0.36768540246873727 0.28677368999118846 0.38093448843721944 0.2760542731917223
8 0.1917139308250171 0.0871943616406704 0.21507698383493334 0.08538102647195171 0.2176994440837916 0.1191687656937806 0.1943363911581173 0.12098209989708761
11 0.3176808415460073 0.1665029698013085 0.30651371367343927 0.128713619251346 0.36473891561922755 0.11150759216165357 0.3759060711031452 0.14929689212475658
11 0.1428501167797549 0.3385717925128117 0.185328406041549 0.335274938741048 0.18916739323617549 0.38473643560871673 0.14668910508908084 0.3880332803235185
11 0.06645296294436775 0.1975776902883083 0.005343460973904257 0.16378467242414144 0.05782405442471372 0.06888239723138034 0.1189333356401221 0.10267533834836386
11 0.012838802223768653 0.18801998251117474 0.0077772330897687425 0.16196174833443328 0.0305577027045274 0.15753689504078086 0.035619283810433444 0.18359511328955125
10 0.9429530578432832 0.12862520315381276 0.9425004982650762 0.22960835869861 0.7189839389800454 0.22860570440532607 0.7194371101758179 0.12762317271865967
14 0.1157280087683148 0.9975677412748252 0.09753167576832311 0.9754157947504043 0.12266697556856343 0.954774919646984 0.14086324729748867 0.9769267587297072
14 0.3131053168482367 0.9435642042037657 0.32060360861225945 0.9777723777935503 0.27844583128091926 0.9870103141520816 0.2709477888749916 0.9528023575392155
0 0.4102643300981299 0.8240921187696809 0.4151564950669808 0.8243181816615118 0.4148420416336194 0.8311217650353274 0.4099498766781835 0.8308957023375879
0 0.3846787326339154 0.8784045566383576 0.3798158703663148 0.8753437991874249 0.3835345188562087 0.8694370778899805 0.3883973742957778 0.8724978324962901
0 0.38694103776424527 0.9651591915001428 0.37042826538504414 0.9662117074736764 0.36762348044112514 0.9222181175213144 0.38413604462118656 0.9211656081939317
0 0.17193914790391318 0.9681375730118633 0.1899454050994791 0.9668991143637112 0.19156056263136634 0.990375479719551 0.17355430588622767 0.9916139340214949
0 0.197395849931695 0.8710577298256176 0.1949374475851755 0.8633989627815102 0.20055536948905228 0.8615960685528209 0.20301377501334628 0.8692548296308785
0 0.1503181962553981 0.8819217441490256 0.14439104698874416 0.8821623138639586 0.14403140699232608 0.8733034192289872 0.14995854222661364 0.8730628497991751
11 0.37378126559565317 0.8645409390293095 0.38584731343405565 0.8681846535150478 0.3727273825179509 0.9116204943742579 0.3606613442195794 0.9079768023036879
11 0.1857414053880575 0.9532339869908654 0.17909854714139328 0.9579460074062885 0.17139347235047353 0.9470866058531178 0.17803631260892416 0.9423745945169821
10 0.39096888318056244 0.8869846621123391 0.4054749440335854 0.8765391764279765 0.4274558249552456 0.9070575189076513 0.4129498095691133 0.917502950936596
10 0.4191343998290904 0.8071799371794872 0.4133571637911473 0.8071799371794872 0.4133571703564485 0.7993817083333334 0.41913439537108843 0.7993817083333334
10 0.3784477277897622 0.829096226675649 0.385215312712603 0.8279617342302787 0.38686491317014315 0.8378000168770141 0.38009732860246004 0.838934507885493
10 0.26027970919221843 0.9537848997364716 0.26325383901871646 0.9695167225444721 0.23877145151629975 0.9741437776082106 0.23579738709634057 0.9584120123484459
10 0.22408646950918865 0.8754337750459068 0.20662050645273666 0.8755996360641545 0.2063683704985806 0.849048536223905 0.2238342116218064 0.8488826757850451
4 0.38651951080601066 0.9187298509948464 0.3992814558578175 0.9178520716033395 0.40151967592089477 0.9503847468268298 0.38875773128802393 0.9512625221435067
4 0.41913442560928615 0.8764927717948718 0.4067810753944059 0.8764927717948718 0.4067811023314789 0.859306982051282 0.4191343963552754 0.859306982051282
4 0.0859325642956037 0.9999999998941204 0.08593261010742026 0.9857679531756154 0.10030367501030923 0.9857680026750084 0.10030366014609626 1.000000018418193
4 0.09285301274860558 0.942548895469073 0.08629090589556654 0.9430002439675235 0.08562558435551182 0.9333296487008834 0.09218767309369014 0.9328783008276865
4 0.04813078259917347 0.9589103877684871 0.05402311399473092 0.9576197627383607 0.05583388978709536 0.9658845100566025 0.04994155890324237 0.9671751334860312
4 0.03383017292298973 0.8814428735805397 0.04051685531032945 0.8815395234801325 0.04037249378905017 0.8915247299526806 0.03368581140443894 0.8914280801834195
4 0.06469813555474957 0.8712768950362395 0.057762854690736276 0.8716666085238511 0.05713907373535676 0.8605682773401601 0.06407433430570109 0.8601785644241896
8 0.9799679092385531 0.7659459858964013 0.922661424065609 0.7599884866409798 0.9484506307973106 0.5119641303019067 1.0057543353922256 0.5179214831140942
8 1.000000186886723 0.7924630006410257 0.9835327152110267 0.7924630006410257 0.983532976218271 0.6415423480769232 0.9999999130997139 0.6415423480769232
14 0.7820135271192612 0.5510167480887781 0.8381090794456441 0.5442206915996812 0.8583804108685626 0.7115239700397173 0.8022848785961969 0.7183199162671242
14 0.7021067665083365 0.6746704875243688 0.7707835735199069 0.6477738023848949 0.8623386343243737 0.881506706870617 0.7936622563798892 0.9084025922005331
4 0.5432726351788233 0.574029665754941 0.5998169568841831 0.5916171928004559 0.5615709151423971 0.7145637600377734 0.5050266912510324 0.6969764568805583
4 0.6880717597764487 0.9865608510265422 0.6762860037806604 0.9814775948618668 0.6957973296808859 0.9362527650386091 0.7075829371925693 0.9413359845581821