9 0.3908912017033117 0.034132536223198603 0.40651856816418785 0.032919351645009254 0.41145212258118136 0.09646976464620152 0.3958247562284214 0.09768294845491707
9 0.33206748079487625 0.257308246341564 0.30203898577337895 0.2699055714324008 0.2688727654825698 0.19084768680277467 0.2989011044982135 0.1782503990268757
9 0.19165624830770867 0.121785841556605 0.2421681269157716 0.10950336889715163 0.2690704304420706 0.2201387501260112 0.21855856426270748 0.23242118687665553
10 0.13540490614866485 0.03098722870246761 0.17029138067789518 0.013278291883287384 0.20454184539562448 0.08075141231840872 0.16965537831708843 0.09846033770483677
14 0.2026336861093796 0.04646740053766808 0.21284193265262275 0.02830661350566044 0.24257743131408915 0.04502104015463244 0.23236918979398524 0.06318182286069592
14 0.3336034609166063 0.1417369693467225 0.35350616330106277 0.15156839623800508 0.3398736431695397 0.17916580069590968 0.3199709457243216 0.16933438120894226
14 0.3206668210590351 0.39061316023337755 0.3258027555808667 0.4195613514570445 0.2990221239861057 0.4243124373913066 0.29388624484681714 0.39536429534189643
8 0.04115793337200557 0.44000000000002776 0.041158235822422284 0.3979006609940633 0.11297805060803512 0.3979010969406243 0.11297794090319258 0.4400002439849035
11 0.30677879786890117 0.12495283801488065 0.28235466188732516 0.13394003696459714 0.2656189798661899 0.0884582835119138 0.29004308128139655 0.07947109152880506
11 0.08671112807974168 0.30630969010917897 0.12255606599114799 0.2734491333215236 0.15351132318824057 0.30721484386088593 0.11766645388934194 0.3400753296893097
4 0.9999991719026866 -8.988971464563775e-7 1.0000009647476418 0.33873811130476167 0.6247562774384505 0.33873664754252997 0.6247576717134962 3.3794253134844865e-7
7 0.42171097508685307 0.23820501913043807 0.4970221743847105 0.2199047428230897 0.517903039113321 0.3058340801172564 0.4425918619206186 0.3241342885269696
0 0.21615400026178122 0.4772545494233888 0.3325324212163423 0.49152083458465834 0.3066945543288284 0.7022746077431328 0.19031618641508885 0.6880085943534284
9 0.3707265938689943 0.5667745263299322 0.32774140120000084 0.5557919091981522 0.35430661303780653 0.4518274421201388 0.39729113367093305 0.46280996992043316
9 0.3760798664153526 0.9684545962062945 0.3240612289392857 0.9762152342638726 0.3126168200971051 0.8995217896073477 0.3646343302133346 0.8917612369906086
9 0.16729711813206904 0.9999999953068692 0.16729844450708242 0.9044296904431659 0.2703829477695763 0.9044312441937298 0.2703830527577793 1.000000106325212
13 0 0.6514253530434783 0.022870632097334878 0.6514253530434783 0.022870632097334878 0.7260322634782609 0 0.7260322634782609
8 0.013783342250917485 0.7656045508346992 0.0029618219086842146 0.7635007439588243 0.022282720779003284 0.6641349527192493 0.033104009367889375 0.666238736434365
13 0.020075033633702333 0.4881791972413862 0.024651237531543302 0.4726930570185811 0.03613831291613678 0.47608728787580556 0.03156212496662647 0.49157341447893166
4 0.058619580686240624 0.5356601133168625 0.031074419297510758 0.5301417418465333 0.04461727322052411 0.46254822030983866 0.07216215295488837 0.4680665626087046
7 0.03693191351646874 0.5154705066580821 0.055517060422516806 0.5193359374219433 0.04786591621120806 0.5561197737880492 0.02928077291153386 0.5522543548609296
4 0.6127223335837471 0.6036894484649776 0.5417614531971822 0.618072835787524 0.5228465689199311 0.5247624992910928 0.5938063181845337 0.5103792305288796
4 0.7602960720861347 0.8286577252596687 0.8064825895447711 0.8202637524990603 0.8243152200795976 0.9183628985108638 0.7781287327156861 0.9267567597403944
9 1.000000465363314 0.6423597434782607 0.9394393677440576 0.6423597434782607 0.9394398645990805 0.5514478695652174 0.9999999588949322 0.5514478695652174
9 1 0.4399999910586187 1.0000010380809954 0.6586559573979763 0.8935121577757172 0.6586552295799196 0.8935131048763196 0.44000131797126035
9 0.8525726835587193 0.7874801367749914 0.7955384956220541 0.7701085592022525 0.8309677226022814 0.653809251047635 0.8880005092223655 0.6711806018377586