0 0.07249530723129283 0.25292981870177433 0.10949102675442646 0.24641695878196926 0.12337305911569274 0.32527073820752367 0.08637734512501538 0.33178357515694334
0 0.1684818746820156 0.013142527541467374 0.1727101778992619 0.03708449479796186 0.10721556124281051 0.048651242520306656 0.10298726654639268 0.02470928279180829
13 0.24863615577419296 0.19189458391414507 0.23145027799773743 0.14572489480334877 0.2814274086839532 0.1271218957521303 0.29861331354629783 0.173291527282757
8 0.2566948695531437 0.38989169403491813 0.25669489529525436 0.3761481879299776 0.2933330416803983 0.3761482362466522 0.2933330453228109 0.3898917128693445
8 0.2652493368365185 0.22616803159440793 0.24413953561452217 0.22394429257716367 0.24722123850631306 0.1946905197989701 0.26833100064391147 0.19691425675324478
13 0.08983767689528577 0.0669975469313715 0.09654293961875737 0.06012790524568878 0.10694729489523525 0.07028328834835468 0.10024203323234815 0.0771529289876887
13 0.20664672333009548 0.338348658084707 0.2155932676989778 0.3269078804091356 0.23664016499992613 0.3433657179023535 0.22769363792940567 0.35480647968231266
14 0.0026489314079753967 0.8718192641395895 0.055546111550938804 0.8624946306156756 0.0776497178532054 0.9878530359558279 0.024752579932737717 0.9971775012515801
14 -0.03880985196929032 0.646924662154522 0.05476131027421616 0.5392717709007371 0.22037203246100034 0.6832019600107956 0.12680339964549603 0.790852447135445
14 0.22381586606832116 0.6664536000371621 0.3309653814247895 0.7212163963684467 0.2197131494756377 0.9388510737248521 0.11256471856370354 0.8840899115407764
14 0.2845793973453965 0.5688736163059005 0.24741542507626946 0.6262074303587917 0.19402991025708616 0.5916060530560145 0.23119383075209043 0.5342725609326413
4 0.6185220132193763 0.6383910817265638 0.6540655240792148 0.6356196867724299 0.6597306962240737 0.7082665876121138 0.6241871877307403 0.711037961938606
4 0.6545254198866814 0.4936946750067832 0.6868639116856912 0.49092422443089034 0.6951774668352755 0.5879572020918493 0.6628389779933741 0.5907276304965652
4 0.7103194798285131 0.7173802590696254 0.7210231172182375 0.719196912463029 0.7162897243405268 0.7470813325926626 0.7055860883839387 0.7452646849217871
4 0.7453520423714508 0.5404956574557609 0.7574170418760104 0.5408222582381709 0.7559195983393465 0.5961341773022271 0.7438545988936767 0.5958075780859865
11 0.6023270669645626 0.4307181722365862 0.6585851182221631 0.426331299433392 0.665310556002737 0.512573963238377 0.6090525074544075 0.5169608087754307
11 0.720327872456096 0.4393313672998168 0.7639452943327569 0.4474638856056321 0.7449300344688936 0.5494417628968434 0.7013126301992543 0.5413093082624094
11 0.7097522689003881 0.5798745355739089 0.7376004705849937 0.5861827960635 0.7120068399145794 0.6991537955221797 0.6841586613371646 0.6928456062789111
11 0.67376808917993 0.7159095304015657 0.7015690387906943 0.721566200011776 0.678802391248496 0.8334380675342505 0.6510014643432669 0.8277814740450267
14 0.8628155186445383 0.9761593438102424 0.8187384538537117 0.9798028107557679 0.8105479478065263 0.8807377657392552 0.8546237954858498 0.8770943489300734
14 0.6698013640609588 0.9999999999915861 0.6698022860684887 0.919555034556254 0.7217861958567937 0.9195556835364567 0.7217858841536327 1.0000000417432169
9 0.7216277420330925 0.9185939589542875 0.6757859291291197 0.9276167535774306 0.6599811327317866 0.8473340466508898 0.7058219698695893 0.8383113505206145
9 0.636418409333487 0.8678824322107784 0.6680939840905467 0.8654128714190603 0.6707878182727427 0.8999569528116325 0.6391122448389979 0.9024265020982893
4 0.6252321021956959 0.7244367140560686 0.6587206963665722 0.721825648132093 0.6651039954273301 0.8036815619262271 0.631615404172635 0.8062926030903038
11 0.6066163081952709 0.48572053303588986 0.6420458038036259 0.4829579081573296 0.6526874581928723 0.6194205757147289 0.6172579659372559 0.6221831685972874
11 0.7779595043137988 0.4241550984121366 0.7643432052099115 0.4207064561750092 0.7730216780547607 0.3864430621490082 0.7866379199759876 0.3898916967509161