9 0.21513946841821507 0.4999999634952815 0.2151398679570775 0.4473584361802495 0.29082508611327285 0.4473589677908165 0.29082497459501155 0.500000205658408
8 0.9247704166809854 0.11051706587862901 0.9220900322119405 0.11028458577851345 0.9231499680361139 0.09806408126649552 0.9258303514588988 0.0982965613207554
9 0.8831703907658266 0.5013652575503298 0.8742418005356285 0.4999616049042388 0.8771984494120488 0.4811559405653519 0.8861270145287108 0.48255959119334485
9 0.8751269209249131 0.3814418829034546 0.8876665952067242 0.3835422663798679 0.8805295082684097 0.4261499180969482 0.8679898353378803 0.42404954018772495
9 0.8496683033300769 0.3045025411656515 0.8602781004010467 0.30190739575719566 0.8670065017546449 0.3294144663717732 0.8563967059574225 0.33200960823427766
11 0.8750070494226065 0.2760862339672813 0.8796303502753062 0.2778007785137768 0.8755449904506349 0.2888167596762537 0.8709216900447245 0.2871022159964211
9 0.898945685010176 0.11423315760312945 0.9084907681784671 0.11759880312810009 0.9007610575663421 0.1395204160865143 0.891215975143723 0.13615477206576534
11 0.9127170458791625 0.0629852018161954 0.9198667309506163 0.06541288767297762 0.9161433615412307 0.07637842493219084 0.9089936766104074 0.07395073937345616
8 0.3572763580694982 0.9644870092541776 0.3783609279458915 0.9786751426518255 0.35507672436165194 1.0132667724879203 0.33399222653770266 0.999078727998362
12 0.3825151455289415 0.7948479272212394 0.36128554311665084 0.7932847985199037 0.3636028016707087 0.761819879818284 0.38483224685774076 0.7633830027309422
12 0.31062830771611516 0.7938219108640421 0.25674329323487655 0.7800887962552625 0.28472130703937637 0.6703324612677746 0.3386050202144588 0.6840654014090062
12 0.30395586772510796 0.534714823685223 0.368638502641943 0.5050892940309537 0.42012516320539817 0.6174916547690712 0.3554427303100738 0.6471168610389398
12 0.2649700086037683 0.7745683299588281 0.2627487669401489 0.7985466535078877 0.23208876435728598 0.7957068874803057 0.23431008488057614 0.7717286521226706
12 0.1674892026883299 0.7493890923989329 0.13339577961892246 0.7463450347874514 0.1371009496303941 0.7048559282012644 0.1711940607581255 0.7078999718237032
12 0.27137341419916083 0.5233857562230726 0.2669157957993775 0.58409279342165 0.23096889340797588 0.5814533737687511 0.23542668059383232 0.5207465201903858
12 0.13164293488125622 0.506427201530875 0.16450867745982123 0.505030766396465 0.16669020634662957 0.5563697650150116 0.1338244641494839 0.5577661943575132
12 0.09794559150350324 0.5562629270888193 0.12366953886794363 0.5581571199233394 0.11966016498968202 0.6126005686945325 0.0939362186948074 0.6107063850809731
11 0.3630007137811617 0.7934362775428282 0.37505925961352204 0.7856364724949241 0.39159964470127306 0.8112030542789112 0.37954112200463896 0.819002830222691
4 0.8784269309363708 0.84230621630048 0.8321481174093606 0.8619586690887985 0.79074872683384 0.7644871936661249 0.8370264724868548 0.7448350010294918