9 0.24273150818601152 0.23864385742289468 0.22947845339740525 0.270857208600676 0.15165216062791842 0.23883872710011983 0.16490525042331683 0.20662547469752823
9 0.12536134263746135 0.25848289612448444 0.15550129331325024 0.2477242676840113 0.1776200308031548 0.30968777734842723 0.14748009527795602 0.32044637518021085
9 0.25747763014078373 0.16352381891535905 0.24586358729436597 0.1283356450739042 0.27420392359715606 0.11898182408340342 0.28581797809943055 0.15416997561758564
9 0.2505095504844803 -1.3389022573904771e-9 0.25050955226527094 0.03120465830776366 0.19264627924314937 0.031204655771164217 0.19264628161067776 7.385918402709842e-10
10 0.132091705429616 0.12986666686728887 0.10148626175191566 0.13246777242735402 0.09474700904229394 0.05317141729144551 0.12535238658028902 0.050570314517698736
10 0.03266322060551374 0.3511665653269023 0.028994269172699205 0.3329711250844724 0.04749093921725489 0.3292415618776464 0.05115990380306812 0.34743698441738313
10 0.26049460631065813 0.0863822987186981 0.2236620580034696 0.09233035909807295 0.21430144408873275 0.034365978371554626 0.2511339506100967 0.028417921568400457
10 0.3660798045075353 -3.723789895735646e-9 0.3660798096966573 0.051796198749901025 0.31256394443050795 0.05179619345941488 0.3125639495650603 4.934919757861783e-11
10 0.242161825567905 0.3737178921769948 0.2757859852767979 0.3630939318658187 0.2865945781617256 0.3973009458974819 0.25297042877025433 0.4079248836987077
8 0.17289867604972642 0.419287211307189 0.17289872989454125 0.3951119665412274 0.19819973685832792 0.39511201995415157 0.19819972089476323 0.41928722691992626
8 0.10833404014715597 0.2817870226508241 0.12803584575317473 0.29365969235495903 0.10440198852802496 0.3328771629851504 0.08470020200854833 0.32100451878911745
8 0.1335556995185243 0.22988321416105642 0.10924275402828698 0.22957560539504435 0.10982705243566215 0.18339693506046617 0.13413992689686438 0.18370454337557818
8 0.08956442787257402 0.17252630419980206 0.1096150783810117 0.1812901107233035 0.09361221265180575 0.21790253085386171 0.07356156826858751 0.20913873473590724
8 0.1932735143826676 0.08910543959589645 0.20204723383278633 0.1266528693218132 0.17334902667550978 0.13335874266598835 0.1645753285866931 0.09581133115278363
8 0.11598477733457457 0.03913008189755752 0.11291154021273542 0.029818745048434025 0.13272562485281014 0.0232790429769091 0.13579886248032835 0.032590378954441064
8 0.3908127681397673 -0.001540770634379225 0.41229556625694386 0.00784910884815018 0.39287061129004996 0.0522908197008652 0.37138781403962184 0.042900941813028
8 0.36893896460503584 0.06801679820259211 0.3875573979149749 0.07615468189717646 0.37390930945934997 0.10737968514849312 0.3552908784225792 0.09924180514094963
8 0.3885583646665509 0.22660045869309692 0.38945675179013506 0.19185994773139073 0.4226579015860352 0.19271851902843948 0.42175955220193373 0.22745899296405794
8 0.3248357889658564 0.27678082123766 0.3514370773061728 0.2724851017589901 0.3555789231519384 0.2981328997862746 0.3289776359363259 0.3024286143814111
8 0.4399293363931065 0.3365835628930818 0.4315763833259325 0.3365835628930818 0.43157639540322634 0.31155642452830185 0.4399293279965377 0.31155642452830185
8 0.4292558406413036 0.35565842959349375 0.40932713374263585 0.36323452975780035 0.3880267378425515 0.30720624007512815 0.4079553370523854 0.2996301625623676
11 0.2311616596048225 0.20377813727183816 0.199998084601134 0.20881067404324175 0.19268771699796616 0.1635420611168995 0.22385121468278157 0.1585095306538789
5 0.16005998654907216 0.03058620760526498 0.16631367285253873 0.04953369234438693 0.14794017611427535 0.05559792578636979 0.1416864925919299 0.03665044338286067
5 0.08425852215191298 0.2627184154052005 0.07025059594161576 0.25406119619459067 0.08226630480328367 0.2346194074795062 0.09627421262769076 0.24327661926198565
5 0.3532938139767339 0.23956956478771554 0.3328379542796256 0.24108166280227775 0.3309166443785898 0.2150900903431095 0.35137246702004177 0.21357799371069466
12 0.9778447758772018 0.41327340949627395 0.9435445011080219 0.42337714600290877 0.8969013500224037 0.26503774958971227 0.9312010683662493 0.25493410112961834
12 0.9530558638930415 0.15699736505094206 0.9940678860148182 0.150530735783969 1.0114924549937996 0.2610378676308361 0.9704804392073356 0.2675044739251707
11 0.9025324014110083 0.41215980857599904 0.8844305719821932 0.4120290503091985 0.8847396403957646 0.36925084726504226 0.9028413772576869 0.3693816051965258
7 0.8879960384019796 0.19772519952231066 0.9072583711656534 0.196435654005093 0.9105001038830096 0.2448577312855849 0.8912377713386377 0.24614727472274203
7 0.9130460724776412 0.4192872179267258 0.9130461163920245 0.3862106493532259 0.9324120108552734 0.3862106818164485 0.9324120061672829 0.41928721123827506
7 0.9622498834919497 0.29466496196272696 0.9429648791510772 0.2947330567788412 0.942794181715044 0.2463806162439656 0.9620791101817758 0.2463125215606687
11 0.8546973128151194 0.16589064092936986 0.8895522219704617 0.16280319439193994 0.8967786182284954 0.2443827362293434 0.8619237101974022 0.24747017486334447
12 0.21895717195866382 0.9357423639267248 0.18823921891589634 0.9361298818006019 0.1865826134743429 0.804802035578549 0.21729950310668755 0.8044145243877039
8 0.370420099135913 0.8527044663050731 0.4056541732563801 0.8461792638768683 0.41796979372759324 0.9126644292192276 0.38273573563799346 0.9191895724785224
8 0.36973882037693784 0.504478141509431 0.4052796191422203 0.5008186090825976 0.4346523276548169 0.7860483518557461 0.3991115440462636 0.7897077798580399
8 0.37203692650041376 0.41945989590740795 0.41805846903912425 0.41682928907874733 0.4248666144874278 0.5359276251004803 0.3788450737729363 0.5385582090958502
8 0.3302901565400589 0.4192869256945575 0.3302904818154957 0.49181580171434053 0.27960627477943945 0.49181583085611724 0.2796062043580605 0.419287211740012
14 0.7337575175309894 0.635583200469699 0.7617197491700836 0.6309084575831703 0.7729870076250336 0.6982952949885665 0.7450247839443591 0.7029700054013954
14 0.6867665190840171 0.6420861792202678 0.7049552140914557 0.6390453789162324 0.7126910808312914 0.6853117568883907 0.6945023893723601 0.688352542777898
14 0.6226980902052901 0.7700987443019562 0.6590755263796382 0.7640174676420542 0.665351938911499 0.8015552387410225 0.6289745096555635 0.8076364876916141
14 0.6316656428011811 0.864908741541411 0.6211178410046614 0.8766509216582301 0.5975871327777895 0.8555183874299783 0.6081348979556651 0.8437762558612232
14 0.6618682868817132 0.9545300879435494 0.6518921030200318 0.9582162439922776 0.640844200481979 0.9283242681764092 0.6508203018796621 0.9246381289551766
0 0.480673682748602 0.8152685201940555 0.5274446933116224 0.8074499246557654 0.5351699401202268 0.853652911158723 0.48839894106538395 0.8614714601480196
0 0.5503518554921811 0.8144716898570649 0.5683639489825509 0.8226214375379266 0.5593465447371955 0.8425470075082032 0.5413344649899727 0.8343972823189746
0 0.6309977206962003 0.8069678353607896 0.6176583756421223 0.8224254151749447 0.5989703605285968 0.8063014772266396 0.6123096741558811 0.7908439443404416
0 0.5483002028017836 0.8775117545545614 0.5772128149109221 0.9090728854427036 0.5372999695251792 0.9456268535916101 0.5083876028860459 0.9140659599399267
0 0.5313123139878826 0.8929618349959082 0.5281100050912073 0.8829185026132974 0.5417532573331982 0.8785693980588635 0.5449555766532512 0.8886127110428317
0 0.584489111795051 0.8913117555153722 0.5959826945297664 0.8762815593796247 0.6137083900766811 0.8898331492550127 0.6022148571839807 0.9048632998657066
0 0.48768553162062744 0.955981375117888 0.5069544712008565 0.9336546350548739 0.5341368520884089 0.9571077614902058 0.514868035972313 0.9794343846841868
0 0.49801299516593645 0.9999999997415026 0.4980131035680415 0.9720952551492723 0.5294777889093893 0.9720953883065714 0.5294778124585946 1.000000000605767
0 0.6055071242712984 0.9708027956331841 0.6236958935899111 0.9677624636501859 0.6273336570369565 0.9895190448736629 0.609144890174548 0.992559366849178
0 0.7488633754990133 0.9870531082722136 0.7297200134188415 0.9910711635531091 0.7203815598828669 0.9465917757690806 0.7395246733685781 0.9425737474821003
0 0.7368193055357324 0.946030497084406 0.7269374148331735 0.9474265305903451 0.7244546423783049 0.929856650589731 0.7343364837482795 0.928460620619382
0 0.707382830554252 0.8609422956249617 0.6907061514891666 0.8709194107306856 0.6684656729047447 0.8337525903373989 0.6851422078295855 0.8237755307510833
0 0.7284381732830525 0.8304575107558299 0.7178613208699289 0.8334103907595769 0.706878340791377 0.7940785206198963 0.7174550921146192 0.7911256555801518
0 0.6955523225204843 0.7499888728469113 0.6812577582900303 0.7480505622180271 0.6863122173917873 0.7107817107012762 0.7006066641093867 0.7127200132738257
0 0.8001980403597599 0.601630642796388 0.7804400906704814 0.6049338948599519 0.7740740907394184 0.5668601614399315 0.7938319079675011 0.5635569206568948
0 0.8006201571438396 0.4603834879561407 0.8395958683391882 0.4538671005313178 0.8503214830323031 0.5180144680643373 0.8113457796757757 0.5245308238434976
0 0.838883345958152 0.6215779730369069 0.8314121406471031 0.598143271056341 0.848200492184219 0.5927915888542954 0.855671718008125 0.6162262526925948
0 0.8937997578167369 0.7518311128744956 0.9100107880436781 0.7458406714059627 0.9186408198152094 0.7691907606488162 0.9024297984698251 0.7751811848438407
0 0.8222789747280785 0.7534202960964546 0.8034891373848723 0.7568439165587842 0.7971252748386632 0.7219225545092963 0.8159149662635627 0.7184989476542033
0 0.8353427105055289 0.7958477361569342 0.8457362652859501 0.7941102403637542 0.8477293350451873 0.8060302996413581 0.8373357808980018 0.8077677928729124
0 0.9294480522871709 0.6419924147398819 0.9427868856627128 0.6265344278861266 0.9614746705423158 0.6426582835439598 0.9481358765712002 0.6581162330714573
0 0.9714531000140596 0.8910290825407082 0.9844450623710372 0.8888573217630786 0.9880202828658184 0.9102398465870086 0.9750283220940901 0.9124116009038059
11 0.46065444139344436 0.874917280793927 0.4563847321205685 0.8615261653418995 0.46670559687777313 0.8582361490749656 0.47097531644317314 0.8716272453842033
11 0.47829107798088444 0.88089221570839 0.4912830381076674 0.8787204429463731 0.4944667198302568 0.897761276895115 0.4814747610998893 0.89993304397695
11 0.4779908630357568 0.9270207223464642 0.4883844386290548 0.9252833469200036 0.4911226364988579 0.9416598516433006 0.48072906191646325 0.9433972229635074
11 0.7992803484754631 0.9436747352668868 0.8069392833942857 0.9432692778259514 0.8079486697290577 0.9623309495133416 0.8002897348991382 0.9627364058307178
11 0.8174236764450598 0.908808312297127 0.8114522671372697 0.9124631046065146 0.8011812840364883 0.8956859325030287 0.807152668627964 0.8920311500571687
11 0.8247988303074862 0.9450943953762202 0.8324683906954533 0.9414391031578817 0.8370326724692632 0.9510133019427277 0.8293631156358288 0.9546685885617842
11 0.8156273268119776 0.8306646224197476 0.8082362914683472 0.8359744258216416 0.7929324186113718 0.814676421398984 0.800323420097584 0.8093666354642778
11 0.7458244447357174 0.7463690338733349 0.7396670599612207 0.751865244156867 0.7294527794871328 0.7404241378428676 0.7356101519434333 0.7349279371069231
11 0.7121023704195295 0.714499450403007 0.7206551485036243 0.7098536249487939 0.732429283417332 0.7315259169728445 0.7238765141690919 0.7361717298137896
11 0.7105570199659041 0.7171644495169156 0.7031402938961264 0.7170397523916139 0.7035907729982682 0.6902515260608076 0.7110074565522382 0.6903762228290324
11 0.7212170975395793 0.6501379891097909 0.7098386960266225 0.6499306442266566 0.7102540805956323 0.6271401127638768 0.7216324317105318 0.6273474571879913
11 0.885688294008105 0.9548091003382133 0.8829878394774369 0.9463400460695237 0.889320464607863 0.9443213714930648 0.8920209235111543 0.9527904176218749
11 0.9662829898948075 0.8190053523148173 0.9800573396685195 0.8126262458366809 0.9916887966213608 0.8377367567910687 0.977914460659008 0.8441158409931543
10 0.602976314468151 0.9459567639941163 0.5792847374251551 0.9489265013316037 0.5751550290963223 0.9159889677331804 0.5988463857734132 0.9130192443674356
10 0.6587098077446853 0.9740561655952014 0.665114844356367 0.9941427358122337 0.6438638640147474 1.000916982467936 0.6374589065735563 0.980830479640163
10 0.6720938134830021 0.9377246297761096 0.6954793687007168 0.933815575851581 0.7010116064454905 0.9669026223004633 0.6776260558846161 0.970811657188547
10 0.6669071227186123 0.8348772317441397 0.6440068387298652 0.8423731956146879 0.6330734313769426 0.8089781214575331 0.6559735286118666 0.8014821907083174
10 0.630604632691302 0.7201936939351303 0.6549693887816375 0.7138667332073715 0.6639679497093312 0.7485140766759482 0.6396032031171899 0.7548410121004017
10 0.6853390606846688 0.7613463462621874 0.6983310016614723 0.7591744506927111 0.7033937447944254 0.7894535123067187 0.6904018057531403 0.7916254000074363
10 0.7441996757742118 0.937655314197 0.7571916499064173 0.9354836128162621 0.7614773912181363 0.9611156240995886 0.7484854190926171 0.9632873173194082
10 0.7460834359656019 0.611706562557237 0.7638690095890297 0.6026679194874689 0.7815245681888427 0.6374051754097767 0.7637390170511935 0.6464437849100085
10 0.731954750919158 0.5609027241197767 0.7501434268261846 0.5578618299147193 0.7567709252989516 0.5974992930248239 0.7385822520378724 0.6005401764432671
10 0.753086919159955 0.7032635663510198 0.760882080870033 0.7019603936286096 0.7645198231919039 0.7237168572298246 0.7567246622528501 0.725020026828232
10 0.8197431816170138 0.8976994894392482 0.8331118662091512 0.8987057105536679 0.830816863517498 0.9291894919489969 0.8174481794013673 0.9281832751155286
10 0.8682122927976934 0.9330884667918886 0.874617163437506 0.9531750783401496 0.8508303691305628 0.9607576401267419 0.8444255834147043 0.9406711008311759
10 1.0095790283504584 0.7576331753270652 0.9953913835161075 0.7696415224599358 0.9710185644200919 0.7408503181843672 0.9852061356896229 0.728842022233236
10 0.95601072425859 0.6677873098820124 0.9735787598885963 0.6831841651851988 0.9406724015213968 0.720725203975204 0.9231044421635488 0.7053284298313788
10 0.9420749406586992 0.5997472806023774 0.9303346023709764 0.5629212425072064 0.9668002748300069 0.5512969626074116 0.9785406793796483 0.5881228770884237
10 0.8191161757420105 0.8677511361752157 0.8073257947771708 0.8702146141149099 0.8034416447718513 0.8516288691034706 0.8152319689751266 0.8491653972898133
10 0.7928943299364164 0.9852644920096815 0.7863098270830733 0.986300575393525 0.7846461656071142 0.9757307466402293 0.7912306477866196 0.9746946649140603
10 0.9321086995121277 0.8791012008151802 0.9415338746355246 0.8764008368730122 0.9447496545986951 0.8876223316732224 0.9353244812141384 0.8903226913744773
4 0.5789354146886581 0.9372885759059167 0.5828810531311319 0.9702855383786445 0.5448445047920814 0.9748322987701907 0.5408990682392414 0.9418355197173213
4 0.5888188682265536 0.8767186763066348 0.5601588651857128 0.8713574226247 0.5758186025652776 0.7876640218564404 0.6044780046189544 0.7930252179375242
4 0.6616732304153174 0.6940069866248876 0.6749240257436213 0.6882594982192022 0.6908837489145299 0.7250489728555156 0.677632968256944 0.7307964363369974
4 0.8202323351465566 0.6936194382470623 0.8557829756290403 0.6888777768432602 0.8649095995803009 0.7572940575324448 0.8293589664289129 0.7620356828134818
4 0.8880819207191735 0.7970459057809763 0.9151000963738625 0.8092705219497869 0.8957715256594838 0.8519806175654229 0.8687533937555827 0.839756073391674
4 0.8862614386393943 0.887290661266153 0.8643506079674808 0.8638211564997683 0.8937298820236492 0.8363993656466433 0.9156406082421427 0.8598687461432519
4 0.9424503267636055 0.8932922857403794 0.9632374665180805 0.889817469602187 0.9666876149969994 0.910451970142977 0.9459004777083919 0.9139267762956238
4 0.9096908472916994 0.629420322827294 0.931305066764935 0.6392006649791968 0.9179360637999707 0.6687419063282626 0.8963218634212353 0.6589615955346639
4 0.8859198301043989 0.5572501376403535 0.9075339564323031 0.567030705614931 0.8923001584230406 0.600692513385373 0.8706860514951131 0.5909119772964163
4 0.9354750913199723 0.5142728640095492 0.9156479006632026 0.46519559587014014 0.9546985541787762 0.44942028680497037 0.9745258012027307 0.49849740316599583
4 0.9907176449620465 0.7177842914201172 0.9913641716558459 0.7047377492874909 1.000550161458591 0.7051928970712168 0.9999036483665122 0.7182394261969484