4 0.26364775377567184 0.2885524308787102 0.273959175593518 0.28972842520903697 0.269247145070608 0.33104355489088594 0.258935723640775 0.32986756286435015
4 0.24475419601867543 0.34271346116678336 0.26067448204526045 0.3438019940869688 0.25810961578247316 0.3813128583011922 0.24218932997973752 0.3802243276388371
4 0.06793278946247483 0.3427635818891807 0.06421397946132856 0.38213541467233375 0.03830693034012711 0.37968845071050994 0.0420257905351491 0.34031667387279196
4 0.06530763533442041 0.3135174684978123 0.03074141303613942 0.33410896630119935 -0.007253563880567526 0.27032966143109854 0.027312480611271894 0.24973823177092683
4 0.0649657429491981 0.21395755707885844 0.05262700242974461 0.2098622009509959 0.06121557246046905 0.1839863755231088 0.07355429431186167 0.18808172830680428
10 0.23362335838316994 0.36142318715286015 0.2434437942047225 0.3619519856997125 0.24260588432014174 0.3775123564767261 0.23278544853610583 0.37698355839348513
10 0.20625587733275097 0.35354744042258257 0.21344478053447347 0.35376905895444927 0.21308254217956346 0.36551895532397927 0.20589363898420743 0.3652973369347163
10 0.21711558389836227 0.30199229988192333 0.20994768690763976 0.2995932476140326 0.2153525070758633 0.2834451496837356 0.22252039409067947 0.285844200143354
10 0.2251511707094096 0.20856888198740575 0.23315926463305914 0.20880174766596654 0.2326435561379867 0.2265363650586182 0.22463546222058994 0.22630349951689346
10 0.1617392602339578 0.38947368421053885 0.161739261227126 0.38803885214901207 0.16904346879380228 0.3880388556598463 0.16904346842102314 0.3894736871014702
10 0.10962688839458679 0.3197085634261288 0.1176451691433158 0.3195338727561189 0.1181981574029578 0.3449151303210041 0.1101798766619595 0.3450898207666316
10 0.05852306758129089 0.3025085982265135 0.07355169241975545 0.3005607966546321 0.07714599524354071 0.3282924882293869 0.062117370913028935 0.3302402871838023
10 0.05336162098774366 0.27639462711149737 0.04998238714188119 0.2506331742024464 0.06699216664799224 0.248401981857757 0.07037141542764402 0.27416341708199476
10 0.0820196320174773 0.21094115195627744 0.0995711972926756 0.2038330425659446 0.1078260349768243 0.2242158631189606 0.09027447259722976 0.23132396732466437
10 0.08305109301420543 0.16228986719464555 0.09615901011954975 0.17896491781615478 0.0804574693079303 0.1913074515594191 0.06734956192713071 0.17463240988953393
10 0.03901866662806697 0.3259998189541649 0.04974312834542616 0.33996111222263464 0.030337041908069295 0.3548674828536353 0.019612599594438507 0.34090620732913857
13 0.22965994154503733 0.29443419280578137 0.221884906987043 0.293888628550433 0.22363180230456692 0.2689937217825277 0.2314068202525732 0.2695392854525023
13 0.22269211356240248 0.3753746379577264 0.2164143924109112 0.3758337938870481 0.21565884400342838 0.365504085450277 0.22193655784803923 0.36504492978921754
13 0.20502448925424233 0.37004091062564515 0.19433117857579418 0.37089454864427157 0.191667909919488 0.33753351877867066 0.20236118207571963 0.33667988230866636
13 0.17744481101476595 0.3548478122718324 0.1849634073089419 0.3555400249141196 0.18427387277449725 0.3630292392726373 0.17675527651954326 0.3623370269152367
8 0.22394225964910675 0.3894736842104695 0.22394227267011502 0.3794239855525936 0.2372742492962061 0.3794240004996613 0.23727424412561504 0.38947369132532705
11 0.20439548872263913 0.3372214967686028 0.1935266330626746 0.33469520661683766 0.19794674720822059 0.31567922345690014 0.2088155826934326 0.31820551117507484
11 0.21161357384426083 0.3007275961021388 0.20089789660994484 0.30026012107401034 0.2017438195663317 0.28087021367138193 0.2124594785117324 0.28133768830156797
11 0.21083500025133617 0.21626871814454873 0.22072943041405324 0.21808153001907207 0.21693692158760314 0.23878093881377785 0.20704249178027112 0.2369681282576652
12 0.0923254529817541 0.3288374124506491 0.0811837841703209 0.33512923958560664 0.07248517306834401 0.31972607894545074 0.08362682634356133 0.31343425731911745
12 0.12203754935865163 0.27366626113755815 0.13140030781551104 0.2722319299373064 0.13410225807569987 0.28986879642197877 0.12473949987349897 0.29130312652415324
12 0.14750731452397758 0.3553904948072342 0.1410275102130072 0.3556119848820044 0.14066898539363137 0.3451234402224611 0.1471487824585438 0.3449019502716048
12 0.1220865353463978 0.19158544385068674 0.13124448548080636 0.19756783081562587 0.12421540680986709 0.20832794369096727 0.11505745855322402 0.202345559074067
0 0.17666853801165416 0.38947368421050793 0.17666857079825604 0.36990326319665057 0.19457557894088495 0.3699032915087072 0.1945755664111175 0.3894736923523721
0 0.13801206811592692 0.3758647371649978 0.13677244870245886 0.3889886808667335 0.1210977657830199 0.38750818445021434 0.1223373959012406 0.37438425273809495
0 0.18631839301599484 0.3088661218855086 0.1924212959278293 0.30792382913991095 0.19547803998568725 0.3277206988731684 0.18937513728485555 0.3286629907040436
0 0.19085551489274621 0.2539213559363438 0.19636725442535408 0.25415057700231997 0.19547021561868405 0.2757198889959618 0.18995847609835437 0.2754906681295458
0 0.16318017072308066 0.1822289047634288 0.17173497394583137 0.18827900971500983 0.16551129336789927 0.1970791493916284 0.1569564917159596 0.19102904632300557
0 0.11014008245615514 0.16537926432749142 0.11904258126639888 0.15950666641337888 0.12744547294539643 0.17224482775722177 0.11854297597972163 0.17811742335717604
14 -0.001816855883930657 0.29363194023906236 0.006286385910016179 0.2915368526511229 0.010436101046479962 0.3075864123661393 0.0023328598449552373 0.3096814983624693
14 0.0005648046075066304 0.16848322865291104 0.003299679448787174 0.16856275602026105 0.0030194093433237867 0.1782009062944329 0.00028453450283905113 0.17812137894736757
12 0.9031125912986226 0.35473457125704994 0.8849279713376745 0.2892437058900088 0.9689256604143566 0.2659210512699747 0.9871104448241113 0.33141163916087685
8 0.6359769829746256 0.35312842912352715 0.637542545263841 0.31572835062639704 0.76178000245568 0.3209285343153828 0.7602146887561503 0.3583283691932747
8 0.5210687266395553 0.24602072620986407 0.5219172634509732 0.2083180926648973 0.6647135636563917 0.21153156853903343 0.6638652190607672 0.24923401325616895
11 0.38313600613980725 0.2878258212172788 0.38344288393830084 0.3087566841070576 0.304216456201857 0.3099180629074243 0.30390965511469403 0.2889872762715443
7 0.2894736842105263 0.21560089883040934 0.3097803783625731 0.21560089883040934 0.3097803783625731 0.23591359064327486 0.2894736842105263 0.23591359064327486
7 0.5594191746781689 0.28852220161053915 0.5589441168173153 0.31792220113954084 0.47638282264836107 0.31658795018222 0.47685799003454576 0.287188060939065
7 0.7166179096341239 0.3619754981985982 0.7149455321145979 0.3898269200405488 0.6288902109558876 0.3846595584697408 0.6305627156751825 0.35680827321001746
7 0.9079533059278901 0.30219097516576554 0.9151777685312936 0.32820903878340013 0.8625530347524091 0.3428208221898039 0.8553286533384608 0.31680282790414865
7 0.8737765812865064 0.3894736842105517 0.8737766145256955 0.3819888204795348 0.9228349370284832 0.3819889667086704 0.9228349253546639 0.3894738090260404
9 0.14336466674637904 0.7426023925339129 0.17256622648278608 0.7365735683314751 0.21145820052925046 0.9249152607531762 0.18225668545903773 0.9309439376782732
9 0.19586732537379703 0.9797012379023249 0.20807674686420796 0.9779965571316348 0.2111497807017031 1.0000000000000062 0.19894036039477214 1.0017046750619751
9 0.08786777011766844 0.7455410331207503 0.08065588537158419 0.7457947654426722 0.07934287031093845 0.7084800176647812 0.08655469537200133 0.7082262863949942
9 0.05700236234508793 0.6927028114382653 0.0423972426040109 0.6922203537184932 0.046626318645166975 0.5642178843959066 0.06123108141866851 0.564700336224135
9 0.009531753935220877 0.6169498398719202 0.017974600060938428 0.6166281224943855 0.019921525639688298 0.6677150936739501 0.011478679607080267 0.6680368094415075
9 0.02429895737100196 0.9267213217996499 0.02786254338843719 0.9263804643786281 0.029416264906899414 0.9426199632585771 0.02585267900258259 0.942960819887948
10 0.205934078735595 0.717898185346545 0.24009982185566514 0.7107751745846581 0.27583898122941264 0.8821675212845708 0.2416732843853424 0.8892903800764854
10 0.24346835787775944 0.5658949367980927 0.2518961625974043 0.5665082015011301 0.24978191326249544 0.5955603694545744 0.24135410871542717 0.5949471063329219
10 0.22837649219718514 0.583847552151793 0.19070096305460993 0.58591674958104 0.18346293857871387 0.45413251109360064 0.22113768454948968 0.4520633351975397
0 0.23329985438590484 1.0000000000000357 0.23329995713527296 0.9831233230947104 0.25898962378130364 0.9831234622555552 0.2589895865495464 1.0000000736546344
0 0.13896013935220708 0.9769774653282485 0.14413096360010513 0.9775018395659797 0.1418570239766268 0.9999183883040973 0.13668619999668863 0.9993940158454132
0 0.09521779361216431 0.9910402339298113 0.0897622787108503 0.9912099068183058 0.08863673501298308 0.9550298937826007 0.09409219132896851 0.9548602218067426
0 0.07495461089615674 0.8456580410875026 0.08090899360274761 0.8449759211946472 0.08537953500740514 0.8839915310991588 0.07942515290471874 0.8846736474646184
14 0.18184243146970402 0.877698555776602 0.2101123101211897 0.8686385197257627 0.2467834722816633 0.9830336838459514 0.2185136640213159 0.9920935653461348
14 0.22229558365131652 0.8678057398238338 0.20654627112833168 0.8674698464742572 0.20751150856960976 0.822225961063385 0.22326063782224992 0.822561852458936
14 0.19052424501740006 0.7708234559506578 0.20653264489249068 0.7699295345162906 0.20903282834490255 0.8146945426357338 0.1930244288847689 0.8155884592359972
14 0.1594836833212412 0.7002567250261506 0.14395141849388438 0.700317803841335 0.14380267701631055 0.6624828982598017 0.15933482029242896 0.662421819683054
14 0.1632164531692979 0.5999212947287726 0.14019498014272358 0.6001297484825624 0.13970434630050477 0.5459372132985928 0.16272560094330402 0.5457287605355183
14 0.12224546047707463 0.9854861754530309 0.12838417299167304 0.9862631604271771 0.12698335073469025 0.9973273070752754 0.12084463846588278 0.9965503234099392
0 0.13835231613995802 0.6908019956259283 0.14929780953207228 0.689453753912861 0.15382547946023806 0.7262053989745145 0.14287998705549398 0.7275536352964466
0 0.12514770733150726 0.6860528288847026 0.13556477587110294 0.6846992670885125 0.14014456472443726 0.7199402755539478 0.1297274971780098 0.7212938321969047
0 0.09944688653797584 0.555135659351536 0.11066601163940959 0.5549622395921825 0.11104424044924599 0.579428803084268 0.09982511535645244 0.5796022224773552
4 0.15099125101437494 0.629785482515849 0.1836296185969104 0.6212370937650518 0.2104292529426175 0.7235462706490307 0.17779092025705268 0.7320945659081344
4 0.13662237243465825 0.4408123792724778 0.17098171269344675 0.44388030965253195 0.16366402590711004 0.5258292699314591 0.12930468822571584 0.5227613580974426
4 0.15239192400520096 0.7773474836577703 0.13915770956316464 0.7805591774534032 0.12484805580527336 0.7216041341306193 0.13808209505907598 0.7183924625143097
4 0.12166856432418172 0.8755592800958334 0.11605693034118758 0.8754077113373123 0.11647955156979606 0.8597647217390074 0.12209116235533202 0.8599162901840899
4 0.1591491375284022 0.9719443756111558 0.1433990328745267 0.9697287359139163 0.15009507117417797 0.9221433115565237 0.1658449605909027 0.9243589358840846
4 0.1474032602338866 1.0000000000000473 0.14740333516942883 0.9753551518947685 0.1605184333369607 0.9753552010092281 0.16051840701754827 1.0000000005407956
4 0.07042660032220738 0.8936330467694243 0.055932360752876775 0.8924944059354353 0.06044912242884948 0.8350133184583245 0.07494314265102275 0.8361519506284976
11 0.007006067003544558 0.7839749652180266 0.018073440056582513 0.7838001363404942 0.019123396097484147 0.8502533483106598 0.008056023079120678 0.8504281757426033
11 0 0.7317870760233918 0.006637464912280702 0.7317870760233918 0.006637464912280702 0.7880123713450292 0 0.7880123713450292
11 0 0.8249004023391813 0.008811469590643274 0.8249004023391813 0.008811469590643274 0.9294256865497076 0 0.9294256865497076
12 0.987102466657575 0.7120914143739786 0.938095044224383 0.7072092319061983 0.9565485185140687 0.522005279991211 1.0055541544664948 0.526887370040723
12 0.635626929665591 0.9999999714203779 0.6356283246938119 0.9183813817583424 0.7170040455063145 0.918382684629005 0.7170036179666113 1.0000003119091867
0 0.5147347421215045 0.7061694072952764 0.5231558596734658 0.6674839674435901 0.5498012783323247 0.6732833841736673 0.5413802880163985 0.7119687132779524
7 0.9289332739527936 0.7551832862673907 0.8987920534127625 0.7512373471387468 0.9067169602388958 0.6907143026795891 0.9368577859426068 0.6946602158434753
7 0.8048138049184672 0.8728536140623608 0.7704725673479516 0.8464159820039984 0.8032797421446958 0.8038104180139389 0.8376206687058811 0.8302478692410151
8 0.7902966453763156 0.9000463355381756 0.7760042712944824 0.8961678650884404 0.7842858239646375 0.8656574240882611 0.7985780829939131 0.869535878055589
7 0.7590296613240071 1.0023754051354459 0.7247367308631283 0.9781325315985396 0.7556628842708051 0.9343986404657444 0.7899554349313576 0.9586413234442811
0 0.49476382206603375 0.8189329915376061 0.5036146905531496 0.8234987579795296 0.4885863953363696 0.8526253549618307 0.47973553967767657 0.8480596075637646
7 0.5149441119812082 0.7808462370880053 0.4860845608513955 0.7755160985617819 0.4951897061718 0.7262266985890538 0.5240489352266877 0.7315568067014978
7 0.41960365548675327 0.8105395603327441 0.4459137051809421 0.8173597047533484 0.433818514317295 0.864009445751773 0.40750848039692755 0.8571893431357247
7 0.42117366900845354 0.982523550308061 0.4242542968866019 0.9440511440697735 0.453421121095289 0.9463859930560725 0.4503406700182495 0.9848582344867459
7 0.3416221304813689 0.766676887779927 0.36590973467900767 0.7729186626727624 0.354749560573282 0.8163362488852941 0.3304619689525907 0.8100945076379026
9 0.3058715065958495 0.9779801242150611 0.27897890406734405 0.9681422154955376 0.2989183015661183 0.913651985185556 0.32581050156807123 0.9234898132358217
8 0.5588802585771191 0.8718407880142891 0.4989849414182572 0.7926102138535406 0.5846716624425881 0.727847414797878 0.6445665563453531 0.8070769565954363
0 0.32614692685910995 0.90545225522329 0.37143912578824256 0.8695651082395243 0.43320118919393735 0.9474937817736895 0.3879094403032468 0.9833804268155704