4 0.17590403898157092 0.7391023868775677 0.14598701052034357 0.7425013896175492 0.13563288214209024 0.6513784613272335 0.16554933733516464 0.647979491382926
4 0.21874980546988354 0.7708331270991348 0.2187501673793122 0.8524556846143324 0.17187493269216247 0.8524555416122691 0.17187504407331744 0.7708334588417932
4 0.3076334720927889 0.9740415961130675 0.28123325308717995 0.9878419929053939 0.25037496011759686 0.9288258385861248 0.2767747627817698 0.9150255738480688
4 0.3455524891658115 0.9685488184405985 0.3180495492842965 0.9891703377240572 0.27960866893374714 0.9379156518630646 0.30711126216976936 0.9172943251133909
4 0.5597717947653109 0.9999999833524401 0.5597722542637484 0.953124952752669 0.6124126437138102 0.9531254865936835 0.6124125507809595 1.0000001494026283
4 0.7266666228332497 0.9999999921464907 0.7266674211111877 0.9533933509495227 0.8042971343541012 0.9533945691694581 0.8042968749963393 1.0000006694011763
4 0.7897326399971689 0.9331099225499879 0.7174057956239039 0.9059938329579242 0.756523422253963 0.8016825675342 0.8288483501328301 0.8287982594184672
4 0.9389819177004028 0.7025648962458751 0.8181176162728434 0.7930332136520635 0.7486835284930748 0.7002825300196693 0.8695457861779232 0.6098153448856795
4 0.7313964747103228 0.474500800281866 0.7650424924183881 0.4611479170341946 0.7881701213724455 0.5194197206304022 0.7545241379831396 0.5327725406930521
10 0.24848808324418314 0.8469602652202589 0.21978610341216154 0.8479161726076894 0.21864667412944527 0.8137073654273242 0.24734840584574158 0.8127514621730821
10 0.32814269537357177 0.8277936995648556 0.30710400422287876 0.8278433064265607 0.3070433468153624 0.8020915942841356 0.32808190365938117 0.8020419875806166
10 0.28590847036582545 0.6557463748901068 0.3042103489157171 0.6461933764616207 0.3226783312702537 0.6815700959749407 0.3043764792407728 0.6911230555965993
10 0.25575745176683995 0.4916288564190648 0.27780528644836977 0.48145955249904887 0.2923575247924646 0.5130075641828755 0.27030970690952927 0.5231768410433096
10 0.4359048437236197 0.8818578687581606 0.4701524762757572 0.8946975806040893 0.46085787510367027 0.9194831168374274 0.42661026668019986 0.9066434515843955
10 0.6097526299198535 0.8036905770282898 0.58629222209197 0.8020745183584107 0.590084017302047 0.747041576857297 0.6135441209059991 0.7486576250195917
10 0.7041269366384313 0.7541118599002482 0.7332709297735391 0.7113252018081703 0.7743431779779257 0.7392968533692824 0.7451994575844765 0.7820832688766778
10 0.7326942741577795 0.6584664635487298 0.741996419135944 0.602959902437479 0.7916818743423164 0.6112855679057118 0.782380034890025 0.6667918562223338
10 0.6312302965620802 0.5341014197334403 0.6552703549942862 0.49804468103429683 0.6999801224684461 0.5278514884703306 0.6759402407811876 0.5639080705669187
10 0.7433927289107487 0.44601059547049293 0.7098995563086419 0.4829155324740359 0.6711264513809283 0.44772889942858196 0.7046195224824032 0.4108240930838121
10 0.8704389453324666 0.8102019754093518 0.8478896974079362 0.8447415660550635 0.7930018222176614 0.8089147925005109 0.8155510227263676 0.7743754805223337
10 0.6901036785440056 0.9717177565883944 0.66983915392359 0.9630059852044314 0.6865462763336154 0.9241543488520927 0.7068105851024029 0.9328660672538333
10 0.8480439335125993 0.9811929138266097 0.8165450877670537 0.9766533352625877 0.8256105317859692 0.9137709180547879 0.857108804996983 0.9183104545267459
13 0.2617446361551856 0.616671153708108 0.28443556608897325 0.615419299454235 0.28740156348044366 0.6691739149292233 0.26471063409064755 0.6704257625812686
13 0.2774734860084891 0.8449321683033021 0.28155531919571786 0.8237316921496604 0.30008437404592314 0.8272984347674806 0.2960025988478492 0.8484988599627554
13 0.3409213743464079 0.7665573546664289 0.37203236110576654 0.7711711924089706 0.3614426609143493 0.8425634082825892 0.3303316831530765 0.8379496113962259
13 0.3916237204796289 0.8282003981179079 0.39037327337609895 0.8128351425570373 0.41225108197977534 0.8110550547277229 0.41350156736700683 0.8264202680826462
13 0.38245832812503977 0.9999999999999872 0.3824583457777635 0.9941158885345891 0.3970786862254272 0.9941159288526686 0.3970786816405507 1.00000002722791
13 0.562961564102693 0.9602186217420732 0.547185279852215 0.9929199353896592 0.5052527507772311 0.9726957146640849 0.5210290823453079 0.9399946242530187
8 0.29543974883779356 0.903757050374995 0.2658179889879193 0.9277728124217053 0.21706444789447232 0.8676527712116322 0.24668581797993738 0.8436372586499175
8 0.2734375 0.9947916666666666 0.302734375 0.9947916666666666 0.302734375 1 0.2734375 1
11 0.356169672149349 0.7219869767328098 0.36078160322892927 0.7646943193043088 0.328248131420537 0.7682068380601869 0.32363637304683834 0.7254996536458767
11 0.34760592152247227 0.6458332412646763 0.3476060717306382 0.6878681318512032 0.3161626848427659 0.6878681126872278 0.31616266861090025 0.6458333554446336
11 0.3353929151566035 0.5485076854119049 0.3071021833567329 0.5543012257405441 0.2977485039025396 0.5086292140215217 0.3260390315950872 0.5028356951392375
12 0.69140625 0.9915846770833333 0.724609375 0.9915846770833333 0.724609375 1 0.69140625 1
12 0.8680463775181124 0.9464576427847569 0.8880484797159625 0.9314602964436063 0.9132264852893286 0.9650312480048633 0.8932244626296324 0.9800285027259239
12 0.7109376346332965 0.78125 0.6661109076710545 0.78125 0.6661110871854135 0.75 0.7109374877605887 0.75
12 0.5715764131211927 0.6850486790470665 0.5447420777933303 0.6783409979145502 0.5542397124289664 0.6403510101304852 0.5810738455649016 0.6470586648078297
12 0.5016522665330285 0.7958440759560482 0.5205973114694871 0.797468995850732 0.5186554070752436 0.820105307761905 0.4997103627155184 0.8184803924095835
12 0.607237555101733 0.4933888729354897 0.5851179504071524 0.5109650999128456 0.5631429566647057 0.483311629119775 0.5852624868728071 0.4657354481440409
0 0.4622923364458984 0.9818050393727665 0.42585208016737397 1.018397404885135 0.3700081086811906 0.9628009770779137 0.4064479450195222 0.9262090354095027
0 0.4186702693048119 0.905576361196523 0.3699276539424545 0.9234186843444542 0.3450360942692896 0.8554333699795476 0.3937778568013073 0.8375912183191887
0 0.5241182323110252 0.8655507836383527 0.5675441666306824 0.8574381417666034 0.5828361028737845 0.9392741413766797 0.5394101937964706 0.947386690381906
0 0.3794981632178178 0.7522256710153528 0.362012283852323 0.747825473660303 0.3725985176118911 0.7057642766997693 0.390084236511143 0.710164452908913
0 0.3823721063446328 0.6364679673362548 0.3662499732795368 0.6367394776153562 0.3654621499681525 0.5899599859965099 0.38158414223971704 0.5896884769027497
0 0.4476718680590466 0.4513031134487435 0.4718426827861322 0.4373253581953521 0.4848711445442859 0.4598532350979691 0.4607003483359904 0.47383096507304995
0 0.6251505053834308 0.41491082053341355 0.6248903128516758 0.43734801234192 0.5788224590800155 0.4368136978872444 0.5790827178844893 0.41437657251636395
14 1.0000000087626404 0.9986790208333334 0.9952339106549744 0.9986790208333334 0.9952339272350628 0.9810525625 1 0.9810525625
14 0.9055045750928912 0.7405616657771217 0.918589060352133 0.7081776597294567 0.9409962512879702 0.7172296780959089 0.9279118687662731 0.7496135969743007
14 1.0029367048894073 0.5418649673217353 0.9858863215689553 0.5608012635970202 0.9667177763369637 0.5435432656120155 0.9837681290096043 0.52460700963409
14 0.9574741186700066 0.4388900691809234 0.9656126367141269 0.4602040746659312 0.9418418352237268 0.4692800825488627 0.9337033614864367 0.4479661146392243