4 0.2894736849511901 0.10634427719298244 0.28435428094428516 0.10634427719298244 0.2843542816774516 0.09708223333333334 0.28947368421052033 0.09708223333333334
4 0.2616760668132656 0.12194677608900392 0.2612015736106059 0.12930651144916003 0.2520873980020042 0.12871890834203065 0.25256189239769355 0.12135917426905066
4 0.2575677253307731 0.04938412984315093 0.2527565518139454 0.060356516519281755 0.23876220087777256 0.054220275616021114 0.24357337477692909 0.04324789028727297
4 0.23148925664258968 0.05589595047725101 0.23882744184788862 0.055593606922897304 0.2392751446358261 0.06645979655738325 0.23193695943268722 0.06676214008105727
4 0.2117308073707136 0.11306268528908406 0.20508059572648563 0.11053469672308237 0.20823076904537174 0.10224777752889813 0.21488097895030478 0.10477576572732085
4 0.19403585269776613 0.05941345980865503 0.19351462782049111 0.06780198534916641 0.18263294409359787 0.06712584681259601 0.1831541697921466 0.058737322156088796
4 0.15330308061879805 0.0830006401592507 0.1577591126600737 0.08962308256147114 0.14805030993420587 0.09615581150148886 0.14359427908266298 0.08953337015627495
4 0.21131668002874449 0.17409301276626976 0.20463487906556566 0.17280926258057913 0.20674721001330454 0.16181488282247358 0.21342900724891933 0.1630986326397665
4 0.1758816919148103 0.13305504312580313 0.17478783454316726 0.14008856040005552 0.16665985211182033 0.13882449692073884 0.16775371045196152 0.13179098084132332
4 0.12038188593737686 0.18563314615129015 0.12421166967146746 0.17718183729696024 0.13388169221889257 0.1815638478491543 0.13005191144441142 0.1900151541870389
4 0.02904555233192241 0.07198648949310035 0.021699028179114066 0.06992465805664398 0.02425990565302527 0.06079999473428457 0.03160642847353756 0.0628618259724501
8 0.2108311771658009 0.07152642858369569 0.2016676582703667 0.0779625070125819 0.1918404923418393 0.06397086516120588 0.20100400898627413 0.057534787850078255
8 0.23454230406002807 0.10854114583768072 0.2350721098706572 0.11412275268276693 0.2301823795475002 0.11458688338782134 0.22965257424061747 0.10900527700836529
8 0.19387273555139473 0.09070259489735537 0.18891204264309636 0.10318321572925403 0.17222507864346426 0.09655063532449316 0.17718577276480119 0.08407001770045086
8 0.14940547976812013 0.021830301338901768 0.1418670006485172 0.026177315789683468 0.13422773170907476 0.012929495577615267 0.14176621036108372 0.008582481294556132
9 0.1503791470621536 -0.0010390812640768549 0.16000347949943716 0.0012378675984282043 0.15597918904597918 0.018247959057286912 0.1463548566166537 0.015971010245689816
9 0.23590319207164612 0.04861261326641387 0.2255039857519705 0.06109953016978939 0.20618559907518375 0.045011029010262285 0.21658480394967228 0.03252411445536825
9 0.18466333949470481 0.07693134300101122 0.1856816753320345 0.0661498119816194 0.1974053712432351 0.0672571354259242 0.19638703691771298 0.07803866503875645
9 0.19089334204204533 0.12807639090390724 0.19298949820267808 0.10588369578296274 0.21060425579503317 0.10754744786108084 0.20850810723266022 0.12974013599421846
9 0.2628745533534129 0.10439671232745067 0.2589742105520827 0.11194252308022314 0.2471961552500943 0.10585460093662148 0.25109649824560165 0.09830879181288102
9 0.18410440075035694 0.1635470295111128 0.18292590595092406 0.17602420659044812 0.17110772193495905 0.17490796099175038 0.17228622013726635 0.16243078771331296
9 0.22728502050813404 0.1960188180020969 0.21667474387004404 0.197170336189846 0.21546872012152107 0.1860579290836454 0.22607898994601783 0.18490641126792406
9 0.09392144371724953 0.06836062025790471 0.0945975794155629 0.06120210929361541 0.10156946585891546 0.061860617142801014 0.1008933306994777 0.06901912760689136
9 0.2784015535701201 0.20241664925691308 0.2687745415837526 0.20058341219135006 0.2719858327575366 0.18371994613386144 0.2816128352161513 0.18555318226331852
12 0.11643591682377519 0.12239119983203618 0.10890463899454517 0.1360286343320586 0.08872042748168951 0.12488194270682866 0.09625170563265328 0.11124451412285241
12 0.08135797152351643 0.032081030545434416 0.09636792566436725 0.03207083437186619 0.09638588146401617 0.05850384688294678 0.08137592732305166 0.05851404305466863
12 0.1173271838670189 0.011063970342096587 0.12995701048112096 0.011402121543671071 0.12944640997318402 0.030472866081488446 0.11681658336055989 0.030134714900413067
0 0.25584447891060336 0.07232554254259428 0.2652157589360513 0.06803581767079223 0.27247357469207145 0.08389112484940173 0.2631022952131161 0.08818084882635929
0 0.26482459970304717 0.14086375272622997 0.2717390502357375 0.13771213073470714 0.2768860285575556 0.14900419099913417 0.26997157855453224 0.15215581212586962
0 0.22721568662393565 0.04660264900185228 0.22392344183344903 0.03442808061399186 0.23791985439152086 0.03064317470048596 0.2412120998304772 0.04281774203540484
14 0.28214902812783293 0.11602160584372469 0.2759280894965741 0.11640746753877924 0.2752309658452532 0.10516832368599617 0.28145190210864257 0.10478246206488308
14 0.2712826543834126 0.12464240593485552 0.2624940235432405 0.12442998195259682 0.26278309827068824 0.11247019952044862 0.27157172532247387 0.11268262345696287
14 0.2518937970572779 0.12389632586270792 0.2457546247035225 0.13127585244591342 0.23667709446374374 0.1237241115305933 0.24281626582421723 0.11634458660359823
14 0.2713395002430161 0.178209831791469 0.27125728227088075 0.18471986534773868 0.26608320483387615 0.18465451955586207 0.2661654237250559 0.17814448693058088
14 0.22830414970246693 0.1779341818713152 0.23390081495267623 0.1779663402190008 0.23385697684204843 0.18559561244321057 0.22826031159183913 0.18556345410231367
14 0.14999651339326192 0.14241275612647325 0.15711245034378862 0.1441444577007791 0.15499416876127725 0.15284887830177615 0.1478782319346692 0.15111717707620068
14 0.10445233287146038 0.17965353906060527 0.11023353122720891 0.17771844212388913 0.1130365261562929 0.186092445011791 0.10725532802553062 0.18802754147235554
14 0.11711742629370292 0.06501723466707202 0.12912956639445383 0.06536653655556296 0.12851856983184007 0.08637805824232268 0.11650642973552294 0.08602875643890284
14 0.09990858174921868 0.040223361484091745 0.1080346290889338 0.03616357843110094 0.11519758580823236 0.050500919190745334 0.10707153875921449 0.05456070179661324
14 0.15894294118379548 0.05073280904697949 0.1696203990215963 0.05104330070942613 0.16906958667209437 0.06998509654877132 0.15839212883702203 0.0696746049397389
14 0.1632137312026316 0.038964074273377516 0.1676882753197333 0.05112962485948677 0.15497647620657062 0.05580507707764304 0.15050193348486118 0.043639527670826905
14 0.13676468978951561 0.030435420270649993 0.13092311197306117 0.03173291879962388 0.1282506943135786 0.01970120266016129 0.13409227159945658 0.01840370419232089
14 0.06149870535489299 0.11766842851718487 0.06739943180252794 0.11784001630600001 0.0671409655918751 0.1267283620115662 0.06124023914537702 0.12655677425114709
14 0.06266309259262925 0.006346084132458332 0.07282899511892538 0.008573596913218304 0.07000516302639426 0.02146097539099101 0.059839260517719595 0.019233462672453468
0 0.07075427138488521 0.1342451302110838 0.0857234914253695 0.168625377342819 0.040254266094279956 0.18842254674365783 0.02528509485068753 0.154042340798504
0 0.034928984504972505 0.1333342545445484 0.0005586795919043652 0.10824250843040219 0.03564703523409207 0.0601791859473004 0.07001729907960907 0.0852709101166078
0 0.05365367977401547 0.056438881278704424 0.025872864603456946 0.06043340593220334 0.017216518508917034 0.00023088569908437888 0.04499731717521627 -0.0037636376466628164
14 0.5673721733106731 0.038402422280788634 0.568073395491183 -0.0016390039146121332 0.7592872956980727 0.0017095734804431879 0.7585860985931276 0.04175097258580502
14 0.7375165906545362 0.05580740223129598 0.7342139334065223 0.00945562756471284 0.8928062283905547 -0.0018444409469534188 0.8961089149290729 0.044507306629117796
14 0.9999999928307943 0.08503201980734074 1.000714352672503 0.1258868749640004 0.8215597264210146 0.12901913411189941 0.8208454886529353 0.08816440372074143
14 0.5998623021121148 0.06637970372748413 0.6085141710232165 0.027629079313088754 0.7789217978954639 0.06567594407746807 0.7702700086513232 0.10442649827341305
14 0.6299310058680021 0.08017198100558963 0.6294132147106666 0.10202221596645532 0.5415165994791096 0.09993924108741287 0.542034416419142 0.07808903200995145
14 0.497507139745494 0.16486398365630398 0.500645525409027 0.10358186802134833 0.7667976024545169 0.11721151280153444 0.7636595905884178 0.1784932533095942
14 0.909599759489879 0.14216113890016263 0.9205934159283515 0.19486191366750122 0.6665416558971629 0.24785684003027286 0.6555484683865416 0.19515648406332683
14 0.577098983783344 0.19413949320944396 0.578458239684096 0.21887670645086946 0.49426860597066025 0.2235025320070507 0.4929094196903634 0.19876538481594494
8 0.4983671629511264 0.01366581739139125 0.5099481079918178 0.0035170753998352926 0.5237757198088957 0.01929605623762665 0.5121947752835467 0.029444797682129157
9 0.529844108616544 -0.0018820219636565831 0.5364948772295293 0.00003297801712962408 0.5335720668747399 0.01018385815547332 0.5269212982672116 0.00826885818720381
8 0.5052075388109643 0.0077097662241540485 0.5029946241720609 0.0035030907824253627 0.5166320116059069 -0.0036708342617450176 0.5188449262407175 0.0005358411453305975
14 1.00113819828141 0.005492596024779485 0.9998120110623177 0.08755688623773354 0.793769131217914 0.08422695202075921 0.7950954423840813 0.0021628083834384047
11 0.21052607324270411 0.4969000053473082 0.23244458574527016 0.4980297801273366 0.2247730923780864 0.64684887379393 0.20285458093690067 0.6457191136069256
11 0.18072380250146125 0.49622552103779294 0.18998840588938037 0.4960747179855466 0.1905364950736157 0.5297439851905222 0.18127189169570102 0.5298947878458367
11 0.16694998670618588 0.5245122713525264 0.17586265344255025 0.5245533685030346 0.17571441111385866 0.5566995991904606 0.16680174437851747 0.5566585021487875
11 0.11265729068350083 0.4229072860748931 0.10203766110782908 0.4204262183106004 0.10947998964218186 0.38857280372559727 0.12009957799693893 0.39105386647554957
11 0.0741693157502823 0.55656347860505 0.08693847391953113 0.5593463183290154 0.07881201443990449 0.5966311230798966 0.06604285923060615 0.5938482926974181
11 0.10276348745480846 0.7550490546014408 0.0919612258376219 0.7549360233316472 0.09229170806440834 0.7233613912879161 0.10309389273186298 0.723474422154578
11 0.16562497697759682 0.837111892563753 0.17429378525230277 0.8368286518947051 0.1752807756246284 0.8670296727004836 0.16661196740415107 0.8673129122595865
4 0.24361054348969446 0.5899634889271907 0.27466558047888157 0.5900042857590532 0.27452010196645915 0.7007306797936741 0.24346506497636256 0.7006898834083071
4 0.24038603332439834 0.5592365027555428 0.2263149819219734 0.5591931908047574 0.2265753727677975 0.47463618689896003 0.2406462353895904 0.4746794985577428
4 0.1398449660989627 0.46238812412534197 0.12998479068392044 0.4608434763622505 0.1370185988113235 0.41594642414381383 0.14687871527860352 0.41749106720008555
4 0.12969509897379794 0.4503958733235152 0.11954331688411912 0.44826495739883954 0.12441359154468046 0.4250642032687685 0.13456534262593323 0.4271951158331707
4 0.2023992801790655 0.9237821512139465 0.21670425954209804 0.9248327020107227 0.21260769990385597 0.9805989143618736 0.19830272147680716 0.9795483720848476
4 0.10539841658567184 0.9926624769055397 0.08080578696922203 0.9903277409196517 0.08541611516966441 0.9417815826154197 0.11000839433552301 0.9441163018690037
4 0.07054926181911014 0.9477368545663583 0.04327697986468593 0.9473959354890054 0.04492958114587964 0.815269967370564 0.07220088730377938 0.8156108803139523
4 0.09808230542500951 0.4790193680729745 0.07032805363326133 0.4799022183981711 0.0674526372059745 0.3895075528683121 0.09520655046014781 0.38862470800287974
0 0.05376567004930166 0.4704959345865491 0.06607185104826385 0.4693408662939335 0.07107635064971873 0.5226552621867858 0.05877017030979914 0.5238103257945073
7 0.25654043275528693 0.5119738505972778 0.27126580541767 0.5131406002139386 0.26690534799070065 0.5681685449549687 0.25217997596541863 0.5670018006081835
11 0.14940883981341813 0.632304670802406 0.11566867933333924 0.6322144068026095 0.11606421045109983 0.48453434421743913 0.14980353077430664 0.4846246071000406
8 0.43350150016840416 0.6904679140359529 0.43486282792810016 0.7554319209472021 0.28948354713395474 0.7584764605367019 0.2881232838063852 0.6935135133238336
8 0.44437595496083304 0.38947273706623414 0.44437615440335776 0.40832368670724684 0.32315296987565034 0.40832449363612605 0.323152909356736 0.3894736842105582
13 1.0000002494246019 0.5907491883040935 0.9340782459499906 0.5907491883040935 0.9340784460268878 0.5521573976608185 1 0.5521573976608185
13 0.7708747931267226 0.5828770807898692 0.7708777413544112 0.529841968344393 0.8376264212621436 0.529845678271937 0.837623773112 0.5828804883012979
13 0.5839704095207026 0.5847168741059766 0.5859270697740158 0.5529715448344086 0.6653520389029381 0.5578663717542298 0.663395611029614 0.5896114803284814
0 0.9349674636256395 0.4541777964852917 0.9317748513307151 0.4192729409003167 1 0.41303298421052076 1.003192753589019 0.447937678394031
10 0.7707722991802939 0.3944108122733627 0.7861729730868774 0.4680535231766709 0.5417426261141145 0.5191644336561234 0.5263434168410868 0.44552299808704693
10 0.9100076044109073 0.6890579451227801 0.9070514117381663 0.7037967667527752 0.8561905314511478 0.6935968146970576 0.8591467836911306 0.6788580733811088
10 0.8488761088708543 0.6847044578724092 0.8518577480590466 0.6221570259158058 1.0026414564562174 0.6293433640524635 0.999660803951997 0.6918898484968091
11 0.5801074884285526 0.6587152775924078 0.5972645920649029 0.5817492928110028 0.7980749020759959 0.6265070077698026 0.780919577529744 0.7034714492459136
10 0.40140123723358556 0.6089176362337031 0.38100464776493936 0.5071689707881888 0.623994239403828 0.45846164562212566 0.6443923778989529 0.5602082963298614