4 0.19989178304092547 0.38974056603775337 0.19989178823561815 0.3836878582357727 0.21045074061214564 0.38368786661655896 0.2104507391812831 0.3897405706474062
4 0.19130124247499225 0.23911596413219016 0.19535325594222286 0.22896931987304978 0.21007283808478405 0.23484741509558785 0.20602083147957728 0.24499405353379655
4 0.15990905820763146 0.3244675104714566 0.15120106873348504 0.32307889833169107 0.15428354866298832 0.3037493035759119 0.1629915221343481 0.3051379144152328
4 0.12085753349686001 0.18345633895669336 0.1236754744048767 0.16907150342600555 0.13766687476982042 0.17181234682273142 0.1348489402045061 0.18619717676430725
8 0.14021809308474076 0.37131905892292366 0.1314767910853334 0.3717586848435394 0.13048010096247253 0.351941618452651 0.13922138385601102 0.35150199301398716
8 0.12930824612772085 0.28418692035756055 0.13959443375847513 0.2839522008183737 0.13999097859675658 0.30132966178400994 0.12970479097270982 0.30156438114114564
8 0.10219185611651938 0.25447173948528384 0.09084770941842635 0.2537817762933147 0.09220639932334507 0.23144321573334384 0.10355052719830837 0.2321331783495721
8 0.05045804897235939 0.33402449200775874 0.0493401031352505 0.34132725813217113 0.043911661456604634 0.34049627092879586 0.04502960896672903 0.333193506865145
8 0.16619698635281566 0.18916005487938758 0.15421954696751072 0.19654543377528746 0.1441178759448576 0.1801629342919855 0.15609530552933393 0.17277755933823055
8 0.20352007695066732 0.18179784360275822 0.1963630876668958 0.1813526366464294 0.19728116911073812 0.166594070297932 0.2044381527718997 0.16703927707839336
8 0.22424857813791732 0.25128356319148926 0.2298687790364511 0.25198329516810825 0.22874998873919594 0.2609691662087801 0.22312978788590954 0.26026943447946893
11 0.1789762897727769 0.33242655211324346 0.16707663444401533 0.33540285289413757 0.16191396359670307 0.3147624103845784 0.17381359507783145 0.3117861127289016
11 0.16865566128751652 0.2695509001108222 0.15574301825733983 0.2726736960598939 0.15094508395338835 0.2528347935362382 0.16385770705028335 0.24971200009312552
12 0.18836334108220854 0.21880239200793766 0.18716254176774783 0.2290152644791853 0.1726375058206031 0.2273074739194932 0.17383830950552692 0.21709460652582335
12 0.12937405998070517 0.15937156844570197 0.14025748988967734 0.14283543384050226 0.1606787815020425 0.15627582410042717 0.14979536255088988 0.17281194902920735
12 0.06716366134389773 0.17734907555763701 0.09876544894427752 0.160182814637951 0.11873033597316862 0.19693630936023454 0.08712856270869906 0.21410254992282904
9 0.11057817573328066 0.1779508858599248 0.11210266804823732 0.16932295280906087 0.1216413951535742 0.1710083603346745 0.12011690535223352 0.17963629116020574
9 0.09473986070872797 0.2688801447524701 0.08558168814067812 0.2702585805581031 0.08198798158082354 0.24638283061163155 0.0911461370961888 0.2450043961106329
9 0.13001960582380434 0.33804046715075053 0.12599483342251006 0.34037236523325803 0.1191717887033974 0.3285964306695731 0.12319655672513363 0.3262645341980976
9 0.08689736783628632 0.384541218749997 0.08782462328110796 0.3747312485646346 0.10100116655996771 0.375976663182147 0.10007391924625608 0.38578662584061557
9 0.20257375530138688 0.28932201960048615 0.2153638780523579 0.28267867069243646 0.24651552288514722 0.3426517207855277 0.23372541481728604 0.34929504816589746
9 0.2358099667727629 0.26575107028390843 0.24058948299409622 0.25586417295926694 0.25591621731211944 0.263273254039926 0.25113670904909213 0.27316014457892374
9 0.2685639467542842 0.22164135488752687 0.2613516546583696 0.24196814489552038 0.22773055628238126 0.23003895945644526 0.23494286024083522 0.20971219405253222
12 0.10146337410833439 0.375566170476715 0.08352171825413279 0.3746690768612798 0.08595967514793301 0.32591341209427727 0.10390123780632621 0.3268105033787662
12 0.09782080888180644 0.2802305512892298 0.11474338662208083 0.2703778627723895 0.1462793378200331 0.3245412957599181 0.12935678112933147 0.33439395576136666
0 0.22717809353378016 0.376562574444491 0.2229091897112312 0.3901760702417675 0.21089712056561893 0.3864094999596671 0.2151660298245588 0.37279601415094893
0 0.26706459134652505 0.36056506912429886 0.27599119538899686 0.3594676834596637 0.2780410383047638 0.3761413006568773 0.26911443445351324 0.3772386852860364
0 0.26026102879177415 0.31648175026195957 0.2511603652779968 0.3149811972939352 0.2538936002237051 0.2984050014656867 0.2629942497541151 0.2999055532597838
0 0.2790755757248462 0.2273471065898411 0.28740402763344264 0.22694985376522137 0.2881949404744546 0.24353115883649548 0.2798664885830249 0.24392841142448668
0 0.25779110823850715 0.18556605643515214 0.26692143894933906 0.1847566058031204 0.2682590792933297 0.19984457174556772 0.2591287486292231 0.2006540220178156
14 0.061214274835379 0.36431172835578846 0.07605194079417288 0.36410700872740004 0.07631102031427872 0.3828837816089919 0.06147335436025969 0.3830885010185599
14 0.12096150730394584 0.3304277097961708 0.10951676200556903 0.3342763632943057 0.10328678145287995 0.3157508263253015 0.11473150657036513 0.3119021765063515
14 0.09441149299129847 0.30635617491907574 0.10253981413279689 0.3022981577581928 0.1101138285533807 0.31746867717723576 0.10198550956386043 0.3215266910674931
14 0.15397389827523966 0.28431711053215925 0.14451622145668352 0.2879363373512994 0.13774769099120476 0.2702493770037839 0.14720535429739812 0.26663015305409266
14 0.13829244733028645 0.2179881104399002 0.1459622150323412 0.21319763993771737 0.15553652630978831 0.22852633421109653 0.1478667608807882 0.23331680177336678
14 0.13743175756189885 0.22563241308835616 0.12657776883168026 0.22731172317281517 0.12366051883134332 0.20845671028275117 0.13451449404669802 0.20677740126578614
0 0 0.24442830070754715 0.012617944444444446 0.24442830070754715 0.012617944444444446 0.2979186055424528 0 0.2979186055424528
0 0.048082548567549566 0.12886852026667214 0.0851999950886011 0.14808075803414925 0.03893841549006538 0.23745577976488816 0.0018210040146868778 0.2182435956687372
7 0.4530028988946242 0.05521088869576555 0.45239261224639904 0.09295432368560559 0.3253842192945058 0.09090057354923597 0.3259945579916348 0.05315719380070793
7 0.4842576629755513 0.1815604576272938 0.4836814799368767 0.21719850105836705 0.3563975795020724 0.21514034919810812 0.35697389681399727 0.17950244444417315
10 0.27394542937281585 0.546780161446655 0.24035298262549532 0.5429560010046525 0.25532960002226446 0.4114102714859894 0.28892141628091395 0.41523439614386204
10 0.2882411675093408 0.7972273267956357 0.2534541250723805 0.7967409023508596 0.25561628673904124 0.6421782068960636 0.29040214901192485 0.6426646230819925
10 0.20929247309936727 0.9999999999999793 0.2092926736302161 0.966996511708561 0.23616495766418666 0.9669966936498251 0.23616489005837593 1.0000000488959369
8 0.14304765791951013 1.0000001018207045 0.14304798766409021 0.9117843880662083 0.17002910774942848 0.9117846197148973 0.17002912482064403 0.9999999860792624
13 0.16292096337826933 0.7195909289584839 0.13597595586406896 0.722204148010323 0.12158606279797368 0.573845463547714 0.14853027037759148 0.5712322840156886
13 0.0836535148450821 0.831516798940191 0.07851138324247131 0.8322896093436979 0.07467090934960652 0.8067409710390837 0.07981300848598494 0.8059681631103557
13 0.08247536630187824 0.845613499128655 0.07610909162690405 0.8469582966635941 0.06864552173760785 0.8116330689768223 0.0750117401960324 0.810288277585483
7 0.12499767296742448 0.7620428388787529 0.14014017620547747 0.7608960077696576 0.14567569944631487 0.8339720546591136 0.13053319739242397 0.8351188755889845
9 0 0.9445367800707547 0.011383794736842106 0.9445367800707547 0.011383794736842106 0.9741829109669811 0 0.9741829109669811
8 0.8268341935672652 0.4762800365565869 0.8463620806094241 0.4689105868837507 0.8655826085157514 0.519838252190595 0.8460547377362673 0.5272076713634822
14 0.8744893447947106 0.5725394178833336 0.8829547505669098 0.5359117058042446 0.9220865300515015 0.5449550181514616 0.9136212688821388 0.5815826046435089
12 0.7109530572264475 0.39059167064686956 0.7515979400377546 0.39700507505782756 0.7382043426948712 0.4818821381717501 0.6975594685543456 0.4754687702645714
12 0.6932475226817587 0.5183548588342543 0.7261798609996504 0.5211185918421147 0.7193848485690069 0.6020797344577402 0.6864525125303089 0.5993160205677701
12 0.6807419139764761 0.5925484138982444 0.726713717255393 0.6542548552229616 0.6476299634468887 0.7131646082339644 0.6016588312090789 0.6514587751268731
12 0.6239602469964893 0.7230605540606326 0.5532381668970174 0.7190296894490731 0.5632271285464867 0.5438202415166807 0.6339467762220465 0.5478510358028031
12 0.5003176874527071 0.8166660386806235 0.5881527459156359 0.8098758320241639 0.5976995881114817 0.9333419165071247 0.5098645436642073 0.9401320112739816
12 0.6253136286194376 1.0000000171873875 0.6253137722185329 0.9604656925522687 0.6519551171871854 0.9604658322678681 0.6519551310269662 0.9999999990297919
12 0.6744673327374358 0.8375871618266924 0.6907103695128853 0.8382173215949059 0.6887652915254421 0.8883425461190535 0.6725222549792989 0.8877123905077844
11 0.6871475587587383 0.8417002945055311 0.7050765647586559 0.8474295751371624 0.6861516181019169 0.9066390067073306 0.6682226335915402 0.9009097734613949
10 0.5533525253079006 0.3882516061068372 0.5959129505640703 0.38990304986966307 0.5937278061483084 0.4462149238587605 0.5511673812192157 0.44456348601124857
10 0.30093214392650225 0.3870177006279711 0.38292196857071303 0.3901990657941561 0.37843589472822714 0.5058070328603722 0.29644607186503436 0.5026256928784741
10 0.3884405252737224 0.8539851969933354 0.3387127977464388 0.7274985414903903 0.4579421714267937 0.68063276773938 0.5076706386854539 0.8071174985597528