14 0.26898035981639623 0.3943818560521672 0.2320433556961916 0.3897338403041825 0.24098693079952227 0.31866484953556523 0.27792365299194444 0.32331284741322863
14 0.4823216178297116 0.36780760579527905 0.473478937931759 0.3688457242623567 0.46628018007186256 0.30752869938698973 0.47512280504611226 0.30649058415135444
14 0.4185708657947771 0.20809073798740244 0.45302837789029127 0.19693423008947583 0.4728704093798797 0.25821653684440504 0.4384129091320119 0.2693730189573794
14 0.4654818260506772 0.25962511379605324 0.47011449488206836 0.25920849502973575 0.4741201418836454 0.303748984946564 0.469487473159802 0.30416560291276024
11 0.4427975540721718 0.3631223563869833 0.41265941755239055 0.37184978610112707 0.3879160339658938 0.2864067552893748 0.4180539238628853 0.277679363327913
11 0.1940126910891422 0.39011333123296205 0.15888516063228053 0.38973028342367255 0.15941641153096953 0.3410228400819787 0.1945437516100128 0.3414058868537233
4 0.90384448562736 0.3530040302193719 0.9287770381829432 0.34510033407706275 0.9428690371883022 0.3895523702565411 0.9179364939468542 0.39745604561721043
4 0.8611204172826774 0.3664957430346054 0.8361015633890929 0.3657386436937399 0.8386552964975635 0.28135594731895835 0.8636739441162717 0.2821130435563058
8 0.8791844704990126 0.2906430354371105 0.8613768786051423 0.2875159355320605 0.8665041154188202 0.2583191844759777 0.8843116641579627 0.26144628050164165
12 0.9244578106483914 -3.1510988470700734e-9 0.9244578135452457 0.033696678780500325 0.8721697177658143 0.033696677003115884 0.8721697198747052 3.0988148299312605e-10
8 0.5739993627920512 0.13255324656321787 0.5914383577548961 0.1268569869861438 0.6030244527748891 0.16232738682042558 0.5855854599610666 0.16802364161711877
8 0.8865140581721107 0.2660804394313338 0.9047671368940655 0.26598596304845995 0.9049780442020392 0.30673280801484176 0.8867249654836087 0.30682728422940503
8 0.6206156453464473 0.15940081559607172 0.6375733751486905 0.16541391394546073 0.6260060447713158 0.19803499779338019 0.6090483177640635 0.19202190510616138
8 0.7072836523411752 0.29662211759547985 0.7294349936881872 0.3029654129410014 0.7170858502317969 0.34608837020744426 0.6949345145108055 0.33974508874914955
4 0.8831048142538975 0.0731557761947421 0.912438630857082 0.07575264353624471 0.9069075472135637 0.13823072600458347 0.8775737308593534 0.1356338613147206
8 0.5250803396215815 0.14533926219926652 0.5475137078553871 0.14501191913557088 0.5480406808117095 0.18112597935525754 0.5256073125874536 0.18145332212383958
8 0.7952188266418716 0.3303454667523469 0.8130483224015279 0.3282523148496747 0.816754305612676 0.35981881726988446 0.7989248104562421 0.3619119656840496
8 0.7608987073197113 0.283426551867498 0.7834490502850713 0.28889444590286484 0.7749594412221086 0.32390578868236775 0.7524091015228578 0.3184379037563346
8 0.6144003098760322 0.24860636490558508 0.5954614904949267 0.25045888913346614 0.5916646073848142 0.21164281278956812 0.6106033756522038 0.20979029107039424
9 0.7348757468354279 -2.9444677013832664e-9 0.7348757498266423 0.0325244435309074 0.6656210390661954 0.032524440938205446 0.6656210417721695 2.3229852014321916e-14
9 0.24230517326145673 0.5527397654073531 0.273335478484114 0.5588006615337195 0.24323622546307888 0.7128835481072616 0.21220594648571023 0.7068227437826803
9 0.272831945209532 0.688278699675643 0.3095500513157958 0.7028174553400033 0.2778534264281234 0.7828552810705326 0.24113539728409705 0.7683166656397115
9 0.1456034379640414 0.4550823926640745 0.17776106305871053 0.451875667671162 0.18399589210264367 0.5143953625254882 0.1518382692886462 0.5176020726507315
9 0.3961718594936201 0.5752547129277593 0.4169424526049852 0.5723665408989344 0.4213581133601565 0.6041189159403366 0.4005875219314703 0.6070070796495535
10 0.0918638051338121 0.7711585636327266 0.1466010911392459 0.7657009125475295 0.1531291846717977 0.8311616600132005 0.0983919051761859 0.8366192672683281
10 0.325939276173699 0.9878461533423685 0.3101448833114091 0.9886318744066134 0.30859781799790653 0.9575406055128144 0.3243920657795343 0.9567548880581851
10 0.06561869488518823 0.5078678898631999 0.10959911694806124 0.4902733664950474 0.13747634975914025 0.5599513878634851 0.09349598738674558 0.5775458039407126
10 0.3515701227848922 0.47872993155892757 0.3811099670981548 0.47419285518331755 0.3917935649893707 0.543745932373585 0.3622537262202741 0.548282983895197
8 0.4057419573431389 0.6981038943121289 0.377069450266049 0.7034129549790624 0.3675303080112826 0.6519016428991155 0.3962025126413664 0.6465926110395391
8 0.2690930876846096 0.8218228401007317 0.2953242864185768 0.8063265330258252 0.32293057067977315 0.8530469711500142 0.29669945172827283 0.8685431708819549
8 0.2232369866787849 0.8219257008010966 0.18639752250862784 0.8157293885694934 0.1950012199978346 0.7645887338041599 0.23184023144540333 0.770785007097792
8 0.22315488122853822 0.8716147026648984 0.19679232773557942 0.8868039071881336 0.17244178857276893 0.8445500871687932 0.19880407722985183 0.8293609792214173
8 0.1159490533451617 0.6284213937584665 0.1488937357407849 0.6263702500966803 0.15282451078928716 0.6894966964273331 0.11987982965410993 0.6915478270499615
11 0.20665390035696873 0.6388989885817503 0.17165926183940883 0.633517522513827 0.1825660015339281 0.5626026076700912 0.21756018880455485 0.5679840384336321
5 0.23869636139932027 0.8602805160753381 0.25889148601027046 0.8682763315033722 0.2476219468213685 0.8967332496982658 0.2274268400346955 0.8887374670159595
14 0.9915564320440353 0.9455744304821535 0.9346177569117344 0.9594873864506419 0.9130266296848504 0.8711455164793486 0.9699639318492927 0.8572327359703261
14 0.8115893321860312 0.6493921981412369 0.8893900467876392 0.6286796130517406 0.921761912799866 0.7502578800110559 0.8439613060261308 0.7709701869893081
14 0.8425771802582176 0.8077062021657889 0.76438774102769 0.8399025341449676 0.7162282608833266 0.7229648286239106 0.7944156530184046 0.690768973985894
14 0.7588564959748965 0.8274349333845682 0.6797936577152086 0.8347877057423773 0.6651013395202199 0.6768186433107645 0.7441612872916039 0.6694660073308437
14 0.5568058941687468 0.9658140505691244 0.4875041634444415 0.900080648490559 0.601244160288843 0.7801962493439044 0.6705442408915587 0.8459281904414072
7 0.601145529595442 0.6897408184829126 0.564691005839336 0.6947828740956166 0.5577680417142119 0.6447346890601441 0.5942221960252709 0.6396926593787685
7 0.5189873417721519 0.5501899049429658 0.5286345291139241 0.5501899049429658 0.5286345291139241 0.5947366653992395 0.5189873417721519 0.5947366653992395
0 0.6183225538936767 0.37189885398759603 0.7775053647447976 0.3919247956159071 0.7500991383944893 0.6097571836495992 0.5909163983008057 0.589731575286957
0 0.91162618833323 0.633011435354692 0.7734952761124987 0.6181640900611384 0.7990431874652586 0.3805308802625113 0.9371688169459276 0.39537793080887657