4 0.11940868702083662 0.252577521594031 0.0919426437136508 0.24812310465234091 0.09523485932948006 0.2278236987975254 0.1227008621215191 0.23227811239088833
4 0.21275439306612043 0.2905823999038012 0.21240032041544055 0.30657685205026153 0.18535998821153044 0.30597824495895276 0.18571408007812806 0.2899838124999489
4 0.24638226001025032 0.12316324909484315 0.253006338950172 0.14952076896266916 0.21317092517381298 0.1595319713581185 0.20654687318005926 0.13317447462279297
4 0.27547544491994813 0.15051389526744624 0.28541501366169086 0.16946793869727086 0.26474114975042085 0.18030928322979914 0.25480159390474455 0.1613552508356707
4 0.34536994943414356 0.25902281946048916 0.3480744137820011 0.2787228041197084 0.3281906960796732 0.28145241341583593 0.3254862497705062 0.26175244500082595
4 0.42126231889756127 0.16929370354839454 0.42082740504645244 0.18751836788078044 0.3891817830058244 0.1867631612868423 0.3896167121140479 0.16853851254231447
4 0.5323910162784387 0.2431894071433922 0.523160022488355 0.2591320197916553 0.49522965969583765 0.24296022563649447 0.5044606533448359 0.22701763213805679
4 0.34996529431907675 0.4022169346288578 0.34062363359134906 0.4169768809421999 0.31758585010925344 0.4023968163552306 0.3269275077633438 0.38763689458636674
4 0.46057984222284176 0.3304256014324727 0.46127816017826717 0.3459511169563319 0.43750712305495654 0.3470202455258978 0.4368088249458424 0.33149474903007803
4 0.5639033478377087 0.46438215578294856 0.5585569410826565 0.443971099542392 0.5856621373885673 0.43687168340294735 0.5910085692673874 0.4572827003975818
4 0.866787233778382 0.22562143090099643 0.8686331379113881 0.20544042975864452 0.8912943986155142 0.20751316798695507 0.8894485108701247 0.22769415388854486
4 0.9689257306554282 0.15844861355756487 0.9948677080167272 0.18416946021002148 0.9665660230466528 0.21271413697444855 0.9406240748022583 0.18699331949424658
10 0.09224042575260682 0.16439026228423245 0.09179691189410732 0.18783482393355946 0.06291697263463902 0.18728847026120557 0.06336050427432838 0.16384392666522382
13 0.09042794897050044 0.2584462053891961 0.08833292049018837 0.291621200691029 0.05026819537829397 0.28921737395121677 0.05236327292891474 0.2560424306141864
8 0.4789503514463149 -1.2020021360919014e-9 0.4789503526930048 0.030308482141191494 0.44116862561213566 0.030308480781631217 0.44116862695432246 2.1055955313583328e-13
8 0.3545003107985849 0.2036212912541686 0.3417912490034496 0.17851821567114617 0.3799018878357856 0.15922394663059064 0.3926109542578615 0.18432699221564897
8 0.2644433952665395 0.27859434726488136 0.26588450352267046 0.26656433191453555 0.280209651961286 0.2682803411038474 0.27876855164515746 0.28031034922746095
8 0.43700324078611175 0.22508413969374208 0.44355069401592573 0.25462724740774983 0.3958375977226751 0.26520132888703835 0.38929020623402266 0.23565827458726402
8 0.5467771985971694 0.06833526758266258 0.564580427222495 0.08375116960711203 0.5415682344548713 0.11032698990617659 0.523765012613012 0.09491109514585841
12 0 0.234375 0.017230498046875 0.234375 0.017230498046875 0.265625 0 0.265625
12 0.022626562336768075 0.14276385335697592 0.026926789371486848 0.16073976876740845 0.0001280550550291082 0.16715054222807127 -0.004172158497112832 0.1491746384570232
9 0.4879948820650952 0.05182077066360573 0.5076529172633855 0.03363225180099636 0.5414415229992073 0.0701507293320603 0.5217834964524855 0.08833923935249556
9 0.33160320945546573 0.10231157262365077 0.35020195058598347 0.13718396786559628 0.290968369720531 0.16877518663539032 0.2723696846553594 0.1339028396525545
9 0.41406250784984877 0.20833333333333334 0.3798615290407952 0.20833333333333334 0.37986155385362963 0.18480031249999998 0.41406248420435077 0.18480031249999998
9 0.33984375 0.26926798177083333 0.391394935546875 0.26926798177083333 0.391394935546875 0.3177083333333333 0.33984375 0.3177083333333333
9 0.21866146457261948 0.2410067813724635 0.22440891955545794 0.2596730865593106 0.1912193557162709 0.26989208565802475 0.18547193020162922 0.25122580550016255
9 0.41015625 0.3958333333333333 0.444085494140625 0.3958333333333333 0.444085494140625 0.42306746614583335 0.41015625 0.42306746614583335
9 0.31506190147831603 0.438204817857515 0.3113290671883533 0.4621143981498916 0.28019870918444667 0.4572544720604052 0.28393158494691306 0.43334494292037573
9 0.66015625 0.19270833333333334 0.6796875 0.19270833333333334 0.6796875 0.20833333333333334 0.66015625 0.20833333333333334
9 0.12229148939252354 0.4248536634481752 0.14976645182605353 0.41896778207254776 0.1576888747773637 0.4559470734939428 0.13021391701897755 0.4618329398979835
9 0.07457765436174668 0.013366462771830553 0.06799558630291358 0.10124670763129894 0.000326249997897321 0.09617836385446163 0.0069083639936025065 0.008298175063219688
12 0.676366862422924 0.2986327425991716 0.687766421160859 0.33282996770891804 0.6248758835473609 0.3537935185679775 0.6134764569009121 0.319596405444423
12 0.7183583062716252 0.18942591420078417 0.674413009508612 0.18765815764997426 0.676719077054031 0.1303328837436899 0.7206642530148883 0.13210063788601226
12 0.6171306602296909 0.11985826100817142 0.5801636589668533 0.11974337177419449 0.5802930996476334 0.07810138774072553 0.6172600541019619 0.07821627690155628
12 0.5921249082031181 -2.981045574211114e-9 0.5921249177480377 0.0508933128233621 0.5116834628905735 0.05089330729171747 0.5116834686334641 1.4585006395474975e-9
0 0 0.2877435104166667 0.0217035703125 0.2877435104166667 0.0217035703125 0.31324571614583335 0 0.31324571614583335
0 0.027042852122121985 0.24829263217934353 0.010393535226739914 0.23134955993093514 0.04195257225114801 0.20033819064043296 0.058601864327101794 0.2172812370220161
0 0.20173722426056884 0.1811814102833638 0.20290744696274032 0.21234898849374814 0.1648626353888858 0.21377736500614805 0.16369244962493212 0.18260982220970615
0 0.1429478750067119 0.3351536819115547 0.16930147781783944 0.3255564640857997 0.17630277791772642 0.3447811196195537 0.14994918037314164 0.35437832726659596
0 0.05883151535920206 0.4070012363585254 0.047384618735463846 0.40740451443442055 0.04682210466489778 0.3914382140696464 0.05826897901840766 0.39103493638700404
0 0.22944873108667707 0.022317707810791447 0.2260223547845044 0.05867918783887251 0.192711907099806 0.055540308035119626 0.1961382897867452 0.019178835100078444
0 0.2540333946693636 0.12345213889828535 0.2612701939501676 0.0968541008186001 0.30145164588634543 0.10778663375161553 0.29421486943465425 0.13438465217673515
14 0.000637388671875 0.388484375 0.01845153515625 0.388484375 0.01845153515625 0.40735909895833333 0.000637388671875 0.40735909895833333
14 0.06673986515158958 0.2087738443109473 0.082322802387921 0.21305074916361957 0.0756255774552983 0.2374517756230824 0.060042641679160624 0.23317487445711535
14 0 0.17700000000000002 0.00885909375 0.17700000000000002 0.00885909375 0.18930228385416667 0 0.18930228385416667
14 0.1293528081525892 0.2487387890309121 0.1474941071402327 0.2509859332160789 0.1444923903070503 0.27521843270025276 0.12635109170958003 0.2729712907074055
14 0.15820885241976157 0.2946135009613496 0.1565832679008281 0.2705172174837697 0.18304730076522446 0.26873193927123956 0.18467291066042435 0.2928281954324249
14 0.24283495404597488 0.2809220126543387 0.25381005866984196 0.3015240962845348 0.22730658849263818 0.31564255815729636 0.21633151653065852 0.29504050255931386
14 0.16805559380065915 0.4106605091461958 0.16720428304552115 0.42472866542053384 0.1520548242173163 0.42381195687685685 0.15290614764671773 0.4097438141838487
14 0.2780278915292911 0.4342104008816028 0.2616414825301945 0.43369389687168736 0.2621574415353507 0.4173262095509942 0.2785438158230136 0.4178427130141472
14 0.09517513177036108 0.13808214525015483 0.07178493302069455 0.13384746041425982 0.07516621630111331 0.11517115308656899 0.09855639828992935 0.119405836364103
14 0.09336096142828865 0.08699968266288752 0.10303207376682622 0.10301352386362181 0.07738761760776924 0.1185007168668218 0.0677165137957445 0.10248688310527096
14 0.020534916015549243 -1.3537855123808798e-12 0.0205349160228252 0.0036315911374033474 0.0029525195243422786 0.0036315911322523492 0.0029525195312771757 5.243644460072017e-14
14 0.5112469919579326 0.3569582764830866 0.5146095663239976 0.37602851402262855 0.49410814280452087 0.3796432676298753 0.49074559357643466 0.36057305227885805
14 0.6193519767421094 0.46336691639369054 0.6171056218709055 0.4467340768813032 0.6371535582154593 0.44402666082823555 0.6393999325637196 0.4606594771006051
14 0.578125 0.19541727604166667 0.61328125 0.19541727604166667 0.61328125 0.24111633333333335 0.578125 0.24111633333333335
14 0.6367187936863274 0.1757812264346655 0.6222956388407965 0.15414665358248644 0.6508413174251473 0.13511620449983897 0.6652644685729001 0.15675075974678615
14 0.4609375 0.15625 0.4921875 0.15625 0.4921875 0.19715677864583334 0.4609375 0.19715677864583334
14 0.5162198018254003 0.14285606814816154 0.506868066087236 0.16990894037137552 0.4696780029482852 0.1570530049786303 0.4790297506128809 0.13000015668852544
14 0.5679926838606661 0.0909330866083065 0.584380959968712 0.09661668222048149 0.5754864300671443 0.12226338983649385 0.559098155168158 0.11657979672884461
14 0.7534262287995261 0.33945679063904494 0.7551032219995477 0.32042853888747935 0.7725401170205259 0.3219652328075951 0.7708631418814775 0.3409934677986981
14 0.7518335808348411 0.11086514193873412 0.7510425590680825 0.08232307368794176 0.7817138438803113 0.08147304400461398 0.782504878124314 0.11001509941875154
14 0.47193058478808325 0.043023773820688976 0.4759049034545342 0.019101663678830063 0.49793656946530973 0.02276191098315962 0.49396225372754543 0.04668401859017048
0 0.8705221507382248 0.40624126495229596 0.8397030731326822 0.4838660565289853 0.7104857076985809 0.4325652793723976 0.7413050538392554 0.35494116367194456
0 0.8603060118078929 0.3719375195943236 0.7534751825616013 0.2562071019836872 0.832648455417484 0.1831244101999979 0.9394788330012034 0.2988542815835548
0 0.8333699679109259 0.003549537125942001 0.9197254757258406 0.01849562220539497 0.887274896848453 0.2059880912882138 0.8009194003524271 0.19104205057088058