0 0.2607451542222634 0.16655654184317806 0.2679867755491614 0.015502796825914116 0.3937413988294338 0.021531585303499343 0.3865000680872299 0.17258504441718608
0 0.8250316016137731 0.3660394195249865 0.7425178376995518 0.40939784228143666 0.6700266681319818 0.2714461474152562 0.7525393912513891 0.22808805965254444
0 0.7422328706791177 0.11049771844509142 0.825150725736421 0.09414792201204257 0.8676266515334419 0.3095618655470348 0.7847088314364328 0.32591154339098116
0 0.8145695019532013 -6.212020862233431e-16 0.9075349182249965 -0.002824617156125645 0.9119273295283392 0.14174078733479856 0.8189619128536378 0.14456540024932013
0 0.9705648159352904 0.19607089854455184 1.0184146829035399 0.20520800718957447 0.9872323052360343 0.368502449210069 0.9393824530178563 0.3593654064024736
9 0.13307309609967888 0.3165351066767292 0.13135971316921768 0.3513085539798694 0.10396436155599531 0.3499587156357402 0.10567779028781388 0.3151853168700718
9 0.1115576173002637 0.014336644313254834 0.11029123457308287 0.08584436504871443 0.009962207061334993 0.08406750429776687 0.01122864302317339 0.012559844097872584
9 0 0 0.075904861328125 0 0.075904861328125 0.028271184895833332 0 0.028271184895833332
13 0.46952234956643224 0.4676489421680758 0.5407254941557085 0.49392635088348474 0.5004504508159471 0.6030490384288304 0.42924743380751806 0.5767718792221219
9 0.822728687738504 0.35007164146830344 0.8539251494432847 0.356617629886874 0.8397955318093864 0.42395270413915653 0.8085990781249848 0.41740674218749596
9 0.9195605512668408 0.27064663276272466 0.9422398194662946 0.2749670588810996 0.9305236572041622 0.3364671961981507 0.9078443924119028 0.33214678257648794
9 0.9765156015624825 -1.4168758755963472e-10 0.9765156017376739 0.013207729185563104 0.9470260642605126 0.013207728980024898 0.9470260644530981 -2.1909021078489534e-14
8 0.018270057063432432 0.6815664372683087 0.054835375444781675 0.6104269783183439 0.1117642465977724 0.6396845020989894 0.07519946591662574 0.7108235002655522
8 0.13522779404092944 0.4239856586207291 0.1671323926441346 0.46985763624967863 0.08436640293109576 0.527418107189788 0.05246217768888073 0.4815464636395454
8 0.4071226432203048 0.462684836285497 0.4392955171894073 0.492770665194421 0.4079728080213272 0.5262636263941598 0.37580003481355106 0.49617790126234496
8 0.4691513306000843 0.0827391339280698 0.442118516433311 0.0722348092535598 0.4580464529821029 0.031244433997270716 0.4850792489893365 0.04174875478031095
13 0.9352681753382512 0.13821761686159742 0.8900299088548991 0.1408528820571175 0.8863454330426066 0.07760282301054112 0.9315836042183037 0.07496756062443144
13 0.9348160163517605 0.10200939556727667 0.9643799918134164 0.12653749630162636 0.9182487256049399 0.18213961403163992 0.8886847854555526 0.1576115520335853
13 0.6654694453537786 0.1937662736906953 0.6805888109485068 0.19664576964498257 0.6744992711095392 0.22861968506330302 0.6593799063520009 0.2257401921248384
4 0.6694130051104139 0.045243702461743654 0.699583265595038 0.03747623919359919 0.7164206690758874 0.10287573732452907 0.686250411046899 0.11064319464340171
4 0.691073413820277 -0.000192722083828917 0.7506751933512987 0.00011890948855464814 0.7503094847594411 0.0700632920825198 0.6907077052248951 0.06975166062935771
13 0.21763441030725517 0.3405825263603614 0.23793529681097425 0.35747978125971025 0.2056019738854502 0.396324391310307 0.18530113114593405 0.3794271842383233