9 0.38913664702999995 0.17187063480203146 0.417544440765937 0.16966188695047882 0.4215745163617157 0.22149410660117988 0.39316672301572453 0.22370285102122062
8 0.330274861226485 0.050389933802407694 0.3170174902523968 0.010972428523155896 0.3987928367278073 -0.016531242308618875 0.4120502105920423 0.022886249649166957
8 0.21756244543428238 0.002363596597502345 0.23116720732775775 0.001305794449909594 0.2327396134862738 0.021529057212661323 0.21913485159848278 0.022586859320966577
8 0.21858609975640775 0.2916374655771023 0.24915573838723049 0.2749932839741528 0.2734106472253188 0.3195400335038262 0.24284103660465917 0.33618417582579113
8 0.24079746145412173 0.3580038756331329 0.26800826957469326 0.331273477189968 0.31132697932957853 0.3753690174191465 0.2841162629988503 0.40209932343659166
8 0.1367564839596298 0.20102538931708297 0.14792635277467525 0.20057623020562104 0.15048740717656983 0.26426456415607275 0.13931753842598482 0.26471372224620043
11 0.18111973583609142 0.15911086334847444 0.20994396043806773 0.17138270195128935 0.18949282368907916 0.21941802476002056 0.1606686096465637 0.20714620465999528
11 0 0.12134087756410256 0.005427423717948718 0.12134087756410256 0.005427423717948718 0.14319136410256408 0 0.14319136410256408
5 0.24718085101801535 0.24601396652783453 0.23507492283852116 0.24091778412446158 0.24562483560021064 0.21585702169749005 0.2577307432524094 0.22095319916775225
5 0.32994787473694487 0.1596848061800094 0.31588478300261613 0.14932782024694657 0.33593282277809067 0.12210604561872264 0.34999590067604913 0.13246302410338448
5 0.2132079303315777 0.09475779167158692 0.22960505599667158 0.09293764830787132 0.23257056514034957 0.11965294376098784 0.2161734396107704 0.12147308632586348
10 0.8495669835330091 0.34555493099766826 0.7256037911278099 0.3768522004604742 0.701468338456948 0.28125601075897083 0.825430416468862 0.24995888815709494
10 0.6427312523134106 0.35818618500802174 0.6360212247461732 0.34031433696293256 0.6756833888764504 0.3254235962162204 0.6823934333104944 0.34329540476798737
10 0.5232298583332522 0.37473425192309096 0.571084079645857 0.3193523525827443 0.648081091563995 0.38588089714874585 0.6002272012049161 0.4412624772967274
10 0.5166601652621239 0.31555879399078357 0.5009144730058779 0.35421988505911645 0.40428734279203127 0.31486695269402337 0.42003310445807074 0.27620605290955064
11 0.4351148699412306 0.056748649895630145 0.43773698129939476 0.020169486516158328 0.48799554994593564 0.02377217695788073 0.4853734504665681 0.060351329642108605
13 0.7866044813181361 0.4286837280245089 0.7842431009443089 0.420298961294931 0.814424421961121 0.4117995123344491 0.8167858125119665 0.4201842622089724
13 0.4588340994629334 0.36865854205437304 0.46051776116371457 0.354080281611725 0.49780597889059663 0.35838655205869513 0.49612235040149244 0.3729647821611135
13 0.45819721792383916 0.30373746891363906 0.45386854856974423 0.26034782085139957 0.5326364219451989 0.2524898420277796 0.536965220318848 0.29587934473210387
13 0.7085287999669845 0.24985496529240087 0.7211379294263907 0.29247477484619044 0.6657503591935665 0.30886074998961327 0.6531413520843898 0.26624104481023936
13 0.7275035537948042 0.1778606711983841 0.7293483837435133 0.1899342672387177 0.7129259779376298 0.1924435565463547 0.7110811543220734 0.1803699661751489
13 0.5381942639054387 0.1993312388157865 0.5383583934109311 0.1909874396710522 0.595621300082712 0.1921137935087127 0.5954571851209494 0.2004575783975238
13 0.5201214808504346 0.194180508275192 0.5189536100436953 0.18605689615600596 0.5543566240880864 0.18096731100392296 0.5555245017699235 0.18909091480950382
13 0.49242452964347194 0.16690871607188693 0.4947814895949705 0.17706735455712436 0.48016435406213986 0.18045871780770448 0.47780739876338885 0.17030008335543642
13 0.46314517880512085 0.15919816785626045 0.46239552583631394 0.15066905043941464 0.478709716283106 0.14923514923045142 0.4794593722139098 0.15776426339020258
9 0.46253254387590914 0.3565890524701522 0.46468948723884296 0.32216950775620756 0.5971244126745887 0.3304681191857855 0.5949677231627675 0.36488742130319296
9 0.4197078557123177 0.39623645638601623 0.4199088993592568 0.37851725248835416 0.4657126048301734 0.3790368726932608 0.465511609595751 0.39675602904298446
9 0.4198717948717949 0.4184582179487179 0.4577837057692307 0.4184582179487179 0.4577837057692307 0.43974358974358974 0.4198717948717949 0.43974358974358974
9 0.6441882484703001 0.26952417353038627 0.6486823321428119 0.3025938585634825 0.5994058320970908 0.30929014955475537 0.5949118289242961 0.2762205375831784
9 0.6014470419921736 0.29339338111083646 0.5994782434153194 0.31465258388807715 0.557596228130933 0.31077396719044964 0.5595650634418234 0.2895148052814311
9 0.5439537126327423 0.28229611618725775 0.5452451168230255 0.269818688337719 0.5659442717890215 0.2719609819216266 0.5646528795112999 0.28443839882239436
9 0.5838175164694803 0.23477594857520487 0.5505406914263631 0.2800115927079786 0.4783790139425719 0.22692781146039187 0.5116557873608372 0.18169230877231576
9 0.47086463715947957 0.18062476669702793 0.469601361874993 0.19840917833162147 0.42485406701291595 0.19523064918637142 0.42611736338335504 0.17744626029823335
9 0.4198717948717949 0.1516018814102564 0.42744459230769233 0.1516018814102564 0.42744459230769233 0.1593607782051282 0.4198717948717949 0.1593607782051282
9 0.5112245899307482 0.12584915202871452 0.49929929108543547 0.11277487883845236 0.5212046247773969 0.09279467606561202 0.5331299186245815 0.10586894285012918
9 0.5335157952567897 0.08232929045754171 0.5293439685387966 0.10203615056262424 0.49951792517083504 0.09572215869441975 0.5036897576733281 0.07601530688506371
9 0.42998001727141855 0.09135387237168781 0.42269889825752216 0.07641090799540386 0.44871760287082907 0.0637330402857502 0.4559987228861928 0.07867599938736279
9 0.4198717948717949 0.05944055 0.4372563557692308 0.05944055 0.4372563557692308 0.0865604326923077 0.4198717948717949 0.0865604326923077
9 0.4962841018666495 0.42512892676860353 0.49231819494832507 0.37460688125835323 0.5544043050449545 0.3697334424419427 0.5583703859608704 0.42025529510619974
0 0.5486329514841373 0.07082886858995975 0.5554023026444384 0.08071052192446429 0.5475363496788077 0.08609902156762704 0.540766999767925 0.07621736934586143
13 0.6107562137691502 0.39402798866485733 0.6366462698459827 0.3429119714197556 0.7722829300406602 0.41160789259495767 0.7463934210563821 0.4627234448520148
10 0.7758927919239795 0.2898487622532132 0.720375672069963 0.33259598191997963 0.6646378235998327 0.26020895489121293 0.7201546667984076 0.21746189567012347
13 0.6017950432160433 0.2630727494520329 0.599407330232907 0.22175284042354257 0.7862961468800904 0.21095296863907442 0.7886841223867123 0.25227259650991113
13 0.6827955371420558 0.21467501986225615 0.6814626258349108 0.2065039960105097 0.7094622879161534 0.20193655725102613 0.710795205093973 0.21010757376651995
9 0.5208203873162347 0.18393501937708878 0.5225286561370694 0.21949920373568788 0.44811436362567747 0.22307339536261006 0.44640618035975876 0.18750929211932676
13 0.4198717948717949 0.32153493653846155 0.4611576301282051 0.32153493653846155 0.4611576301282051 0.36104527179487184 0.4198717948717949 0.36104527179487184
0 0.46344029636873074 0.08536321784708499 0.46292158291703345 0.06913713654752061 0.5021202009091894 0.06788403701072004 0.5026389215954623 0.08411011077173856
12 0.15983124935894466 0.9999999999999651 0.15983270363528845 0.9474104557510032 0.2771602900488688 0.9474128952452855 0.27715975047885877 1.0000015334863108
12 0.1343591002728317 0.8755132672919697 0.14785659796268646 0.8266623522690225 0.25743573030558764 0.8569318844519166 0.24393908736544745 0.9057820669091587
12 0.10299270239102043 0.7679412132393953 0.10739380297468415 0.8050905670494777 0.05318859868089021 0.8115107554819435 0.048787765710358144 0.7743616455148176
10 0.14666825885058188 0.925073336894032 0.13369659020975178 0.9491985437439368 0.08469480668236429 0.92285786543505 0.09766649230766689 0.8987328474359223
10 0.1395416059950776 0.8401229235082092 0.12909059665264522 0.8416087144378798 0.12725695534425085 0.8287135261477793 0.13770793059177322 0.8272277376788324
4 0.25282469951082476 0.7650265884162311 0.22876069202516192 0.7975246640126482 0.1914779119999821 0.7699225176531468 0.2155418527893289 0.7374246185803492
4 0.29059601468884466 0.9182997642578821 0.2910182559404575 0.9343702881944841 0.2726732594718442 0.9348521154876981 0.27225106088872053 0.91878163313192
10 0.11734177114669819 0.6093623132691413 0.12773287755226193 0.6116663627433443 0.12465400583198516 0.6255502577785637 0.11426290042106757 0.6232462113846124
8 0.5341895743626992 0.9888311402907606 0.5118150187740866 1.0086308823756216 0.44263662035064044 0.9304777844639305 0.46501077980371974 0.9106783434295085
8 0.5659775272489469 0.9591156471406217 0.5179367253533655 0.9898618512707369 0.47883634555853405 0.92878356534134 0.5268763989797662 0.8980376807392633
14 0.5840367480673194 0.9202709594113504 0.5970432994367911 0.9096241430875167 0.6113019621888043 0.9270385790176355 0.5982954414885171 0.9376853616365276
12 0.5699252427643842 0.8600366633593841 0.5686606275065742 0.8792297947646507 0.5475273740408966 0.8778376114486904 0.5487920392201886 0.858644533830345
8 0.43768451913888384 0.8293473322860643 0.46762011572081974 0.8238820929130941 0.47605906965179656 0.8700960783870123 0.4461234820263371 0.8755612845189996
12 0.5568837069948813 0.7858733542391438 0.55856155496474 0.8170778797667577 0.5132937185868514 0.8195112299566768 0.5116160522594555 0.7883068779848207
12 0.5113333971578413 0.7290926379379146 0.5182380489278557 0.7390378284819498 0.5042946060671056 0.7487167164908152 0.4973899755675575 0.7387715449387142
8 0.5185965497502139 0.7773728761696593 0.5218180490803661 0.7631290392461306 0.5463018425552946 0.7686654743391822 0.543080391732019 0.7829092691296845
14 0.5289913825070016 0.7474687157252191 0.5284335801077304 0.764700435457232 0.5055494435757737 0.7639597383309474 0.5061072898449765 0.7467280640245085
12 0.4563751703288972 0.6404202563718226 0.47029038914558896 0.6339898309872138 0.4796090458630715 0.654152541537019 0.465693835774573 0.6605829528364247