14 0.45574415875591967 0.381624545911246 0.2930243968130526 0.4182630957809145 0.27233409948985354 0.32637354100257704 0.43505227600985563 0.28973517659522385
11 0.3689792774291618 -4.816273138057128e-9 0.36897928057794616 0.038418082550072 0.2952052036657733 0.03841807715050871 0.2952052086513959 -7.665633743996055e-15
4 0.9112313230998552 0.39880819604368256 0.7824685345640319 0.3563591552476786 0.8711297650727374 0.08742975013084676 0.9998895661577762 0.12987821305842753
12 0.4636147460856819 0.38470521052459383 0.5500026334799486 0.2410434433541816 0.6944185280040074 0.3278823110593637 0.6080321634292432 0.4715427563419373
12 0.13035673716308338 0.9552740088994366 0.03426181478300805 0.9198144088338466 0.11715687347884796 0.6952304709519569 0.21324643173397817 0.7306889616255883
12 0.14920840676893476 0.9411790094207116 0.17442870100603614 0.7630284895427406 0.3032188687697044 0.7812579253528397 0.2780019864426322 0.9594053338595514
0 0.25158729459758433 0.45876266556278383 0.25158746793624687 0.4932082974846582 0.20227572656665416 0.49320839595121924 0.20227567631047805 0.4587628871056243
0 0.31861301502829065 0.45876267331335185 0.318613265627846 0.5187745217883761 0.26826420142811 0.5187745319533653 0.2682641762161211 0.45876290946465315
0 0.29441464662374983 0.7918707054636771 0.3343679461264628 0.8044037470775404 0.31731248893208885 0.8587625446115164 0.2773592297903633 0.8462295928775074
10 0.25329891801197846 0.7868187181415269 0.21430363784827478 0.6934702646389274 0.3635520183063363 0.6311324057557561 0.4025478591075853 0.7244792470389358
12 0.8600080407666155 0.9680240749424691 0.8119557448811747 0.9353199595098894 0.9298503227585115 0.7621394368156538 0.9779007489428295 0.7948426727528541