14 0.12001866959940344 0.4753228468510638 0.16899822999278058 0.4254202190299414 0.28793911005664086 0.5421523119196187 0.23896020077881985 0.5920542908494203
8 0.12965650775834092 0.2288313283666641 0.14010185648680817 0.2880679437159387 0.08580171649316526 0.29764248737048704 0.07535651490559303 0.23840600121820477
10 0.42711912280708475 0.031323968671670185 0.4506728461886951 0.024801773752045786 0.4568260191499576 0.04702283376711741 0.43327229617079865 0.05354502779645307
8 0.8846221067040005 0.24332052790132458 0.8265538026083732 0.20266115951139577 0.8753454596857182 0.1329795708707994 0.933413559103883 0.17363883835210306
8 0.9310153724221664 0.012396427139088758 0.9832255489299087 0.05650869545188964 0.9165393274868165 0.1354366613877275 0.8643291973486384 0.09132444373956658
8 0.6599072285755483 0.31365859170552407 0.6855372109808968 0.3075687736068428 0.7075841464677524 0.4003535370365443 0.6819541752121268 0.40644332372275227
8 0.6266330839599732 -8.415362308908225e-11 0.626633084263517 0.01679537473334646 0.5951585197364011 0.016795374392406037 0.5951585200617728 1.3907526894501532e-10
11 0.743441138682897 0.38956479615832706 0.7854751972579379 0.33781819864219653 0.8487523980700189 0.38921647741513754 0.8067186106038662 0.44096282382463253
5 0.9421713186438865 0.2912821140171213 0.9244037032927963 0.3129242519147517 0.8905194597715536 0.2851068549849055 0.9082870519927155 0.2634647581734802
5 0.8957555616000263 0.4641435080103146 0.9340388769711581 0.45940434827803106 0.9390540537665402 0.49991456329210243 0.9007707410414696 0.5046537088245365
12 0 0.6519473634084864 -0.004768683851352762 0.6151286983547919 0.036459141887803526 0.6097895520698575 0.041227950257393786 0.6466080713813279
4 0.1570767886514659 0.6425095719177067 0.12479233849444427 0.6186355879174895 0.1521817072482463 0.5816017551156853 0.18446596856551878 0.6054756368152038
10 0.09405284197191577 0.7803319419183379 0.10325133919491236 0.7751279254745247 0.11020565508010804 0.7874179254765142 0.10100716419242417 0.7926219331429638
9 1.0000015660679082 0.6484717543859647 0.7719501393956989 0.6484717543859649 0.7719511494689186 0.5889724310776943 1 0.5889724310776943
0 0.5778634633011279 0.7857977868278269 0.5847039904356279 0.7092995101142554 0.7429824162417162 0.723450031259715 0.7361433987750843 0.799946892847654
0 0.7388014399172107 0.9340766753748735 0.722092264732737 0.9788403907058688 0.6033667705983135 0.9345338478881176 0.620076292862791 0.8897709462048433
0 0.8315886467405562 0.9417295197630049 0.8424359694986379 0.9640170833439448 0.7910483221581899 0.9890199928475707 0.7802012192307757 0.9667326166910218
0 0.38972431077694236 0.6766604135338345 0.415260313283208 0.6766604135338345 0.415260313283208 0.7475747531328321 0.38972431077694236 0.7475747531328321
4 0.38972431077694236 0.7564275563909775 0.4439183195488722 0.7564275563909775 0.4439183195488722 0.8338648295739348 0.38972431077694236 0.8338648295739348
4 0.38972431077694236 0.5889724310776943 0.4917065476190476 0.5889724310776943 0.4917065476190476 0.663804932330827 0.38972431077694236 0.663804932330827