8 0 0.3271857381756757 0.18549029448621554 0.3271857381756757 0.18549029448621554 0.589527027027027 0 0.589527027027027
0 0.6445388372069374 0.45537865854075243 0.6078518137310311 0.44181920727049484 0.6275023958845622 0.3886550586213867 0.6641891780084279 0.40221446067567357
7 0.5987063025627322 0.4784584475440451 0.640377303255832 0.4910125735146088 0.621330006673702 0.5542313464309899 0.5796590341441288 0.541677285539901
8 0.6601213272720088 0.5895270052615279 0.6601229581503958 0.48434993298643936 0.8177907631169319 0.4843520136783595 0.8177904818231809 0.5895277398193245
12 0.34383233671485414 0.8630667855390548 0.3577286113252285 0.9215138224403776 0.18450833458643956 0.9626854375000173 0.17061373769604415 0.904239859483233
13 0.6669359782007405 0.9999999989721606 0.6669361108694147 0.9791550111526336 0.6958617375715903 0.9791551753845992 0.6958616957865615 1.0000000723652573
0 0.5261620355597643 0.999999966468593 0.5261663297710584 0.826706888294858 0.6661070466104775 0.8267104177180338 0.6661061179905801 1.000000162104327
11 0.8034780512156203 0.7355619303231884 0.8210005188650484 0.7358859024549891 0.8191088585158468 0.8381802570196555 0.8015863909774907 0.8378562888513514
11 0.8008015760112812 0.8548196373887705 0.826043191430017 0.8579256158831187 0.8171255084050699 0.9303804595573278 0.7918838984962804 0.927274511824324
10 0.8829830141424964 0.7893012838666452 0.914687441301794 0.7962537987151437 0.8958545697056479 0.8821164818763545 0.8641501673445191 0.8751640444634893
10 0.8466324019638023 0.8897618078431275 0.8714528914129005 0.8895516764160939 0.8720351163281066 0.9583058614545114 0.84721462690095 0.9585159908469666
10 0.7961803721804017 0.99999999999997 0.7961804833215638 0.9744290842438103 0.8139239885869074 0.9744291804895767 0.8139239457958638 1.0000000277580665
10 0.8590937148494504 0.9631032722141838 0.8710278182117008 0.9718984498134374 0.8590904334319021 0.988091471117591 0.847156352624097 0.9792963198112624
11 0.8607185604212191 0.5792435560470587 0.8947941087735671 0.596942171422444 0.8582003272481415 0.6673887208213384 0.8241248696674575 0.6496902387117414
7 0.8483186700701708 0.7092838978404788 0.8677041769796006 0.7218255734930262 0.8389992356571838 0.7661870737914923 0.8196137878978789 0.7536454726414481
7 0.821837049593455 0.8874271641452817 0.8381190292036536 0.8973405742444389 0.8090098596211419 0.9451378586040458 0.7927279389685964 0.9352245259097215
7 0.8735234549443476 0.910350412496673 0.8833380225732981 0.9125274707518014 0.8770866649987283 0.9407024110331594 0.8672721002405979 0.9385253616250924
7 0.7932097829472013 1.0065471501546897 0.77475982376086 0.9976545219210472 0.7924138450988494 0.9610379826531572 0.8108636148524511 0.9699305569739263
7 0.6989511591478959 0.9999999999999688 0.6989512745275306 0.9826711244962676 0.7287318636668942 0.9826713018652147 0.7287318262524423 1.0000000993330962
11 0.8178507971356339 0.7285543548317536 0.8464330023313096 0.732555413702946 0.831382982523678 0.8400481371420035 0.8028007882205657 0.8360471300675749
0 0.7638326996652722 0.6079741185876713 0.8332036562457006 0.6170998718647625 0.7835633633324051 0.9943799383300017 0.7141924872294112 0.9852546164276691
13 0.6970717247488665 0.8413366822736753 0.584054986535989 0.7937356358169754 0.6857438946329921 0.5523496787657557 0.7987547145761482 0.5999492614998617
0 0.3940246924086068 0.9759208325697878 0.40954759146438846 0.9660209102491815 0.4289611820607888 0.9964521629648032 0.4134383251084728 1.006352031625508