8 0.6008695042396539 0.47370835423005114 0.4235263783774599 0.44772150242765235 0.46395462346868044 0.17185289160294046 0.6412932719262017 0.19783942403911947
0 0.8194665690928105 0.3749809031196432 0.8493690488317043 0.46356303939013793 0.7444921907082289 0.4989632267560128 0.7145904783150172 0.41038174179741865
0 0.8802878902212115 -5.703005733362039e-8 0.8802879537457784 0.11866366324309847 0.7600739079377945 0.1186635978070704 0.7600739747019816 1.2745844221477105e-8
12 0.8546430200501618 0.58862876254186 0.8546446614476508 0.4939731214707937 0.978669545296043 0.4939748256293748 0.9786688704981543 0.5886295329352809
12 0.682932125668458 0.42748521325376143 0.7081314700890289 0.4995618610137225 0.6182771976244794 0.5309737399692029 0.5930784410784327 0.45889758989268836
12 0.8741630124771973 0.11217434914364649 1.005702909390493 0.13099801276390588 0.9831450926575371 0.28863049053182727 0.8516052215874197 0.26980691872296547
4 0.38972431077694236 0.48817053344481603 0.4287160651629072 0.48817053344481603 0.4287160651629072 0.5886287625418061 0.38972431077694236 0.5886287625418061
13 0.6617864367742641 0.14338807316347107 0.5998183047610155 0.035663073258549935 0.7165781041055652 -0.03150216164078739 0.7785462343438212 0.07622269840536038
13 0.5998342412229931 0.1745295842044923 0.4755609021242435 0.1396739968481112 0.5099197158355082 0.017173185931851877 0.6341926025097564 0.05202870431918074
4 0.7968669831269608 0.5918286361067767 0.9159857626683561 0.5379658094364745 0.9784913839574756 0.6761830722277027 0.8593731110838689 0.7300450997155494
7 1.000000327109774 0.7556039113712375 0.9621665887664221 0.7556039113712375 0.9621670443206085 0.6574625685618729 0.9999999970428917 0.6574625685618729
4 0.5640644674185751 0.5886287625418054 0.75093696268857 0.585364328180084 0.7581765542533958 0.9997235689199779 0.5713040519476635 1.0029878392887055
0 0.38972431077694236 0.5886287625418061 0.4418981979949875 0.5886287625418061 0.4418981979949875 0.9128101304347827 0.38972431077694236 0.9128101304347827