0 0.07804642432085984 0.2595215830913061 0.05083363520407147 0.25918432218454357 0.05142354356485157 0.21159145407675917 0.07863624148080817 0.21192871442539923
0 0.12047233344151209 0.09476276303199008 0.11321038547805529 0.08932225500747494 0.12767919567227182 0.07000944291051597 0.13494114068691943 0.07544994930121421
4 0.14495762831734282 0.1022546742715253 0.1567990190344517 0.10777420049293669 0.13779281653603448 0.1485492244932272 0.12595142871907683 0.1430297030168016
4 0.1545013598594096 0.1838879836411594 0.14317891251550918 0.1834197993589867 0.14413461900971924 0.16030763337483567 0.15545705294323398 0.16077581738353108
10 0.12802755696918666 0.10223011488557784 0.13739977894647382 0.10714334287891578 0.12619714805123294 0.1285128218577207 0.11682492748661844 0.12359959593597132
10 0.1174498408790896 0.1400528073511118 0.13008340764463355 0.14330395855557948 0.1247721190413813 0.1639428196462978 0.11213855287815022 0.16069167004047769
10 0.09829950006303534 0.198975371358293 0.10973750788980396 0.20441150363622665 0.09618184400642349 0.23293318148749953 0.08474383973930344 0.2274970548379891
10 0.09305247389818305 0.194046708585445 0.0878418919297701 0.18805971425757897 0.09627699050554384 0.1807185861751421 0.10148757115530316 0.18670557858563397
10 0.12037994261231688 0.26994611305861954 0.1269307326077751 0.26522769215881076 0.13183414220827672 0.2720351599955054 0.12528335359706944 0.27675357926044586
10 0.13516281173951938 0.21421472402200598 0.1368836851559081 0.2223385429014336 0.12873701459147924 0.224064229231246 0.1270161437622619 0.21594041260783167
10 0.14627048885301974 0.0762537133922507 0.13650924061380465 0.06915819944809179 0.154853265500833 0.0439224870409957 0.16461450999645422 0.05101799902058465
10 0.16157917189866566 0.04027495729842455 0.1558415017951802 0.03612731586092391 0.16085479079015386 0.02919214899353825 0.1665924605345026 0.03333979024190567
10 0.16653815590473187 0.050611458301844686 0.16246061201979956 0.04800314829322398 0.1679764977193372 0.03938022763941588 0.17205404117021317 0.04198853746162306
10 0.17165024452754096 0.013355245537454543 0.16467049766299624 0.010939680220101475 0.1692925090121662 -0.002415565278001128 0.1762722556894687 8.489503010849762e-15
9 0.1613588626495357 0.06722952320830039 0.17819145626447153 0.07745484863563169 0.16057969123949078 0.10644668783892856 0.143747101059148 0.09622136695023396
9 0.1474713146673139 0.22015686638971174 0.16086870855451707 0.2086512519581509 0.17223695129655425 0.2218884985192774 0.15883956372545072 0.23339410619024065
4 0.17583296279281058 0.043068552758343925 0.1864469542920233 0.04854232180885085 0.17425988478021281 0.07217381230978037 0.16364589413581143 0.06670004453852357
4 0.1776953876119478 0.011318808190596717 0.1902644808627656 0.01581702961891214 0.17994503449335753 0.044651994077729365 0.16737594148230528 0.04015377322098825
8 0.053800583807628755 0.17108515354561707 0.05979761480784873 0.17494513455565497 0.04476762383467303 0.19829612694534912 0.038770595198229785 0.19443614894637956
8 0.05722815568435635 0.1794931846097766 0.048271311694747965 0.17278293936846098 0.06074747842967554 0.15612988687319948 0.0697043159881332 0.16284012854677637
8 0.10311998951806345 0.09013442530859063 0.10988496838695028 0.09520260528746731 0.09248852165490007 0.11842320938243137 0.08572354479895239 0.11335503173330916
4 0.591438530701339 0.26486776415528984 0.5800625683224325 0.265960854157807 0.5789697445779893 0.25458784090863884 0.5903456967159855 0.2534947514024044
4 0.5822439219473381 0.18701015228147427 0.5890781649214887 0.19300540142918055 0.5753250616913874 0.20868296636169897 0.5684908222647209 0.20268772098244
4 0.6580924851078862 0.15401966323290348 0.6623700153022583 0.16259264612106575 0.6440405345193767 0.17173814659675668 0.6397630094298847 0.16316516806827283
4 0.6430783587204587 0.2946017859116759 0.6468957809171343 0.3029207651244837 0.6316061156535397 0.3099366979958627 0.6277887010194263 0.30161772520598285
4 0.6627090394370043 0.21637003331820281 0.668808867074631 0.22118302585603014 0.6591175005434025 0.23346535230915916 0.6530176752025909 0.22865236234885106
4 0.7592793680188379 0.20582778462701945 0.7498582757881422 0.2006205783316032 0.7584958593013198 0.18499330011264192 0.7679169434931055 0.19020050364409335
8 0.5667779974282894 0.2326540691488263 0.5526774289887726 0.2278094021742264 0.5613073972075426 0.20269200239281068 0.5754079429309513 0.2075366651115457
8 0.6110766913772068 0.19593879807328 0.6242921052950123 0.20376853089104452 0.6081332931601082 0.23104180008569536 0.5949178852199566 0.22321207532465945
8 0.6028782010102987 0.11303275963423624 0.5910552198695314 0.10835137821049526 0.5989856281771608 0.08832294881423441 0.6108086024148633 0.09300432871077603
9 0.5667325004552595 0.11701619832793389 0.5637633971356308 0.10239062055539569 0.5912983889326142 0.09680082564381046 0.5942674972043278 0.11142639660451528
9 0.5146056412315829 0.2287219014845081 0.5283938758723252 0.21093708152336543 0.5434999489401662 0.2226483622287492 0.5297117270417857 0.24043317051277371
9 0.5798517834693939 0.22000154172707861 0.5708855226522473 0.2124176414766234 0.5855060906336575 0.1951323360567036 0.5944723436404047 0.20271623087503973
9 0.5874655464448324 0.2591356032394061 0.608292344098345 0.23227217634459474 0.627701140323552 0.24731924323156237 0.606874370647347 0.2741826445096291
9 0.6813831167729631 0.24484933425097288 0.6917595646158361 0.2536259385286979 0.6773408619651491 0.2706726035428249 0.6669644212211097 0.26189600694247755
9 0.7076758049896625 0.0687953126140229 0.6997852432800755 0.07897315564769629 0.6936174171062248 0.07419144072245873 0.7015079784148384 0.06401359855680076
12 0.7429973090632984 0.09598032651587615 0.759701006881528 0.10410270163683924 0.7406617658778032 0.14325680982872052 0.7239580721494576 0.13513444114377546
12 0.716718707652376 0.0435408734518787 0.6977261453317851 0.06551919505287997 0.6759963068287789 0.04674136670959731 0.6949888664466926 0.02476304919997364
12 0.6294185489351776 0.0924374307730448 0.6141179621744186 0.0786535416392709 0.6307091221942756 0.06023682689630554 0.6460097038460617 0.0740207119918429
14 0.6948546286766941 0.19878474250315398 0.7030955670686581 0.20405275471975387 0.6958129886231745 0.2154450002066557 0.6875720519869901 0.2101769902341292
14 0.7823353453127311 0.17777711390824216 0.775365428331952 0.17301011563464397 0.7826924210984316 0.16229728119361148 0.7896623347107834 0.16706427786734152
14 0.6765389755652222 0.13052075647504816 0.6595456287025172 0.11561289117892055 0.67515612275065 0.09781870472468494 0.6921494612754486 0.1127265637731294
14 0.6668777496892062 0.05941714820759236 0.680683687543592 0.06259694033280953 0.6760786013943516 0.0825911525500924 0.6622726637656342 0.07941136113075058
14 0.6074964227657347 0.147072724244637 0.6230821843793137 0.1602556339324829 0.6096201690666021 0.17617124038610205 0.5940344135929081 0.16298833739739493
14 0.6118208151198132 0.13142967240714068 0.6201789772728716 0.14324280199006467 0.5984996234432174 0.15858152168983025 0.5901414689808462 0.14676839901067204
14 0.6271779724098678 0.0976253207287943 0.6159798029956391 0.09885469439211207 0.6145089152537366 0.08545662611759648 0.6257070804581417 0.08422725268879064
14 0.7909289708537699 0.07177778121980063 0.7840831828830233 0.06516056961291965 0.7921165803793428 0.05684968810201898 0.7989623675492794 0.06346689896778726
0 0.8658193854770388 0.03412652234172938 0.8891031409297057 0.06962103425048706 0.8138375908832813 0.11899372993818808 0.7905538758511739 0.08349925384070703
0 0.7611526820913923 0.045100376242014115 0.7537004853758162 0.004154115214377096 0.8342772299058652 -0.010510806268830547 0.841729433041337 0.030435440250870832
4 0.07486521390103462 0.6791273797115321 0.08907677293677807 0.6761941860979146 0.09563097700049639 0.7079452308189903 0.08141942102281519 0.7108784143668829
4 0.08844014649548626 0.7760767681748127 0.07667611949830189 0.7787962173222771 0.07049526958428487 0.7520631823942321 0.08225922457984325 0.7493437418902636
4 0.08731158247599069 0.7546717021475845 0.09846408928945038 0.7573819350175086 0.09141160953515737 0.7863974078351598 0.0802591060684108 0.7836871844669275
4 0.12149777452088983 0.7495531320643729 0.1170427412484969 0.7502601846110044 0.11516363965733944 0.7384222095191731 0.11961866104775254 0.7377151579335586
12 0.07435501706709147 0.6462857155211557 0.08421077442062597 0.6433769297353398 0.0970879293975031 0.6870024366935958 0.08723217770602787 0.6899112090562061
12 0.08856259571621194 0.657063430499324 0.09687263546834401 0.6563114196549807 0.1015613254330674 0.7081162062399442 0.09325128622322154 0.7088682130109071
12 0.11459048982317199 0.7051825700701293 0.12334097705911518 0.7127900633592369 0.11154399374356672 0.7263573614525747 0.10279352048519286 0.7187498830696729