11 0.1849801747437141 0.3594377373841866 0.1849804634330212 0.305032607998879 0.2543461724911822 0.3050329479286192 0.2543460749997166 0.35943788631041
11 0.3104201936153004 0.19790882665999956 0.3315910402824329 0.2894148623055006 0.1468471538759104 0.33215530246953057 0.1256771219722168 0.2406499815862063
10 0.29251410528797805 0.12245636817966912 0.32707590982749934 0.14158140807367886 0.27709986369177386 0.231894734667774 0.2425380942756874 0.21276974680507996
10 0.2721642463925491 -0.011499485336235153 0.33427531507311414 0.00793609639613838 0.2757601358747479 0.1949349602446522 0.2136490901406205 0.17549943029261647
14 0.14988395729960757 0.1450371551005447 0.11284643511794457 0.11034175532925398 0.19750457467080196 0.019969030780691066 0.23454203031440102 0.05466437230202674
9 0.3149871981546539 0.37860178934507543 0.2575010958363464 0.33551012689298254 0.3179558797135087 0.2548637205142538 0.37544162077290366 0.2979551832050457
9 0.32151727802045116 0.25028664703097364 0.3375776454931838 0.26434486843924954 0.3067141112954914 0.29960308746082936 0.29065376942651255 0.2855448935088753
4 0.2567289043651044 0.6119909797519606 0.4131053960977624 0.6277463279349705 0.37431218816288947 1.01271077573902 0.21793578450854056 0.9969561747397591
0 0.1641340189867151 0.5139909669890126 0.19941494665920345 0.40559423247647225 0.34278826211129854 0.45225628405119345 0.3075087591129204 0.5606517996165884
11 0.20090326054923935 0.6849378729172887 0.12412778145039738 0.6925800733209687 0.10242214125719329 0.4745286225633035 0.17919467484966844 0.4668865697069145
14 0.1351217093933883 0.7118009408081961 0.24512933150072058 0.7342966454623722 0.2116101339316856 0.8981795000260213 0.10160264902526706 0.8756842568147241
5 0.09900454307353357 0.8511952225806285 0.05024767693703325 0.8569692835071038 0.028348671356866362 0.6720746764817594 0.07710351740081478 0.6663007338861378
5 0.4539352917945507 0.585802053935701 0.37071262845472575 0.6391334972860749 0.2669054657698098 0.4771581116912553 0.3501260369047259 0.42382758366800855
11 1.0090852710095533 0.7784864814652499 0.9885191552015158 0.9707217743292117 0.65261886180906 0.9347819855081532 0.6731923631290329 0.7425550057954616
11 0.6362679629943386 0.5450009850318975 0.6834869025767603 0.4799084196534159 0.867644767280467 0.6134860006976474 0.8204272996954387 0.678577245353899
7 0.8347500999017257 0.6624706105135094 0.8267642202296202 0.7200551003402852 0.6994461448599623 0.702399685736166 0.7074326673981659 0.6448159556213009