9 0.29330402896778196 0.25260558869438116 0.35658045561342533 0.2715743396439299 0.31749637713846823 0.40194786044897735 0.2542199984727631 0.3829792376337573
9 0.2940394844886214 0.3076627997988598 0.23550009128132388 0.32526188503248815 0.16057722170683064 0.07605029214534177 0.21911576732873073 0.05845134430658585
0 0.21064821684751678 0.4402156371511816 0.2232166835709677 0.42460355759351265 0.25782647794892455 0.4524644311172839 0.24525806213921442 0.4680764635270508
0 0.1558654198390741 0.5078279137531662 0.14637315054312694 0.5090523841444267 0.14047621224722207 0.4633415969345155 0.14996841771892377 0.462117130707649
14 0.7549157197000795 -4.43195647227349e-9 0.7549157227427941 0.032573541970560914 0.6552881373602304 0.032573536088525534 0.6552881419902405 -3.269075978750343e-14
0 0.46864381282478007 0.12796459846886918 0.5658401305953475 0.10714520176388374 0.5893026056664894 0.2166801087809674 0.49210631265020766 0.23749944381371957
0 0.7233886231244924 0.30673425789157854 0.771301522141357 0.379978359401843 0.7054165172553439 0.4230751796223154 0.6575039821874498 0.34983139955954595
0 0.6570190702219634 0.5197816851696274 0.6570195785557189 0.4638830018433442 0.7475924287898579 0.4638837868909337 0.7475923004369633 0.519782084495
0 0.7551232704327049 0.2690209040581028 0.768204744296213 0.18265583901111848 0.864554300594591 0.19724941668572224 0.851473162889647 0.28361417885111
0 0.9534581484798537 0.30752025022071705 0.8936640420356525 0.4239318568206582 0.7906584669715357 0.3710248965826724 0.8504526925232767 0.2546139452395578
9 0.9731286936274728 0.28001903329921063 0.9592881654995153 0.2881072517362819 0.9253959240171525 0.2301121134963031 0.9392363956310419 0.22202391609821726
14 0.35331078715876174 0.8302544308135177 0.3415261691282012 0.834273346808984 0.32232443613690975 0.7779793905607192 0.3341088956310614 0.7739605040927655
14 0.2740605536532712 0.6057273058739537 0.26095487937823236 0.6101971373414333 0.24912898342904555 0.5755268993615954 0.262234577890581 0.5710570827681188
0 0.2272794021905611 0.5849163335151234 0.2228156216754087 0.5864387551925012 0.22038367663674308 0.5793089565814764 0.22484745168264908 0.5777865359192947
0 0.25254838042951633 0.5595450301945889 0.24592362635860354 0.5591549109732484 0.24687404819098901 0.5430171230367667 0.25349878432712103 0.5434072417287223
0 0.292891551803109 0.721751339987338 0.3040649783944218 0.7197741747736902 0.3087016909188378 0.7459730766506089 0.2975282658684364 0.7479502359838813
11 0.24722669420975762 0.5378779104335617 0.23883136509562064 0.5395332798619072 0.23501863510023213 0.520198322358453 0.24341393829774916 0.5185429555607901
11 0.23763302125189512 0.540166278209678 0.24271880895844333 0.5410126369733758 0.24082698267136493 0.5523796318266114 0.23574119516399605 0.551533273874442
10 0.2568911620585368 0.6270030457959284 0.27479376889164087 0.6208973075112959 0.2857638052978473 0.653058544264534 0.267861208157683 0.65916426229263
10 0.2793884885739999 0.7124891775106562 0.26148577149717767 0.7185948268679065 0.25070001180984036 0.6869738777344114 0.26860261150670794 0.6808682502061865
10 0.3432339842119063 0.8558660433439782 0.33690652286463774 0.85697732822452 0.3338113366893367 0.8393576818935222 0.3401387694772211 0.838246399579043
4 0.22351933763911802 0.578661283043919 0.2086621599977434 0.5788079621673224 0.20826938751235957 0.5390222529729236 0.22312646481952925 0.5388755743438755
4 0.3097518117436948 0.7037006995806624 0.3164859372574256 0.7189334901029869 0.29723092936069406 0.727444390812145 0.29049684501637785 0.7122116352351756
0 0.8433088655290248 1.0000010990941632 0.8433116056858125 0.836764622010572 0.999999976933168 0.8367670538700014 1.0000007987357549 0.9999999999937569
11 0.7314794801789049 0.7005132555635071 0.7648413681910142 0.6121222576904505 1.0264425333266445 0.7108446931102854 0.9930838370219135 0.7992329575726919