8 0.8358164586052226 0.12499999990478634 0.8358164944319242 0.0722655982924295 0.8750000039326551 0.07226562883588862 0.8749999992232915 0.12499999935345471
9 0.6243920102622269 0.3000736596733502 0.48093345175414015 0.24545814084402126 0.5848285852150639 -0.027438544734239668 0.7282856552247949 0.027176666602606665
9 0.29047589239826266 0.34534481761387703 0.2673946324997587 0.17782046104596422 0.5140246299599767 0.1438402959947331 0.537107194517489 0.3113631005424194
0 0.669082262064876 0.34111899227793435 0.7225437433138495 0.3981417536300784 0.6129052684059388 0.5009268727882391 0.5594443442014381 0.44390465198768697
0 0.6814154650077171 0.5553448790744959 0.713564759478345 0.591776240949531 0.629652531450688 0.6658166502689994 0.5975036334684773 0.6293856682469822
0 0.5747075705187399 0.6743164163103883 0.5637957959181676 0.6997740342181555 0.5211300535404462 0.6814888569358588 0.5320418674454004 0.6560313610322404
0 0.9266944639532539 0.2997994791277418 0.867055629088668 0.36492651013422217 0.7958961860275622 0.2997651151531393 0.8555347940929323 0.23463836917215097
0 0.9994013077570116 0.10935261326962191 1.009005697060502 0.20267185239725785 0.8905532945310597 0.21486251143540508 0.8809492001638546 0.12154353839367776
4 0.7983952049327172 0.36593983463203233 0.861196380223987 0.34618424414152754 0.887461891992757 0.4296761571350881 0.8246607649185762 0.4494316427701335
4 0.8022373901077344 0.10563925313088388 0.8763200395940203 0.14742902608877168 0.807334224303986 0.26972197269094345 0.7332516937632363 0.22793236665784816
9 0.84375 0.013671876 0.875 0.013671876 0.875 0.048828124 0.84375 0.048828124
4 0.9910452622418688 0.33587441815852187 1.0074073710060247 0.3370025100130637 0.9988832745807485 0.4606322451925947 0.9825211666667428 0.4595041620000014
8 0.9240757196486129 0.5990114646547239 0.8905075062313017 0.5993218096529704 0.8901332556237094 0.5588330386539861 0.9237012294240685 0.5585226947632609
8 0.965886064500296 0.551384141989095 0.9881326070008072 0.5548275633930441 0.9821260038218043 0.5936299424504368 0.9598794639853168 0.590186532852906
10 0.9999999766953351 0.5351562041240255 1.000000062555955 0.58837590986589 0.977611088441563 0.5883758671113204 0.9776111043319133 0.5351562626824803