11 0.15565953954558154 0.0422535697838412 0.21899018914916724 0.07202052597327636 0.16092573789558173 0.19555490243078708 0.09759513166909528 0.16578802209494464
11 0.2878254828718809 0.3179190292141139 0.3020698339694263 0.31392149484496784 0.3142554070678898 0.3573407041319256 0.3000110597281491 0.3613382292347555
10 0.24588118822998695 -7.020058272109986e-9 0.24588119706083944 0.05612087753749632 0.17793751249212164 0.056120870046995466 0.17793751978172168 -2.3099399576215015e-14
11 0.1260288005403254 0.40679897184384306 0.17184367169727466 0.42664361603222467 0.1282836546214412 0.5272030722030682 0.08246887469181274 0.5073585822557373
14 0.060693602585274675 0.2857018311749852 0.048379083248505594 0.2891578231268031 0.039498934139487574 0.2575164220189076 0.051813421809924876 0.25406043478398566
14 0.06714138616155196 0.1710011386830315 0.09922679284898095 0.1688957310679932 0.10515334152512423 0.25921236665888964 0.07306793557290803 0.26131776806326373
13 0.6768751733765157 0.1307260608836872 0.678146296578916 0.16073031248552286 0.5890270442181418 0.1645056923147724 0.5877559833038504 0.13450150151840495
13 0.6029953777347146 0.1726188423677846 0.5994967867449077 0.20665364667327776 0.52220839301674 0.19870879291276153 0.5257070498271332 0.16467406395406495
13 0.8304453491896311 0.1474428447984622 0.8269467564387014 0.18147763627384764 0.7480780553900104 0.17337031710976056 0.7515767062517398 0.13933559156029085
0 0.6390769975453168 0.2317788496538864 0.6458686427457678 0.25618876413438085 0.5931410823802707 0.27085894510565245 0.5863494965600466 0.24644908126481696
0 0.7612468065545954 0.3427024937438959 0.7669732053656162 0.36423246621351063 0.6838968782863049 0.38632742220855815 0.6781705988818203 0.3647975522143935
0 0.8628137199692674 0.2420210625723027 0.8302443260572545 0.22513382281551086 0.8517876022719975 0.18358531768487035 0.884356915299918 0.20047253198225884
0 0.8740449788199385 0.2144557778818008 0.8769387127383652 0.19205748010901047 0.965870861498388 0.20354678454041597 0.9629771983601358 0.2259450177490852
0 1.0013187493053692 0.22227237733626387 1 0.2437771116504654 0.9568564076397479 0.24113137933167927 0.9581751874952715 0.2196266774967913
14 0.6410999210768296 0.39118062976369944 0.5973293052559256 0.3410148464228923 0.7254517042410953 0.22922894147896455 0.7692220556128859 0.27939433737560543
14 0.7104324732119949 0.08588256711106046 0.7107804601238286 0.05939692342351133 0.8097700814595328 0.06069746661573809 0.8094221249118618 0.08718308202208754
4 0.7265007498723435 0.12225695271985856 0.7235148729772618 0.09446346704694343 0.771749537331857 0.08928158693036499 0.774735433145338 0.11707505082267854
5 0.9072215406841906 0.2559986017091162 0.9128608577254909 0.2895327510894227 0.8312286433730378 0.3032600112628149 0.8255894591195556 0.2697259794484245
4 0.04833188608461114 0.519417475728154 0.18522277685201516 0.5127556200409893 0.19443939785287512 0.7021228621064436 0.05754851287099427 0.7087845991611752
0 0.6986449799871934 0.8681810122244803 0.5147507940238256 0.9380551870462197 0.44570276764954997 0.7563625574417125 0.6295891345241671 0.6864900202267153
9 0.4834615106185538 0.65527249279732 0.4840138110278076 0.7232569071381162 0.3742813903784281 0.7241471841438903 0.37372988014919883 0.6561635520255257
9 0.8438411088977773 0.573611246148768 0.7922761672011802 0.60617976822927 0.7484769892180339 0.5368397886933695 0.8000413836167581 0.504271496830696
9 0.9784217880090864 0.7866662396204315 0.9091560579028055 0.8304121248502114 0.8207049622354816 0.690383497671565 0.8899687223737374 0.6466384381068053