11 0.1635411298055942 0.11487960256274253 0.14847755081871128 0.10358763957742395 0.169161609103071 0.0759950133868842 0.18422517768260604 0.08728697056216309
0 0.40267957717605896 0.18557746288339355 0.41405689461839756 0.1575057499649653 0.4513311278311676 0.1726126602039858 0.4399538469133404 0.20068434207035918
0 0.4159687567128003 0.13318536232539402 0.4417533729849765 0.13206466127571187 0.4433315031847087 0.16837338089552506 0.4175468869965471 0.1694940810146933
0 0.4182344368850863 0.09563097515659348 0.3987210232601228 0.11793775062197479 0.3568797307195837 0.08133609946609748 0.3763931311914348 0.05902934203477126
0 0.4148117471831938 0.10211390784844077 0.42359656871803963 0.11537126153387364 0.4066084488654269 0.12662817871041654 0.39782363263998377 0.11337082972303522
11 0.36198302821992456 0.31716821824476543 0.3300721345403872 0.3580952840812056 0.2643410062954672 0.3068459774186898 0.29625182609674994 0.2659190711175118
14 0.4847937538949054 0.1518591383308309 0.47696545496455656 0.16444100876494164 0.4568446105595285 0.15192212540313907 0.4646729088385655 0.13934026180218573
14 0.43171687153562743 0.12250420058210792 0.43973140638127006 0.11376903147881966 0.4607571859212385 0.1330601328994114 0.45274265609305075 0.14179529713578126
8 0.366347583241577 0.19790545240247534 0.37777489447398693 0.1852315880674147 0.41190317721566316 0.21600275968350122 0.4004758851781389 0.22867660564515357
8 0.4225635226813438 0.20385013782147943 0.41561784657255885 0.2095093548999424 0.40461062185727314 0.19600011802841263 0.41155629328216037 0.19034090397724898
8 0.37265655295175293 0.1239180328863644 0.3853112406642367 0.1325169301629724 0.3742619418570712 0.14877769098721616 0.3616072570198412 0.14017879722905646
3 0.7171777107995467 0.352277907777091 0.7128863619938102 0.3276425973448247 0.7414674575159097 0.3226640826628882 0.7457588350058586 0.34729935623547836
3 0.527641731636777 0.21644530696133016 0.5153136403772578 0.20720365986313669 0.5298950455153317 0.18775274497988997 0.5422231242833959 0.19699438512580406
0 0.5651118164249738 0.1407751222009216 0.5725911343419057 0.14638194854778927 0.5441758181403884 0.18428672741354574 0.5366965060241 0.17867990763051342
0 0.6689012318249752 0.2168084756132066 0.6799058741974022 0.23426782863332593 0.6213135994220238 0.27119783022643806 0.6103090077945126 0.253738521680665
9 0.9119839940553902 0.16883361511401027 0.8961689440692453 0.1697756318914006 0.8940750391877827 0.13462218107778826 0.9098900633506446 0.13368016507463704
9 0.9305613231164216 0.1296561222206758 0.9420819703913139 0.11648584106641323 0.9761418192771316 0.1462793908968969 0.9646211853012119 0.15944965955635568
8 0.9445983370148952 0.2057097258295757 0.8888339218840429 0.1639062025945412 0.924152343134665 0.11679318763945448 0.9799166462485118 0.15859664827459188
8 0.7910721381410895 0.0864723662922121 0.8084059751635095 0.06857898091034174 0.862098248055645 0.12059207513139418 0.8447644319596748 0.13848543955704354
8 0.8333434257492627 0.12371203531451502 0.8243138448706304 0.13494793995616733 0.7982023011610409 0.11396383736623818 0.8072318785386869 0.10272793943066681
8 0.6647944590966972 0.012104515097476926 0.6614970399782578 0.003508964215807556 0.6846039952498586 -0.005355309551603847 0.6879014143844415 0.003240241121430971
8 0.8112325903614419 0.35943775100401737 0.8112326019398779 0.3464628159197222 0.8216025290304287 0.3464628256592661 0.8216025246880463 0.3594377535134494
11 0.7486343864081846 0.044190595326470426 0.7279469304336317 0.06573342528166197 0.6834133839616925 0.022968123458621807 0.7041008329779288 0.0014253008718367191
11 0.8150288185772752 0.1043024306032961 0.8032576278714032 0.13200057492309636 0.7562383188292188 0.1120182978990884 0.768009517402902 0.08432017670686133
13 0.7950384873875009 0.09222455944062646 0.7809910731300533 0.10473015497143373 0.7572380155706924 0.07804862793996308 0.7712854222091892 0.06554303825845786
11 0.8827647127351383 0.14387090306340808 0.8725318127761739 0.15540700688649053 0.8524062301530648 0.13755506225530462 0.862639125167334 0.126018965194087
11 0.8975977260452055 0.1633655282305999 0.8848889442639347 0.16560039455434253 0.8805655562910033 0.141015168594698 0.8932743235694716 0.13878030358271912
13 0.9212084190702399 0.2067466262750469 0.9276164759279482 0.19942106707235546 0.9412331972580432 0.21133218280966432 0.9348251448262772 0.21865773779725733
12 0.886865425126075 0.06818566435945167 0.8804208400259768 0.07555308238580204 0.8560943440799065 0.054273711742308106 0.8625389277108297 0.046906295850075296
12 0.7774246707879229 0.024516728682898573 0.7635095385560362 0.03923026315359725 0.7346672399153249 0.011953038393091064 0.7485823710155728 -0.0027604947550713844
13 0.8897581034018458 0.19361133264945152 0.8813516620110704 0.2037731718347637 0.8509464481555824 0.17862052576073506 0.8593528831786443 0.16845869764136634
0 0.8628008561372553 0.16628524399916572 0.8592134930458997 0.16984156285636703 0.8478562762754791 0.15838529552576147 0.8514436379177823 0.15482897808595966
5 0.7150908803962466 0.25950240556277554 0.7256506068692943 0.2740274746208217 0.6972991734522793 0.29463845872174343 0.6867394708210668 0.2801134111914396
15 0.7375468293370204 0.19452360427136142 0.7404506282081229 0.22194892048493822 0.7068440786156316 0.22550710678134522 0.703940312029431 0.19808182015820708
15 0.8148444660915857 0.3227068506998477 0.821626615602554 0.33495872989940334 0.7979027270240522 0.34809084968158704 0.7911205971963682 0.3358389874456006
15 0.8181332065699962 0.3392648192887981 0.8135153339620729 0.3210618851446038 0.8418976883716596 0.3138618387208522 0.8465155782977263 0.33206474633127137
7 0.1637606011807975 0.6289195913726728 0.11632220840363061 0.6389066641702988 0.09007871933806655 0.5142615390293392 0.13751607709502878 0.5042745799962841
7 0.1761223539947423 0.5983739294221199 0.22809243059043638 0.5902080639005348 0.24869546274896948 0.721315692865859 0.19672541182808345 0.7294814496812249
7 0.31850462899615195 0.88321795670963 0.26677348718044414 0.8905270647855671 0.24989563746635213 0.7710917763100331 0.30162523437070377 0.763782778808988
7 0.16499979755974437 0.8824283142175258 0.1282196712145378 0.8908265301294138 0.10571089308564297 0.7922684744318775 0.14249011396441347 0.7838703654740169
14 0.15980167632835673 0.3699905205718253 0.2888862272023971 0.31155311329264623 0.40193292970252514 0.5612517917977055 0.2728491110010509 0.6196880135951075