8 0.004152450407559627 0.2840047140717777 0.027345759755121435 0.2863560284237207 0.023203811351777404 0.32721097183971465 0.000010502666668799066 0.3248596619999973
8 0.25312499672691047 0.2137124417158999 0.2545384475231458 0.23888165081928966 0.21072877338826856 0.2413418243248559 0.20931536287810104 0.2161726538525432
14 0.7195222586666432 0.04491909199999772 0.7175846856559929 0.0010580806911092216 0.8104625773759153 -0.003044835858360054 0.8124001630012572 0.04081616289140997
0 0 0.11516972 0.0063741679999999995 0.11516972 0.0063741679999999995 0.14245382799999998 0 0.14245382799999998
0 0.33321773589705117 0.2335047646746365 0.28850573561931014 0.19567006469050946 0.34938720520915467 0.12372287407710383 0.3940990700268685 0.16155747966172576
0 0.6130521093333527 -4.156275827666262e-13 0.6130521093339212 0.0019531239999855989 0.6082899319993658 0.0019531239992396552 0.6082899320000479 -4.2657850198131e-14
0 0.577151258691174 0.04530911294686596 0.5566842822146327 0.028253298151486705 0.5918507119597507 -0.013946406848657911 0.6123176850957179 0.003109405588791014
0 0.5898437546791229 0.083984376 0.556389868584688 0.08398437599999999 0.5563898762449071 0.064388306 0.5898437475276523 0.064388306
0 0.6712239573333818 -3.037480931144642e-11 0.6712239574050045 0.007812499988587963 0.6413580879468554 0.007812499941878479 0.6413580880057452 2.2530098924295633e-12
4 0.5694163916324442 0.13663382455671735 0.5780486450995568 0.16311708401944083 0.517795857027977 0.1827563355585167 0.5091636510862827 0.15627311620772444
4 0.5036132668028586 0.21083986986920644 0.5211914228158321 0.21669916289993918 0.5065077239820539 0.2607502332389741 0.4889295725364491 0.25489094990176303
4 0 0.32421875 0.03125 0.32421875 0.03125 0.44443586199999996 0 0.44443586199999996
8 0.039232741219734635 0.014841774917140288 0.05502370811257151 0.016369402913424883 0.049431460119194526 0.0741759894056946 0.03364049333333696 0.07264836199999777
8 0.17061726647762043 0.16775977397107175 0.16880013713773678 0.14834055746970334 0.20884413670364665 0.14459350724955972 0.21066128259371908 0.16401270514606306
8 0.16952941357249074 0.2664483687587677 0.16368541929989533 0.24774354226436845 0.20841770032848217 0.2337679739542915 0.2142617128523625 0.2524727669376241
8 0.09804917660642332 0.22030026447690004 0.09871613149766745 0.20870004312893983 0.12415133668184808 0.2101624138182192 0.12348439198967753 0.22176262549713255
8 0.2017851029461326 0.21502643149059555 0.20236562194475027 0.22877435521706607 0.1646326164183165 0.23036760781235927 0.1640521157036119 0.21661970160512753
11 0.2773437401838237 0.1015624618267408 0.2773437678056325 0.12752531078684684 0.22265625163129243 0.12752533244600447 0.2226562488702939 0.10156250868443792
11 0.2695312506666596 -3.69559296774807e-9 0.26953125554837243 0.037109376744728424 0.18496303736242226 0.037109373003542515 0.1849630413369141 1.3524038424657279e-11
11 0.39042668266665714 -1.6391203176243023e-10 0.3904266829487142 0.013671875905817353 0.34424981036420377 0.013671875578939502 0.34424981066661076 -1.2590213282531607e-14
10 0.04298876998996093 0.28680861079638603 0.014875199916104975 0.2810487357192971 0.027453243071590805 0.21965770497089615 0.05556668012093269 0.2254175659139436
10 0.06353402472302605 0.1584328855856269 0.03588274714422823 0.1522881922582626 0.04636071647496465 0.10513746261799436 0.07401194221472451 0.1112821499552015
10 0.06703969592001613 0.012800887897295237 0.09364442511844118 0.017235008699840508 0.08393158490150654 0.0755120321748387 0.057326856022200445 0.07107791304067909
10 0.5549192889430969 0.10687563307604867 0.5604340324325676 0.1289344613769583 0.5272288760801302 0.13723574961343066 0.5217141488108155 0.11517693527916116
10 0.5021388681425378 0.13951764182988616 0.516522616266343 0.16161794486435194 0.49281167496053513 0.17704982590935858 0.47842794400003186 0.15494953799995814
10 0.4239941625321535 0.1808253475702622 0.43208585419552037 0.20662550796945878 0.38886128588114843 0.22018179326008558 0.3807696360117916 0.19438166840253374
10 0.4397823425323395 0.16990965260263974 0.4236751386317792 0.16607648382469548 0.4276190014787744 0.14950429594989562 0.443726192524764 0.15333746312888744
10 0.3784943260614 0.3309382754047978 0.36682814835842237 0.3293088383415948 0.36921203637132294 0.31224167754498683 0.3808781946380577 0.3138711132297945
10 0.4401042877831287 0.274983964 0.4293344476520815 0.274983964 0.429334456443371 0.254017116 0.44010427838293253 0.254017116
10 0.5997951777770822 0.10461735321331936 0.5992195607974509 0.0785371680481719 0.6434387474702135 0.07756120009240298 0.6440143801168006 0.10364136939936597
10 0.6529203960000132 0.08438837404910593 0.6529203978175246 0.06890074827754016 0.6646217171594344 0.06890075026963279 0.6646217174825324 0.08438837385698592
10 0.6466093025173905 0.10642473590619715 0.6454248413486994 0.09601805728938699 0.6597797151327995 0.09438422765648244 0.6609641782977178 0.1047909039423218
10 0.6912082976257352 0.06653418175672222 0.683147877543206 0.044154007559946584 0.7156226521116196 0.03245793515933583 0.7236830749417322 0.05483810334586218
10 0.7470899119999785 -1.9238242999141914e-10 0.7470899123502477 0.016031136195740574 0.7171522012640708 0.016031135951596387 0.7171522015310074 1.4466288309476311e-10
14 0.15973465199999737 -9.21002992173212e-10 0.15973465363879313 0.029900192223594354 0.11718749908072823 0.02990019106261575 0.11718750022953373 3.917926216826272e-12
14 0.09450120698909359 0.1326622555976328 0.08368388057522225 0.12545073838281262 0.09690504340937878 0.1056189963991927 0.10772236298669213 0.11283051049447627
14 0.05204843686522054 0.23605659629841763 0.06882885341440215 0.24269910358124183 0.04759299217118951 0.29634437870680513 0.03081258410020382 0.2897018869121314
10 0.010927568847591829 0.4573517509060194 -0.0025943305018927276 0.44833769457347844 0.019945156052472157 0.41452845884592504 0.03346700200597752 0.42354249083243684
9 0.6236676497393319 0.11904746435127068 0.6299837662163554 0.1611543399890029 0.5826370920915451 0.16825634316125782 0.576321024608319 0.12614951127944796
9 0.44775782907697703 0.29561307950817134 0.4730804858921829 0.29802468941857824 0.469410606298311 0.3365584309149537 0.444087950117364 0.3341468254878964
4 0.6528783079056666 0.14341871029882455 0.6252137045987638 0.13407085745352962 0.6355830866679071 0.10338329933884176 0.6632476573332724 0.11273114599998636
4 0.6574708990870022 0.09955357344424565 0.6717636244070491 0.06662073855205998 0.7025696733918494 0.07999042007993219 0.6882769661831389 0.1129232394587249
8 0.3261180319811956 0.0656748914027508 0.3246708030521859 0.07857937511289796 0.2999169854841739 0.075803250586473 0.30136421742633956 0.06289877027931297
8 0.3002059195177935 0.07337380415488101 0.3067895192021979 0.08345763280384874 0.28336525730105677 0.09875098683363641 0.276781661777477 0.0886671618548712
8 0.2146303056748593 0.13722373432101934 0.21692542762684752 0.11921425754737056 0.2485889982730214 0.12324943026720539 0.24629388897142235 0.141258895464326
8 0.41289332944086254 0.06758029439245282 0.4145722930234115 0.08292187453204487 0.37549126930628063 0.08719883228110092 0.3738123134246507 0.0718572590982755
8 0.4383779856705132 0.0797098511998576 0.4210539956249022 0.09149429513292491 0.4042687995520282 0.06681886941429416 0.4215927812939526 0.05503442938515368
8 0.5330430643640511 0.002590633618682336 0.5631086426769798 0.019005319837164525 0.5328823706654475 0.0743685399827288 0.5028167963446322 0.0579538598221869
8 0.49609374933333333 0 0.5240885399999999 0 0.5240885399999999 0.0078125 0.49609374933333333 0.0078125