11 0.11840588585687328 0.32785716285386 0.07737593367562567 0.29711623685093685 0.1189230444418854 0.24166487979636686 0.15995282642325037 0.2724057106377326
8 0.10119717016993945 0.5552703102587098 0.1311939373323412 0.5586083877865994 0.12295022081673324 0.6326806790732366 0.09295345733335125 0.6293426240000037
11 0.0026996343273140155 0.29533324443663844 0.01435434274230829 0.25758662691142825 0.07662713777563113 0.2768135963462721 0.06497255562851478 0.3145601059369383
11 0.3235114133593697 0.4947243671602101 0.21440778798080373 0.5006786881374007 0.20273953894081842 0.2868575202090595 0.3118402373333993 0.2809032819999991
11 0.575 0.14389375000000001 0.621875 0.14389375000000001 0.621875 0.184559374 0.575 0.184559374
10 0.44978257976288205 0.07637295242073307 0.4469675943198581 0.00223622580723713 0.8470530669645768 -0.012955437454074155 0.849868196053535 0.06118110058397075
10 0 0 0.30078125066666667 0 0.30078125066666667 0.24609375 0 0.24609375
14 0.8097880868134553 0.9492186440846724 0.8097883600009936 1.0000001930911973 0.741536458666701 0.9999999999999647 0.7415366991253904 0.9492189660482316
9 0.8360493820305237 0.8972034605658239 0.872527658975514 0.9199397875884309 0.8326070103826169 0.98397119347248 0.7961289219242644 0.9612351125342314
0 0.6097029221922412 1.0037943509641243 0.5853150957649405 0.9822738784454426 0.6276979086815118 0.9342581672465566 0.6520854651910213 0.9557784352888808
0 0.5812480199999754 0.9999999999999993 0.5812480415190748 0.9960936722271716 0.6067346117148418 0.996093780201797 0.6067346053332585 1.0000000928148853
0 0.6757813028873443 1 0.6417327080000632 1 0.6417328519825105 0.976569546 0.6757812065091002 0.976569546
0 0.6742655747769959 0.9693984360664626 0.6559812041786017 0.9450256181521788 0.728845239743805 0.8903778853744991 0.7471294831912019 0.9147503872183715
0 0.7513051463681677 0.9398684352237356 0.7204039709182553 0.9110343985364409 0.7623084790023995 0.8661371546670277 0.7932093718495707 0.8949709498574793
0 0.6999153056412979 0.7800231800436322 0.7370312443771354 0.7866845977072736 0.7265974392205408 0.8448078793527978 0.6894815136400894 0.8381465104475595
0 0.7243454194739343 0.6868927413526497 0.7671032225786121 0.6797675509343704 0.7810389874065322 0.7633822118803627 0.7382812010121143 0.7705073355151392
0 0.7896741099164046 0.646553381010663 0.8265445984358166 0.6741491479519888 0.7832672274116703 0.7319632111364895 0.7463969186965187 0.7043676523390271
0 0.8424283894416931 0.6007643307243632 0.7850101816181905 0.5943851067166699 0.7981586953936812 0.4760544472448293 0.8555757853492878 0.4824336083072306
0 0.7872157008065415 0.5935008949664473 0.8098948805032933 0.5834224142459358 0.8268026574525038 0.6214650849714931 0.8041235011767185 0.6315435267798358
0 0.8849811226801876 0.53815448023604 0.8688187438565365 0.5360534158181208 0.8725095685530277 0.5076645643658646 0.8886718746666702 0.509765624
0 0.8554687493333333 0.605844314 0.8717305293333334 0.605844314 0.8717305293333334 0.6328125 0.8554687493333333 0.6328125
0 0.8945087147675395 0.6862537380074085 0.894788309163232 0.7138313706806687 0.877926529542151 0.7140022526752969 0.8776469851834463 0.6864246694189752
0 0.8632812506666667 0.78515625 0.8789062506666667 0.78515625 0.8789062506666667 0.812150212 0.8632812506666667 0.812150212
4 0.07625564821955777 0.7485146584205574 0.12044091880443375 0.7541554247610412 0.09713168077701084 0.9367039858985741 0.0529464349265254 0.9310633521608607
4 0.10776291190381926 0.5950978854548491 0.14844601458378293 0.6005215968536493 0.13140100450368664 0.7283593284184399 0.09071791557789766 0.722935687552157
8 0.052486014845840145 0.9129935196869221 0.06264170696874771 0.9137412233562724 0.060798964222954055 0.9387638032166705 0.050643272389606864 0.9380161021918307
8 0.08523025014574159 0.6943068402452366 0.10273381852891816 0.6969512551481666 0.09333611179147283 0.7591455151178126 0.07583254750159085 0.756501118619368
11 0.2695313361010676 1 0.1850729533333606 1 0.18507304331637897 0.993164062 0.2695312506666596 0.993164062
11 0.3398436286109927 0.9999999778120301 0.33984394377887384 0.9667968175350224 0.3907546315693935 0.9667973278434375 0.39075456988894075 1.00000023256902
11 0.3828125 0.84375 0.44921874933333333 0.84375 0.44921874933333333 0.884765624 0.3828125 0.884765624
11 0.5455973941611774 0.81800503179924 0.47234500773652144 0.820717670869357 0.46458649138992314 0.611192742129438 0.5378355396356937 0.6084801649069334
10 0.07535005901490877 0.9068100993708568 0.10879148678918682 0.9105248213581524 0.10345618379301413 0.9585427927308188 0.07001476017649111 0.9548280962130355
10 0.10338073228365374 0.8597120513598926 0.1202185963611555 0.8664455911437171 0.10362014439715495 0.9079418022172155 0.08678230249608987 0.9012083028766268
10 0.1358493756885082 0.7920690858337976 0.11341367834324956 0.8063899124418216 0.09028587066870841 0.7701633895121828 0.11272139555785543 0.7558426363598202
10 0.09938802171461703 0.7149118561760529 0.13779009937445608 0.7142782151906674 0.13847357434462992 0.7556937933929104 0.10007149676823701 0.7563274314423689
10 0.7417140711397678 0.9786247628757637 0.7553739833180089 0.9903610249951229 0.737123896069761 1.0115959726957178 0.7234640302423259 0.9998597602963751
10 0.8061617399737315 0.9136528667516302 0.828736989754475 0.9335379765371616 0.7977716622133357 0.9686827986639319 0.7751965381058881 0.9487978222077029
10 0.8367100941534318 0.9110148385307231 0.8274529419427381 0.8804879222100991 0.875263458401605 0.8659930472369085 0.8845207274664517 0.8965197566804071
10 0.881300322070274 0.9009745917556415 0.876153315365741 0.8890514880563557 0.889244126151425 0.8834017746054661 0.894391140145558 0.8953248551873779
10 0.906963450989906 0.8633724931411287 0.8868656845819487 0.8630141828738648 0.8877163920211615 0.8153137093410895 0.9078139143198314 0.8156720174377665
10 0.8882199238495332 0.7811210269019788 0.9059873537913745 0.7842029302557681 0.8995859656597531 0.821100334745618 0.8818185392658506 0.8180184454413144
10 0.9050522887970374 0.6863918054241616 0.9221203676848972 0.6882898298437078 0.9165421720962286 0.7384444244111098 0.8994740948764957 0.736546410353644
10 0.8914848791748682 0.5885326339305511 0.9100181782008576 0.5881925619804501 0.910997802478505 0.6415742837110137 0.8924645035104959 0.641914353961943
14 0.11772304773046471 0.937318759118853 0.16264844683007595 0.9376463508840687 0.16219125239751975 1.0003275887329377 0.1172658533333788 1
14 0.10937489874447692 0.8437500283629851 0.10937511130987332 0.749999911358437 0.14062493463120518 0.7500001153460847 0.14062507804976576 0.8437498753108746
14 0.2784060452383983 0.759909401074987 0.2934012901502001 0.7848967353061816 0.2629550374330165 0.8031644291242922 0.24795991377141036 0.7781772004089578
14 0.3068438589643847 0.685386638035496 0.2385907306666013 0.7113438302303605 0.20083209062772767 0.6120704454982422 0.26908392914992874 0.5861135256340447
14 0.812363754112198 0.7375230850704634 0.8423924239679081 0.7413203027510151 0.8284721713899899 0.8513821037974469 0.7984435109573269 0.8475849371071771
14 0.8205485635475043 0.6587407098866942 0.8412784149097661 0.6607432164424855 0.8353846685271265 0.721746319858441 0.8146548189881742 0.7197438261964101
14 0.8755890521074434 0.698578230314663 0.8550975420074565 0.69598063234469 0.8706363799449264 0.5734180008925558 0.8911274123030353 0.5760155685009787
9 0.8150140622284425 0.8729494011767218 0.8297030557125709 0.8839632886757246 0.7777942004045144 0.9531754384163513 0.7631053216866803 0.9421616835057862
4 0.8506552083641736 0.9057408622560674 0.8766314611201551 0.908524427781062 0.871366813764439 0.9576413019670506 0.845390564112563 0.9548577559592438
8 0.5259897943165015 0.9483197856978037 0.5503310137215749 0.9645425347615021 0.5172795121682157 1.0141196620891375 0.4929384096205922 0.9978970575661782
8 0.6184670798331808 0.7903086031851114 0.6703529462515689 0.794631508506144 0.6635731294028346 0.8759896667499393 0.6116872684655164 0.8716668062939322
8 0.6440488149811472 0.8941863260320622 0.6462924028521684 0.9184980690949116 0.6191794077711847 0.920999435654614 0.6169359186681049 0.8966877840080715
8 0.6758115512707263 0.6443963599606523 0.700023081998097 0.6446357673987698 0.6990596094610737 0.742059043054824 0.6748480787687186 0.7418196380733424
8 0.7222047417349131 0.7451958566063164 0.7093234200320921 0.7437364813198389 0.7133556416416695 0.7081519475548752 0.7262368618042956 0.7096113170190682
8 0.7607496368883631 0.557690827798573 0.7631038299398369 0.5907239485450742 0.7354827294054758 0.592692170551975 0.7331286216929129 0.5596591302382818