8 0.1996662566248233 0.04378112678021554 0.19073427970943158 0.046496562968381054 0.17923180683283135 0.008661093125348492 0.18816378084773078 0.005945657431935558
0 0.21297513126603462 0.0746118173518322 0.24462151324166825 0.07194862324501416 0.2508537273326965 0.14600496211901845 0.21920734575201095 0.1486681528967262
0 0.31096059484059424 0.2664478832173406 0.31375479846633425 0.26566519341288186 0.3220609356795876 0.295317422237389 0.3192667324701688 0.2961001110128977
4 0.3017222467390184 0.3086708880201988 0.2911245747125122 0.31257557973504 0.271890929234587 0.2603750516040596 0.28248855536446627 0.2564703691833178
4 0.2484864830096285 0.27511634856756545 0.25976397383283256 0.2663118633898036 0.27057277358301235 0.280156324948397 0.2592952885753448 0.2889608035793108
8 0.16953083373789468 -2.0072592411091776e-14 0.17670516117789248 -0.0030804614091582915 0.18395995213381866 0.013815788377200154 0.1767856247289501 0.016896249727740977
11 0.23644421010362748 0.0241146630515317 0.22735832066064177 0.026659791356815933 0.21989978475039607 0.000033459362663038834 0.22898567338177145 -0.00251166882739358
10 0.2897218219226261 0.2537842381948198 0.29792397173071095 0.2514867138047684 0.306334553847023 0.2815118094817164 0.2981324052158243 0.28380933094415034
10 0.27143098228157214 0.22459032029664716 0.28084680502252013 0.22357190424729825 0.28448090386075364 0.2571705928317979 0.2750650813335369 0.2581890076124032
10 0.25290456398613514 0.1931829167694531 0.24269272453000212 0.1961272698553802 0.23129966847022843 0.15661331945932397 0.24151148666146582 0.15366896965225943
10 0.2557654248246308 0.1779564555481226 0.26135688790964196 0.17705206090575532 0.26412072320090374 0.19413942924279387 0.2585292602230993 0.19504382344187465
10 0.20291036976300347 0.19975618539943685 0.19750402265844968 0.1996407877070737 0.19779434517818117 0.1860395236117126 0.2032006879741175 0.18615492125815805
10 0.23378160731647313 0.23307893082611023 0.22826456009158846 0.23273522311345263 0.22907456666416692 0.2197335953445998 0.23459160895458808 0.2200773029032598
10 0.3188093650835526 0.31067725698122906 0.3280080154964935 0.309075824560227 0.33543198103939176 0.35171781391373713 0.3262333315368551 0.3533192428434036
9 0.32031038403783896 0.3462515486723608 0.3048367187381018 0.3516146340933723 0.2908924680787095 0.31138371355610106 0.30636607178746544 0.30602063990061606
9 0.21646797380810767 0.25226946894598523 0.22831467680487094 0.25098813610735315 0.2314440096205317 0.27992011874482836 0.21959730686558032 0.281201450071585
4 0.3178451759708878 0.3494183669849932 0.3235014504589344 0.34925289255904624 0.323992749764102 0.36604592069080266 0.3183364752827629 0.36621139496528254
8 0.2498929028334942 0.037535519478773975 0.24509281214079692 0.03948607797250284 0.23694280125050682 0.01942988250542189 0.24174289114955627 0.017479324192589935
8 0.27699542439063407 0.13443739437950802 0.27340858041509364 0.13544213291030652 0.2642600534884423 0.10278269045892596 0.2678468935081355 0.10177795249893486
8 0.27369968953814805 0.13397527521732466 0.276635602144097 0.13315287648034627 0.2833978152494865 0.15729340823232613 0.28046190282566386 0.15811580651080642
8 0.9060588717480869 0.16747303237392358 0.9064675118538617 0.2181945603342629 0.7704466881226608 0.21929005613776512 0.770038253044504 0.16856873635827369
4 0.705394234371056 0.11275320578503313 0.701868328687965 0.08343988685566688 0.748982315688977 0.07777286537210251 0.7525082386256372 0.10708616404877357
4 0.5726187612286822 0.24455428690198638 0.576120140449575 0.21049566287996727 0.625976192211624 0.2156209960113316 0.6224748779239917 0.24967956035206737
8 0.6226600084387428 0.4197665277848138 0.6206003811598748 0.4398010320247531 0.5707442655997284 0.43467579624513014 0.5728039504556364 0.41464135724121315
14 0.36773976150118415 0.23638577592819196 0.3634662127782349 0.1830372400784958 0.44771992679557115 0.1762880377281056 0.4519936047718147 0.22963643147189833
14 0.7911267262143156 0.16824425289288042 0.7457776170280113 0.16085750748795835 0.7570042339240217 0.09193523127610558 0.8023532176290473 0.09932196613482103
8 0.23031728743558233 0.7272522344445006 0.22380847129056747 0.6800034104942857 0.2942238596402831 0.6703045736207747 0.3007329742994216 0.7175530414568712
4 0.18871206966878162 0.596197860341759 0.2140307622171349 0.5930519540691206 0.21741995182696883 0.620325597445527 0.19210126077223322 0.6234714957112035
4 0.14634881653319098 0.7490915740665637 0.11946962021590934 0.7469215336621448 0.12203992932847996 0.7150908063865544 0.14891893533319944 0.7172608390762659
8 0.1258216298035677 0.9275703103596116 0.11753711065159678 0.9102584140171426 0.13992344316341132 0.8995482756313804 0.1482079752753407 0.9168601121538201
14 0.006048327027542655 0.6907000196113637 0.04918523719004497 0.6813943634653237 0.05965251802695093 0.7299087741765228 0.016515623725808837 0.7392143803165637
14 0.23741812688649588 0.6738064276804324 0.2126272648105214 0.6714582362589847 0.2185690053727285 0.6087383281581505 0.2433595639303121 0.6110865050943722
10 0.519345047766592 1.0411550818464657 0.4255097610205212 0.873565453887529 0.8406487878045255 0.6411697723987367 0.9344848053020769 0.8087495786308816