10 0 0.5880875 0.06875 0.5880875 0.06875 0.69999387 0 0.69999387
9 0.835068737826191 0.8263148583950021 0.8040450188515251 0.8625655252813028 0.7519639859278868 0.8180029510079205 0.7829874999240474 0.7817525974140083
10 0.3095120749704847 0.4356743200172582 0.17012590781189374 0.5918980190351906 -0.08579437868047535 0.3635683570465775 0.053588864701623606 0.20734833186580523
8 0.7617187493333333 0.931640624 0.8046875 0.931640624 0.8046875 0.990234376 0.7617187493333333 0.990234376
11 0 0.720703124 0.0859375 0.720703124 0.0859375 0.890625 0 0.890625
11 0.28115980786628825 0.7828321016029018 0.11856970777284914 0.8187744266487104 0.06988337528844113 0.5985536417828999 0.23246623768409336 0.5626121330235926
11 0.23437517906415906 0.5771484247372535 0.16530939547726575 0.5822639177990294 0.16335640453519318 0.555896731412514 0.2324218746666702 0.5507812499999969
11 0.2794664868632708 0.52786135522327 0.44974295479528337 0.5188817606058503 0.4625671290700666 0.7620333797562786 0.2922906866131143 0.7710127575538962
11 0.649745091399268 0.5775972538351778 0.5272811340300905 0.6787291276791763 0.3204940246174601 0.42834061828205316 0.4429541932797747 0.32721126553500574
10 0.6043838500829679 0.5239382190043127 0.5447585853332839 0.45012089399997923 0.6385690713395888 0.37435149979988364 0.6981939971119573 0.4481681996746691
10 0.869662192734495 0.17613799752149784 0.9347090990705738 0.29321594249111704 0.6212889532747568 0.4673394651341772 0.5562444556134096 0.35026359293227527
10 1 -3.0663943725651314e-8 1.0000000381570544 0.08715820200003452 0.8808593440282948 0.08715817099056179 0.8808593746666702 4.1701296048173024e-14
14 0.5208955831408275 0.18288463210258848 0.5584604877590209 0.08271342746769299 0.7164222243778795 0.1419498004568549 0.6788578293827641 0.24212056446870794
9 0.4898914369123304 0.6206253708170997 0.6339830337425383 0.7089836124573418 0.4581474399253693 0.9956725138419049 0.31405864849546106 0.907317918257552
9 0.5791002248175801 0.6331500167994454 0.5738649888189684 0.6785197592843732 0.507663793144502 0.6708813474801675 0.5128992885355501 0.6255119013436001
9 0.8453666306489822 0.5755972064606646 0.8071310445656081 0.5512836532889732 0.8475652066608745 0.48770270116654846 0.8858004408903071 0.5120161051982295
9 0.9730781704593028 0.4976508859340818 0.9786885657231323 0.5313097185118226 0.9311329438446592 0.539235689815557 0.9255226930278013 0.5055769859235509
9 0.6569009860606911 0.9902342800952361 0.656901041333299 0.9999999999999638 0.6178385399999797 1.0000000861053364 0.6178385425511124 0.9902344240785612