9 0.20741745977647952 0.1435896521337028 0.1144789416803178 0.14433330551876536 0.11342739020540193 0.012892116123547386 0.2063655666726163 0.01214846423974772
9 0.13305825601378274 0.13673349327981063 0.19567645527115474 0.17970793160706597 0.1170896975179403 0.2942152742801008 0.05447166734063558 0.2512410328411987
0 0.267781579049597 0.19799831451467528 0.22998301298423485 0.18250203306862303 0.26423122787889497 0.09896451761664798 0.30202966402987386 0.114460769620563
0 0.3385793155226793 0.1654335299354882 0.36349302466476274 0.16889359152448918 0.3536391774667891 0.2398440600113752 0.3287254699330333 0.23638400611879712
0 0.33287318271572985 0.2661299517777037 0.34115207770435063 0.2770499683473112 0.3165415169235075 0.295707736413151 0.30826263776452834 0.2847877342820575
4 0.3643172579430711 0.04847726868551282 0.35106798185779553 0.0636195819569881 0.319512822538627 0.03600934429665821 0.33276209638552245 0.02086703452385085
4 0.28572481325306853 -1.3055224850970182e-9 0.28572481452090415 0.027231919831384756 0.2425357906862473 0.02723191863692276 0.2425357919145199 6.963635629630158e-11
14 0.6625294222194498 0.14796146694886803 0.6528554412653875 0.1445843036859523 0.65844218839527 0.12858101122198626 0.6681161630201586 0.1319581732760224
0 0.7224019688360386 0.3012726268333405 0.7587712909835318 0.2648064763664166 0.8004949865238586 0.3064183036223983 0.7641257632271845 0.34288435493171376
9 0.6259648758900767 0.2541102693787204 0.6287718695308513 0.2694003491659939 0.6002172228205609 0.27464234946533606 0.5974102494579938 0.2593522875694992
9 0.64510022106424 0.12912900803389088 0.6382191915532758 0.15248094020564573 0.6031552454104485 0.1421488147925624 0.6100362850764895 0.11879690060023972
12 0.7101591758648738 0.12859530142960693 0.7171274248086092 0.1573652740920322 0.6717779081905064 0.1683490694423684 0.6648096944878716 0.13957912738969008
0 0.6807795836225523 0.2159671421260654 0.6857406938875101 0.22636201749289148 0.6761521901759124 0.2309382013552151 0.6711910843373516 0.22054332976192248
12 0.7418870190027747 0.20370163198104851 0.7372890769590867 0.21169929229017326 0.7229920484124932 0.20347987476976845 0.7275899904607286 0.19548221857226997
9 0.7932140163514987 0.2812144220999185 0.8011517820926883 0.2598652849660189 0.8344111379487913 0.27223107125625584 0.8264734098515873 0.2935801764850813
12 0.8570789526341969 0.2406949461966498 0.9003154854823379 0.23417066325890434 0.9059442741875046 0.2714720358485802 0.8627077433983459 0.2779963092124237
12 0.823463220380745 0.08093699272977833 0.8337652449681627 0.09618359566733538 0.8096908311802054 0.11245045672153864 0.7993888138635157 0.09720386023864357
4 0 0.4474776369047619 0.06090358835341365 0.4474776369047619 0.06090358835341365 0.6144282869047619 0 0.6144282869047619
11 0 0.7293679130952381 0.0906818828647925 0.7293679130952381 0.0906818828647925 0.9169378226190477 0 0.9169378226190477
11 0.12172089626392335 0.6110870041509621 0.1480503557039583 0.6104406852801358 0.14914701862278434 0.6551107152524571 0.12281755927847371 0.6557570313403768
11 0.2032468804736709 0.8069354526301206 0.2290478153611275 0.8116266185104503 0.22065326014569564 0.8577861771695143 0.1948523327696421 0.8530950391849119
4 0.3450599999999895 0.9999999999999856 0.3450604674950455 0.9664044857629841 0.4049950434165339 0.9664051857926187 0.40499487750810204 1.0000003988409605
0 0.12652664443066897 0.5534822982347876 0.08397537298378666 0.5528562489084141 0.08516382466802952 0.4721043730348606 0.12771455974825585 0.4727304184165938
4 0.4162610522403156 0.8793797610604105 0.3180679518101215 0.881307321537812 0.3146055906053107 0.7048495175465789 0.41279449997409756 0.7029219982839156
0 0.7365469664018747 0.6090709905452907 0.707580527627556 0.6119251352220049 0.6995925534487242 0.5308624797631849 0.7285585938211625 0.5280083545918564
10 0.7623497998933999 0.9310617857605693 0.7482313790527542 0.9293365004442501 0.7540935009684517 0.8813783496630658 0.7682117353673448 0.8831036234507434
10 0.8443748069072399 0.5477195456051154 0.8798746781088767 0.5503673564047032 0.8712038954017771 0.6666062223273151 0.835704027399629 0.6639584400909145
12 0.7554902214258163 0.35768399075619456 0.7820170168530467 0.35966264759812955 0.7774052241420577 0.42148772830379344 0.7508784295456508 0.4195090787440268
11 0.8383958045083091 0.5628568001649278 0.8233686497269446 0.5617359597584343 0.8273964880651192 0.5077403880769261 0.8424235107862614 0.5088612235391748
9 0.7784752760220499 0.8405354105510359 0.816076281272899 0.8391988015815008 0.8204222398167076 0.9614285358303383 0.7828212358383553 0.9627651223633964
9 0.6350462204502492 0.7906549609850979 0.6185813981772981 0.7951401744667337 0.5933535750596093 0.7025465113689658 0.609818059781901 0.6980613462357157
11 0.7127928212655661 0.7675369849398931 0.728449478231596 0.7687046553628427 0.7239729948501008 0.8287159489525988 0.7083163388150524 0.8275482870660703
4 0.7747690914791292 0.45463557273810007 0.8154673744249976 0.45567442097277233 0.8107847971244837 0.6391050768651284 0.7700865147245395 0.6380662446110174
0 0.8374056149350508 0.7671216948245113 0.8103035376132084 0.769670771555568 0.8009936666945805 0.6706996784133306 0.8280951632730194 0.6681506290045998