10 0.1532492602776756 0.16872466760870555 0.08341594521880324 0.16972779587315245 0.08099054468675604 0.0008670427357474972 0.15082349656836413 -0.00013608264080599671
11 0.05412493027245091 0.27662860819526947 -0.0038434279773582603 0.25509084162133144 0.05813279516780767 0.08828640478471521 0.11610060673638145 0.10982405594082038
11 0.07540833654661583 0.09528640630874435 0.08476414252402265 0.09246016522990642 0.10508806857137643 0.15973888863724034 0.09573226427846748 0.16256512590409605
11 0.06507206561991552 0.3658886382365645 0.06030088395493749 0.1994301309792823 0.15034245886772624 0.19684961195652914 0.15511427749652285 0.363307422342031
11 0.15321202092502517 0.19068635468580217 0.21440128972813 0.1910383508149211 0.212620184615389 0.5006472169224352 0.15143091575214385 0.5002952266029814
10 0.2435450984119143 0.49432158414670185 0.21261004421990037 0.5034829393804376 0.1831783613620246 0.40410674229975607 0.21411300063141425 0.39494545282828514
10 0.23617497408395138 0.37296310214223244 0.2587531482340637 0.37139605244548113 0.26528182618392293 0.4654570419791528 0.2427036531662452 0.467024082297675
14 0.27570504665072804 0.27404409823763953 0.31223006358300154 0.26873562127299844 0.32972563603664184 0.38911044722064514 0.2932006266838698 0.39441889193052004
9 0.07121044781558794 0.38067238199181475 0.13111942269358678 0.3638918890219957 0.17262981200190097 0.5120821489378269 0.11272090484931141 0.5288624652420809
9 0.16861627922821754 0.49847419646097807 0.15292270025793187 0.5021520595863289 0.1380392140645199 0.4386476689676917 0.15373265343680487 0.43496982282450186
9 0.7212440638616044 0.4352513643565777 0.678068799009452 0.4370995844214738 0.6711584990209758 0.2756699652644827 0.7143330104556753 0.273821761334473
9 0.606739676119787 0.2363798846492513 0.655596186688058 0.24576427204505416 0.6373891858040679 0.3405503362390099 0.5885326860886835 0.33116598860937607
9 0.8486425205713886 0.4019196809729904 0.8648903883440653 0.4235525330398282 0.8241287257282011 0.4541657571623791 0.8078809370879299 0.4325329769924721
10 0.7828243094660365 0.17680970532061602 0.7524314113192077 0.12479622335111587 0.8343373451705247 0.07693656164499538 0.8647302476300638 0.12894995634529996
10 0.512713925084995 0.1084996466407785 0.4917328141237931 0.11940769437603466 0.47925687012002527 0.09541087103858913 0.5002379660194265 0.08450282810367547
10 0.9597117005587279 0.35011402099404804 0.9188720431496904 0.4029909555441028 0.8663116227245382 0.3623971342799882 0.9071511937571586 0.309520388802182
8 0.5234759686942425 0.42210540338360913 0.5082349385980933 0.4300288197302836 0.4872722414756936 0.3897081490146949 0.5025132009446907 0.3817847549534756
8 0.5985013661702396 0.20183239795809974 0.5809908346686825 0.2383567011029293 0.5320273975798955 0.21488282991039906 0.5495379432427399 0.17835858861999832
8 0.6715748601544647 0.2260442932154701 0.6538440433380401 0.1805439137052065 0.7073953179120736 0.15967602123457816 0.725126165052302 0.2051763229631681
8 0.6572616828265154 0.13446783109019766 0.6753472364205209 0.09807272072834618 0.7163357687220469 0.1184407647211178 0.69825025298735 0.1548358426804586
8 0.8649626205052527 0.2812240171993911 0.8208451346656602 0.3009737882531889 0.7962733332425387 0.24608569189550736 0.8403906362841553 0.226335967888144
11 0.7412419552547362 0.32143132795915685 0.7901468020926359 0.3165886277084582 0.7975652794091275 0.39150267969618197 0.7486604355027566 0.3963453601756202
5 0.6111936098340038 0.12088675471273518 0.6380646522860616 0.1260482647101613 0.632436696471359 0.15534747954279318 0.605565654968018 0.15018597277533866
8 0.1267915910194688 1.0000000000000406 0.1267928298307197 0.9446944211559588 0.21355285776803612 0.944695907560544 0.21355232987366435 1.0000007850602755
14 0.35715242380331347 0.848197704169501 0.3025394185010555 0.8665925874443432 0.2658886221155399 0.7577991950888738 0.32050020631072584 0.7394045729877178