7 0.19997122452843996 0.4573258686066865 0.1999715060347853 0.5481648409087075 0.15937499756137186 0.5481647667098214 0.15937499877679784 0.45732607769672706
8 0.7517546033221834 0.9271814346949397 0.7517550382697209 1.0000001792215163 0.6997097750057719 0.9999999991828312 0.6997098958825063 0.92718180965613
8 0.19071063150079226 0.28162844181208935 0.23857026531413794 0.2822541794242509 0.23707310144186522 0.3967612685790588 0.18921346770014225 0.3961355346691836
11 0.371875 0.9835642688679245 0.39375 0.9835642688679245 0.39375 1 0.371875 1
11 0.5281249999999318 0.0532502924528304 0.5595211703353016 0.05293048434248677 0.5602052363576604 0.1200864161258612 0.5288090660220632 0.12040622395176959
9 0.3383625963350596 0.37081148078210546 0.37627313057362244 0.3655322834258723 0.38738722569280526 0.4453400554404132 0.34947669688449423 0.4506192262957477
12 0.2680993563349148 0.8864610356252386 0.268100551456655 0.7361064269446581 0.33785537607070637 0.7361071928221393 0.33785546851254367 0.8864605299102412
11 0.05232391711103901 0.42458784537345273 0.11023109533175557 0.41515490875190186 0.13635957418136968 0.5755420339387559 0.07845242718451573 0.5849748538786119
11 0.4165336490837035 0.3435105402267714 0.32545565084853934 0.34134129772316746 0.3293522946756866 0.17777079571781335 0.4204291047828974 0.17994002401717812
9 0.250596451350134 0.40562430914413533 0.2882384232742652 0.4015363936817791 0.2971982100389141 0.4840343881308288 0.2595562418420059 0.48812228069474944
7 0.53515625 0.3686615566037736 0.5859375 0.3686615566037736 0.5859375 0.48040339622641504 0.53515625 0.48040339622641504
12 0.3964135175115189 0.47537090530559795 0.4273343240625991 0.47110782451825894 0.43657038075764376 0.5380933901283067 0.4056495789928931 0.5423564486870828
10 0.8085937845261242 0.7144365424528301 0.78906244205848 0.7144365424528301 0.7890625294146503 0.6743808962264151 0.8085937058423269 0.6743808962264151
10 0.82421875 0.6923643867924528 0.84765625 0.6923643867924528 0.84765625 0.7283313679245284 0.82421875 0.7283313679245284
13 0.8828124558693844 0.9351414359205538 0.8828125740079713 0.9711085045562052 0.8607774096649337 0.9711084818340363 0.8607774065638978 0.9351415281600702
12 0.7734375 0.876481429245283 0.82421875 0.876481429245283 0.82421875 0.9801002358490566 0.7734375 0.9801002358490566
12 0.5951477964378 0.3602861853536485 0.6366504969201969 0.3647933764143028 0.6161368454337435 0.5536742494349295 0.5746341543981544 0.5491671180119719
8 0.6198184001688105 0.18414609912110205 0.6364762274341729 0.1865582636993554 0.627671602464261 0.24736005964912225 0.6110137762127579 0.24494789996944638
8 0.58984375 0.5844634433962265 0.6171875 0.5844634433962265 0.6171875 0.6294221698113207 0.58984375 0.6294221698113207
8 0.5689794908261092 0.5858908710384398 0.5768204356671731 0.5824849287369019 0.587749893975797 0.607643346096071 0.5799089541484364 0.6110492799135092
11 0.5649497491846205 0.5915485226414747 0.5986013095736098 0.6003187980693058 0.5644513001491305 0.7313356217849599 0.5307997845980026 0.7225654657840745
11 0.9383213605772198 0.7781679225602274 0.9029918343003374 0.7766609274948472 0.9071035803726772 0.6802908542506433 0.9424323542734783 0.6817978332993734
11 0.74609375 0.6563974056603774 0.7825883709016394 0.6563974056603774 0.7825883709016394 0.7283313679245284 0.74609375 0.7283313679245284
12 0.703125 0.6204304245283019 0.7421875 0.6204304245283019 0.7421875 0.7193396226415094 0.703125 0.7193396226415094
8 0.4453125 0.7103478773584906 0.5269794303278688 0.7103478773584906 0.5269794303278688 0.8721992924528302 0.4453125 0.8721992924528302