0 0.1516254426597925 0.0132621273190843 0.17039724807341372 0.00871803974001472 0.1858726463419771 0.07264749546974535 0.16710084166368233 0.07719158109783364
8 0.15617071373628733 0.19083477627576997 0.2009438693572747 0.1935274448267486 0.19190627657224013 0.34379982960582745 0.14713312264041178 0.3411071775403978
0 0.22503588220388338 0.3123210690308914 0.19775975320339967 0.3128011722534889 0.1968449019907439 0.2608237409205267 0.22412090587204148 0.2603436388073758
8 0.036704462635384516 0.14112996077196283 0.04889501195862067 0.140043958536703 0.05326621655365216 0.18911105816578183 0.04107566741777191 0.19019705906730183
11 0.19563981316798618 0.11295751849529231 0.21329244916182688 0.11379759139469753 0.21091816355078663 0.1636887020002373 0.19326552760946925 0.1628486299951531
12 0.08220515416701346 0.2201489684612629 0.11256117431344137 0.22448049624208227 0.10216871569775776 0.2973110592813404 0.07181269827401593 0.2929795440443417
13 0.22500879955168784 0.3409919579026711 0.2500494495594694 0.3529118215881404 0.2231384629232025 0.4094426920712396 0.19809783967320982 0.39752287061777297
7 0.2566733719968397 0.047130745064735594 0.2689121692220624 0.047704050993417006 0.26723303084884265 0.0835498529550548 0.2549942336301001 0.08297654722811973
12 0.20811372202160783 0.03975870216606516 0.21730187970979387 0.03969258893291954 0.21767220502920281 0.09115888840559097 0.20848404734147152 0.09122500160375022
13 0.21407204332138008 0.4181149933815031 0.20656564566468205 0.4115367548067233 0.24153988232990287 0.371629730331387 0.24904625246858814 0.37820794834725424
13 0.3436742454356363 -1.6409329231916936e-10 0.3436742456573256 0.021057822017380375 0.3306059571206106 0.02105782180249993 0.3306059573262701 1.33271794835331e-11
11 0.2369636879608379 0.1510642294025876 0.2279473520677584 0.15235409471917477 0.22288266494365416 0.11695138698726708 0.2318989877818467 0.1156615226226945
11 0.2581975794853406 0.2534535075195307 0.2706820269173704 0.25746690334050215 0.26024182812841445 0.28994245126060525 0.24775738327980434 0.2859290611087567
11 0.2595178147455499 0.3024500538707834 0.2794037168791874 0.3030122425027534 0.27810889816180406 0.34881151638945895 0.2582229960779614 0.3482493290377673
4 0.23297526666942758 0.13861572869284267 0.24147382975229448 0.13653282336741862 0.2488381999903595 0.16658034748174122 0.2403396374498925 0.168663251315708
4 0.254438694386522 0.2028992221794935 0.2629759805416825 0.20019091699905517 0.270723986716348 0.22461433094797192 0.2621867015850512 0.22732263387189222
12 0.26489759769651755 0.20223983073516402 0.2552951291864929 0.20468422326940147 0.2494249442875116 0.1816242248255691 0.259027400142827 0.17917983397444404
12 0.2560188185750576 0.04716370392846646 0.23995712442763306 0.046709613656578185 0.24128967791193645 -0.0004241967298322192 0.2573513663627409 0.000029893458511601506
4 0.1125468002873049 0.07245087968573692 0.10562146489564839 0.06908026851300689 0.11521822957479344 0.04936256237741277 0.12214356246431635 0.05273317281259351
8 0.19133080238327693 0.025030493784761364 0.18592100686998947 0.025804415962408282 0.18230746335177628 0.0005453762546801912 0.1877172584352138 -0.00022854589637493286
8 0.17834409747297286 -4.357732634856752e-15 0.18173163652977564 -0.0010628838287573875 0.18407189901779475 0.006395815189297159 0.18068435996360677 0.007458699013985579
8 0.24958794293365827 0.2105521124534671 0.25637558559731133 0.2074616792518496 0.26726892582860273 0.23138681714542628 0.2604812848439906 0.23447724762021685
8 0.27770903496877963 0.2804623743051686 0.28282068749308564 0.2785380825136737 0.29214235195297533 0.30329934787348434 0.2870307006130588 0.305223637400575
13 0.1886791270080721 0.031577811372758606 0.20517245276369067 0.02586844471983888 0.22274631852405946 0.07663612617870733 0.2062529940726563 0.08234549041152904
7 0.2642669909120059 0.21542661157842133 0.27501995436989546 0.21343980381181865 0.2810256819490178 0.2459433811350062 0.2702727191270924 0.24793018658936036
7 0.2161875630730492 0.08301494971051834 0.22520388890632148 0.08172508180035715 0.22903876084126296 0.10853121043657463 0.22002243511280994 0.10982107783750025
10 0.8477746154550232 0.2458742877885391 0.836295123495006 0.27125680008445935 0.6976943170059258 0.20857384607777105 0.7091738456628036 0.18319146655770988
0 0.9698603311771876 0.16709100085907014 0.9597463909067301 0.17767465984198655 0.9305894247881952 0.1498119224321837 0.9407033564272069 0.1392282732877041
10 0.35980746089046534 0.06322001323708952 0.353016689159972 0.03425328572075065 0.5844338822628288 -0.019998806731929025 0.5912246725250725 0.008967898401038137
10 0.43902800108457996 0.13113731948180482 0.41697351619075107 0.04919885393211959 0.7590468034759397 -0.042873537253682786 0.7811013766968244 0.03906456055818424
11 0.9299187636614761 0.1265123935377082 0.9109417483671223 0.21645665246321288 0.5281506767245219 0.1356915090949372 0.5471281830477892 0.04574804294747373
11 0.5608909602176482 0.09656094585706777 0.6461082844434713 0.20833667602599604 0.4484730729137709 0.35900965302031485 0.3632568435619987 0.24723488688329015
11 0.7649900494253643 0.270999566907662 0.7835927485215279 0.36247876921490446 0.5745817734701859 0.4049791874052384 0.5559802266323004 0.31350101258711216
13 0.26460823443346726 0.9228008262192107 0.1947608706148003 0.8821064540521921 0.31120336686694827 0.6822899525656452 0.3810476355024548 0.7229831774064366
12 0.09221139235432929 0.8260516911241846 0.04219049256244034 0.7993965695274089 0.10325143022339489 0.6848316010774138 0.15327112206909987 0.711486329415961
12 0.14441543582529448 0.8578669007547591 0.20162385339119737 0.8524008819708881 0.21228415887151186 0.9639464536239443 0.155075753970209 0.9694123873744408
12 0.0554121507191212 1.000000137127171 0.05541313402193282 0.9113473699304324 0.14224449020787233 0.9113483102177561 0.14224462915376535 0.9999999573681582
0 0.23032254830627608 0.7124527559659851 0.27061435608993634 0.659671062220543 0.30500278801014247 0.685918341892735 0.2647112464333077 0.7386997924788845
0 0.22739733448224797 0.6250644762823476 0.20249183969804108 0.6027741821924164 0.23431521156362578 0.5672211254657108 0.25922058266337444 0.5895113231026063
7 0.07718395208314632 0.8368876112950806 0.12256252142992707 0.8817774261388642 0.06871998877818442 0.9361927492936639 0.023341884258229584 0.8913033999250761
13 0.2243280662480629 0.48745705253308536 0.23749421311651986 0.5200407742431267 0.13364802949058685 0.5619979480844206 0.12048222834164335 0.5294145201890668
8 0.459838675295714 0.655595324593028 0.4138941314362228 0.5893984445251904 0.5064437923201695 0.5251705717340005 0.5523881628450908 0.5913667848598421
8 0.5892383025108074 0.8913491189507132 0.5001038104073814 0.96460265763618 0.4098506482690709 0.8548067974431893 0.49898300050551825 0.7815546623114985
0 0.6837676619602462 0.5001793952139101 0.6734853521983268 0.47291754976500827 0.7218401164087709 0.45468089549934104 0.7321224697226398 0.4819426383122678
0 0.8290151316473384 0.6599753772466481 0.7888588656938964 0.6451956304179264 0.8142846201691327 0.5761234368454095 0.8544403821662172 0.5909030812136674
0 0.5777771535110787 0.7638455694522726 0.5602761453308176 0.7171443030453856 0.6207913277874013 0.6944702568879478 0.638292479930783 0.7411711878301417
0 0.6639675068935276 0.9046072979891143 0.7039538987879723 0.8395179836064115 0.7818737364626713 0.8873753171665536 0.7418882751617275 0.9524638189363253
0 0.8383102758413088 0.8161768860251365 0.866853960517119 0.7884656860926283 0.9145940136620538 0.8376299472906208 0.8860505649372499 0.8653409084483191
12 0.9810789531662749 0.5926875496938102 0.9359243364714303 0.6083235264645555 0.9107291052307573 0.5355693410330794 0.955883170878451 0.5199334687123831
12 0.6460824169117814 0.48423369747454115 0.6605877718258171 0.5258245973308585 0.6203895097454506 0.5398429785784581 0.6058843175578659 0.498252216859157
12 0.678850276221965 0.5887941121821616 0.6780179973692384 0.6547915954302317 0.551538465012527 0.6531956338262578 0.5523715227233197 0.5871989396336564
12 0.5009706163795045 0.7886032532364491 0.4870098409774073 0.7502369108415572 0.5405718621358346 0.7307501217650358 0.5545327515085319 0.76911621047589
12 0.7842912589959496 0.7622327492514512 0.7734803990946375 0.7162301848745722 0.828498801460114 0.703302631816092 0.8393098599449331 0.7493049058682796
12 0.7898161734399309 0.7858641842003887 0.72024894462254 0.835896537650379 0.6741124794443749 0.7717572972263664 0.7436788013772002 0.7217254114655571
12 0.35980746089049337 0.5777478916967509 0.39633319735258726 0.5777478916967509 0.39633319735258726 0.6758726648616126 0.35980746089049337 0.6758726648616126
4 0.3626515286673566 0.8007187745521015 0.3887479690239388 0.7916832877339572 0.40810179661229995 0.847570008194075 0.3820053889727433 0.8566054278797925
9 0.6775494023654574 0.5726325308094746 0.7475464133262903 0.5151005968385944 0.8071609461810567 0.587624556870402 0.7371643660904965 0.6451560160709885
13 0.8942721666759326 0.4464511833173281 0.9416017482806183 0.46382592439619397 0.9129177808804343 0.5419566353673329 0.8655882555585777 0.5245820029001786
13 0.9156405067074047 0.5528006874871567 0.9375206054959335 0.6042397650395617 0.8705546709782084 0.6327209213993441 0.848674971006858 0.5812821820554034
13 0.6375235651320281 0.8786211716613387 0.6913955767153084 0.9088043249122987 0.6463998861128175 0.9890929058192203 0.5925281587668678 0.9589101474093318
13 0.5697395647923713 0.9146014413144801 0.6177370449897808 0.9545955447521008 0.5637952528527421 1.0193129888763133 0.515798227416667 0.9793193808508609