7 0.06060120880681552 0.33748836503769414 0.0795181438244299 0.3341871509153667 0.08768915933183052 0.3810077107556153 0.06877222652155979 0.3843089162746458
8 0.3286610676785813 0.261399970610035 0.3371040510203329 0.26759385154066007 0.3155841712803067 0.29692726874279785 0.30714119613628554 0.2907333973563916
8 0.05856026282833682 0.23867923909756322 0.08063734371717146 0.23511652014273124 0.08954589621816922 0.2903189858107511 0.06746881724200193 0.29388169672977826
9 0.12812282375932682 0.20227954813513874 0.14486386628004766 0.2018430604599831 0.1459353055847714 0.24293643807666193 0.12919426308394577 0.24337292514434253
12 0.13000163487743066 0.39611112330398146 0.1592317692229699 0.39443696759317187 0.1623969947020214 0.44969772916551554 0.13316686088262486 0.4513718789247252
11 0.049884755983271134 0.4497516152367706 0.020663086747617854 0.4497132837856641 0.020756940154228687 0.37827628624106374 0.04997834990649608 0.3783146175236374
11 0.15271604782981285 0.17584356428727263 0.11165511204171708 0.1794739374678215 0.10345515051665188 0.08672866058296368 0.1445159239997338 0.08309829491126425
9 0.09386379879185824 0.2679930397265332 0.11206596195449947 0.2648165113496833 0.11919812216615355 0.30568428586936 0.10099596048087278 0.3088608085188105
7 0.2248477314747106 0.15152166932110478 0.20373707254213969 0.15144717268376465 0.20395428413849004 0.08990250170571314 0.22506489689567388 0.08997699826345779
12 0.1727819510961126 0.25309272422326423 0.15680518487295103 0.25251303811478876 0.15802737707156211 0.21882921259941077 0.17400410423681478 0.21940889799394686
10 0.3274076720957737 0.11388619883481585 0.3361009312313854 0.11495725213284826 0.33354279191757996 0.13572042635519155 0.32484953286075324 0.13464937348252742
10 0.34306922256814687 0.09933044781602833 0.35176248229311113 0.10040150208801649 0.3489310276449942 0.12338304672760778 0.3402377679971096 0.12231199287625459
12 0.36017085940193283 0.25676807989396566 0.33755821747615755 0.25667497574412446 0.33776171817999057 0.20725973742098303 0.3603742833169008 0.20735284141573743
12 0.22449255530364098 0.07242031757047548 0.2421994934735494 0.07157887692121916 0.2469822133348316 0.17222413389231372 0.22927527526974245 0.17306557300049322
8 0.2435617589389949 0.17021832629769695 0.25473880822505635 0.17159538724582662 0.2514044765134713 0.1986585430126589 0.2402274274205638 0.19728148311995758
8 0.23161680191776668 0.19331333595390002 0.23581732679667766 0.1889483289884183 0.24263912619744588 0.19551299546496936 0.23843860256477 0.19987800120618748
11 0.23121700299918757 0.19562848134014987 0.24455355435384263 0.1960429298838138 0.242009461617954 0.2779080867881762 0.228672910318096 0.27749363945769456
11 0.3115974878628549 0.11941546655949956 0.3265002194320914 0.12125155641456592 0.3218868170042697 0.15869629966452822 0.3069840857077679 0.15686021128019392
12 0.29317266526129515 0.12569087030954076 0.30940846505416175 0.12619542135181674 0.3076384628031974 0.18315142621533936 0.29140266303159024 0.18264687584563108
8 0.22381585929349512 0.3845271725488318 0.19422505578063465 0.37969104190991565 0.20940819976726743 0.2867942741463921 0.23899872370179764 0.2916303814622546
12 0.5424033095929417 0.3509255247948007 0.5810104146694357 0.30395272999981054 0.6683071469225297 0.3756996151009846 0.6297003607963916 0.42267211474557487
8 0.7657237041803455 0.369693539835405 0.766317400692401 0.32390774732005856 0.8636372314718983 0.3251694786102904 0.8630437734265115 0.3709550374005047
8 0.8356536535172836 0.18323204294964449 0.8446423175229256 0.22920646653160356 0.7203033661503468 0.2535158121151173 0.7113149234492084 0.20754158291537153
7 0.8726486411242149 0.29012795673553987 0.8776910926897017 0.26066132011203713 0.9562744233255671 0.27410843712933014 0.9512320857284067 0.30357497239979075
7 0.8250828774301908 0.38631959695414825 0.8308778147488738 0.3551409741360194 0.9072389658944076 0.3693329731449002 0.9014441872189991 0.40051145557513324
7 0.6119049615761014 0.3558524234516609 0.6191989970359373 0.3341968018363666 0.6853626281488232 0.35648111315458914 0.6780686896664747 0.3781366520989275
7 0.6807559044956406 0.4299751148219878 0.6875317807849797 0.40985828912565997 0.7480225525484911 0.4302319891802459 0.7412467756685146 0.4503487301749858
14 0.31341095780521755 0.5855233815025002 0.2654293032287569 0.5974719964316855 0.24569407283377132 0.5182280364092509 0.29367509596158925 0.5062795039272228
7 0.3696656139064771 0.5875010086505188 0.3368279467223374 0.5875010086505188 0.33682810788241113 0.53695858189158 0.3696654938885331 0.53695858189158
12 0.18316740972750267 0.6027750689687916 0.14584382195312173 0.5866630820597512 0.16904049298682366 0.532933596220897 0.20636374950652225 0.5490455011078798
12 0.1471844289380897 0.7174861597472721 0.1984815154772832 0.7351461088636073 0.16691742060572778 0.8268143447024943 0.11562043034120961 0.8091545961472946
12 0.2018067879737373 0.9075741980889607 0.18113182291131125 0.8651935144625932 0.2315419203981719 0.840607177796199 0.25221694868855593 0.8829875467581951
12 0.15950422362834615 0.8749687966929475 0.19127491961819487 0.8828164872010503 0.17633628681846858 0.9432792729333578 0.14456561509689436 0.9354316498340749
7 0.17188411698566597 0.6951152176364795 0.1405541990668553 0.6868089634551199 0.15769567129132156 0.6221634519262691 0.18902519544678853 0.63046965154567
7 0.1737027997878613 0.8628061079917844 0.14236309833438554 0.8535158974943493 0.16110742376861253 0.7902977809072288 0.19244664417374224 0.799587915901282
4 0.0671380637289758 0.8238012192249847 0.08260489719191355 0.8501780557763396 0.006503077389197642 0.8947920746263476 -0.008963405101781063 0.868415542503509
0 0.12448306844646595 0.6465607519277066 0.04217299004949382 0.6723635033828305 -0.024110543959295683 0.46093752731857174 0.05819662039073137 0.4351352714507781
0 0 0.7932619077277971 0.03101259688581315 0.7932619077277971 0.03101259688581315 0.849844433679354 0 0.849844433679354
0 0.09730383067551429 0.8891449484624679 0.13668607886268092 0.904741667957862 0.1131451818126834 0.9641677607794514 0.07376301003205299 0.9485711816921357
13 0.1024417301300673 0.7309664585463793 0.1534846008958084 0.749965203458066 0.09688373248434345 0.9020011537393378 0.04584106030210933 0.8830027943937648
4 0.7765060487122355 0.9032588373449874 0.7766862330081494 0.8737777192000706 0.8582167794189672 0.8742755766969131 0.8580369222939908 0.9037563705346682
13 0.8007133836811136 0.950883415224843 0.7492871280645659 0.9756094589181578 0.7180123224479757 0.9105790169624336 0.7694376948389845 0.8858532231978362
0 0.8841920356381934 0.7748509304176445 0.8815125101810963 0.8237403389091454 0.7593342594427668 0.8170440684137245 0.7620144668384228 0.768155385729339
10 0.9094462545695023 0.8643218277890962 0.91091689703876 0.8802938998222861 0.8716463357184239 0.8839087928304092 0.8701757838294952 0.8679368048215271
7 0.663928594311642 0.8967365658771456 0.6672242348179225 0.8630099438186268 0.7470223199086377 0.870805414039768 0.7437270735588299 0.9045316728937229
7 0.5478162728730922 0.8039373012156176 0.5540824285968711 0.7664631034098879 0.6376008011762906 0.7804256343253162 0.6313350768076589 0.8178994480681617
7 0.7494142178813945 0.688344975861026 0.7455973277959629 0.7278066073236331 0.6607672450073778 0.7196021596042508 0.6645844555858957 0.6801408873946954
7 0.8967142879921539 0.5854160718082414 0.8796143060956183 0.6024259122664425 0.8377054496265828 0.5602990226462236 0.8548053462283178 0.5432892672162138
4 0.563516538431827 0.6368857821706976 0.605000459174903 0.7411097105517578 0.3951508819029641 0.8246190211126653 0.35367010610468697 0.7203977781792569
4 0.9999986363457083 0.9093580302402733 1.0168599392653732 0.9483173239726316 0.8485512855901334 1.0211355169031298 0.8316911979264887 0.982177247852741
0 0.615507486369097 0.5205890394603223 0.6324054999059854 0.605288003066617 0.45379328253716267 0.6409164937782426 0.43689681708258377 0.5562188799843781
0 0.9453349109214741 0.5971051603743112 0.9462447825759455 0.6378754495107962 0.8123553592919279 0.6408615857754015 0.8114460125642609 0.6000917926333827
0 0.8807281527185751 0.8292928458062234 0.8775260254632258 0.7754938815007218 0.9799060297071946 0.7694011421457708 0.9831087859723766 0.8231994303185795
10 0.7988484624452212 0.44982435545051086 0.7988502971702474 0.5370056364246703 0.6019990214821291 0.5370071469390171 0.6019984807466017 0.44982709495848167