8 0.28966994103484467 5.1699543625937734e-15 0.3112202733968843 -0.002985688863935772 0.3164265779720381 0.034592770767993254 0.29487624565342685 0.03757845937512374
12 0.24800408269129548 0.22608494160943615 0.26888894251169404 0.22528935196813046 0.2708415994338793 0.27654720186496495 0.24995673971181986 0.2773427899350967
12 0.06975338407517029 0.2467966897933776 0.12867937179248656 0.26644823845111376 0.0878980134974654 0.3887291979443209 0.02897208278773178 0.3690777722306276
4 0.26419568291214546 -1.2749404858655023e-10 0.2641956830022991 0.016850759177407658 0.25286418516691356 0.016850759040510692 0.25286418531891286 -5.654491989847981e-14
13 0.1770896544428524 0.4050186045805403 0.20728547403018638 0.40993852517260626 0.20175299325239848 0.44389207240907913 0.17155717629361789 0.4389721627408966
4 0.018679597167988504 0.19413976667706734 0.03545308429670513 0.19173549808799437 0.041327590979221895 0.23271871329763544 0.02455410452751039 0.2351229786387562
11 0.33748834840469044 0.0182055608407307 0.34660433160377124 0.018972092272733845 0.3440543597147325 0.04929765134924415 0.33493837653281844 0.04853112003486179
11 0.35980747559460724 0.2191067815845824 0.3502838482854713 0.2191067815845824 0.35028386909436904 0.15553724197002142 0.35980746089046534 0.15553724197002142
4 0.2039983414985045 0.3403063001045975 0.21197715979155873 0.3401299474558289 0.21280676647825203 0.3776628647830324 0.20482794819815808 0.37783921707127843
12 0.2109342671479908 0.34687743790149955 0.2169622455787703 0.34668119790013857 0.2181421066194389 0.38292199927029413 0.21211412820707665 0.3831182388756986
12 0.15276586116488033 0.40760970678453373 0.16814477021421226 0.4099255555328234 0.1636252755622536 0.43993664509403035 0.14824636751393427 0.4376208008829617
4 0.31633253352958945 0.17745597787063114 0.3277920186354777 0.17585679056598186 0.3319561815964107 0.2056961037033259 0.32049669678349346 0.2072952895992699
4 0.29663368316221295 0.16121204533838154 0.3073333764328936 0.16154925257233227 0.30627027401908435 0.1952815237250954 0.29557058076170506 0.19494431679732058
4 0.21993807438252588 0.18411158025097268 0.23056818002930868 0.18470883047693204 0.2288514156060728 0.21526414950616826 0.2182213100060153 0.21466689983949624
4 0.09495010866965004 0.18115280305028447 0.10741167994842726 0.17977527796664414 0.11112934818584108 0.21340622136929768 0.09866777713864394 0.21478374506149317
8 0.0828124827968395 0.12869690238120063 0.09258590191041094 0.12662583839117642 0.09821517787270295 0.15319042451153667 0.08844175913316121 0.15526148729455444
13 0.32314213317442864 0.030463361142283558 0.3354730041928633 0.03039159414729831 0.3357494872896041 0.07789636781911372 0.32341861627173785 0.07796813478601133
7 0.22583654875893444 0.22758425962773798 0.23897900152542206 0.22570046197782753 0.24423908577091424 0.26239717816895636 0.2310966335685407 0.264280973201139
12 0.26655841773788325 0.08764025215894343 0.25213342296535757 0.08970792200386425 0.24743822543325678 0.0569521346061168 0.2618632098372018 0.054884465516569704
0 0.16982510194441147 0.20751162361242836 0.1872598512292143 0.212141530055938 0.17667215570656936 0.2520107892585116 0.15923740897574135 0.24738088947515716
7 0.16547753449719949 0.22639817057859585 0.1519822937365234 0.23004319973498383 0.14382073656054217 0.1998264858407837 0.15731595117995312 0.19618146042191043
12 0.12891801638841116 0.07859377351223508 0.11329751228117857 0.07624141832979216 0.11854737501118962 0.04138047646757739 0.1341678690802155 0.04373283087418107
7 0.07136534793528426 0.2195659891747568 0.08776679357913508 0.20594084919920544 0.11157492900724719 0.23459978744868293 0.09517349955501686 0.2482249098410594
0 0.9129374391159217 0.4389720703902564 0.8994565148445872 0.44274918359873583 0.8666528938459805 0.32567491821452127 0.8801336334474854 0.3218978328113606
12 0.7449437739734321 0.41522324531118976 0.7205678280568009 0.4489692834653497 0.6059785112704503 0.36620084421118815 0.6303543663018445 0.33245508557875203
12 0.4589539920809784 0.29176789716063173 0.42180512824086236 0.2784292321357807 0.4519604767680221 0.19444701914418602 0.4891091127691425 0.20778563879542747
12 0.501896677030004 0.3389692304476141 0.5358844199258783 0.3443807933755431 0.5213643357250248 0.4355713402416324 0.4873765995806707 0.4301598067378607
8 0.7378852489073324 -6.105401298748021e-9 0.7378852533167901 0.03645923865378529 0.6483759300296015 0.036459233773721844 0.6483759350180662 1.3498721333633246e-14
8 0.3598077547568437 0.8020848501070664 0.33458613518553193 0.8020848501070664 0.3345864713658102 0.6936325289079228 0.359807460890579 0.6936325289079228
8 0.293586826976707 0.9030937687397819 0.3175056266015872 0.9038603676074555 0.315693688114834 0.9603802328981862 0.2917748887768994 0.9596136401948786
13 0.2599595577534046 0.9648165310571901 0.26963845883813065 0.9436785234951579 0.29117251767365815 0.953536038583059 0.28149370267101403 0.9746739729716718
14 0.18523635496228508 0.9544546893887643 0.2070744580931887 0.9637765370414952 0.18848580031567508 1.0073111129940011 0.16664773560080448 0.9979893312222108
13 0.8714276083630921 0.546152862417316 0.9460224480903889 0.5478571213198539 0.9356587050071994 1.0014029018032427 0.8610638675935434 0.9996987329887403
13 0.8123177556723249 0.9174345705327606 0.8577613186155304 0.9133343489352381 0.8655830036100269 1.0000000000000036 0.8201394476386668 1.0041001695695122
13 0.8071930043674911 0.9481265148503987 0.7210805904286417 0.9047142800414748 0.7982578087104457 0.7516643879574718 0.8843670784157212 0.7950756744710481
13 0.7976026468751343 0.6414707084444352 0.8602333193441609 0.6521723296121138 0.8399658635938749 0.7707691120538345 0.7773352257628403 0.7600676290753015