7 0.29711983984418566 0.09307427507414087 0.2783789468402347 0.09575489243686217 0.2714819731576199 0.047536375179529425 0.2902228474446247 0.0448557591509397
8 0.29671093218541955 0.19426570529858184 0.2748067444224489 0.1971305405295066 0.2674174614587628 0.14063324944043212 0.2893215867674144 0.13776841832919584
11 0.15960680421812867 0.4399038461491215 0.15960682067645848 0.427000854537028 0.17288134388695653 0.42700087322653785 0.17288133874853884 0.4399038534814466
9 0.22590593651159452 0.21860601495716914 0.20899603618909168 0.21862353232745918 0.20895274561041788 0.17681629270257201 0.2258626028768731 0.17679877535474872
11 0.31072234111445596 -0.00036710651414734614 0.3403562973701355 0.0004051709083992251 0.3388166007058544 0.059486652256121195 0.30918264445369914 0.058714375042667986
11 0.20057581291302995 0.24494512482236588 0.24169009978550093 0.242410182052653 0.24751330648734893 0.3368546801566722 0.2063990208228006 0.3393896123896217
9 0.26187980275847167 0.15803761898987462 0.2438470150973444 0.16061694022242626 0.23784851793982398 0.11867984850614575 0.25588127257867654 0.11610052973264252
7 0.12693075375329954 0.2541277547094592 0.14834634560907034 0.2547330945543534 0.14658501042140415 0.3170437716920225 0.12516941861736086 0.3164384334994688
12 0.20071422987120968 0.1912604871190682 0.18503352611094215 0.19585438289118992 0.17551639286955378 0.16336907109789353 0.19119706985100038 0.1587751794870338
10 0.013717902899202272 0.24991905594281358 0.022734291650749583 0.24862941461742227 0.02573354732885491 0.26959796745204284 0.016717158807864507 0.27088760769707465
10 0 0.2578751314102564 0.008705739470517448 0.2578751314102564 0.008705739470517448 0.28116490224358975 0 0.28116490224358975
12 0.1253297045528825 0.3333933159227027 0.10749898370545452 0.33378659153187273 0.10520454646632516 0.22975825901374333 0.12303510464926148 0.2293649852254354
8 0.12857733064515742 0.431616020086705 0.1215198884807478 0.4317716759099348 0.12077392410458287 0.3979506767091577 0.12783133613231712 0.39779502121825155
8 0.10125489788254072 0.19993373250168986 0.1127901512443259 0.201667171313915 0.10867667064110265 0.22904015537472686 0.09714141762810868 0.2273067181294879
8 0.12119027212543187 0.20869739462756934 0.11684527793056532 0.21232121975343476 0.1101259724658803 0.20426482442004198 0.11447096487518138 0.20064100050092504
11 0.12168319307954789 0.20591262401048846 0.1080991830469884 0.20515406181013485 0.11271635056800733 0.12247312737258981 0.12630030252830693 0.12323168791162356
11 0.029064544945867965 0.22679880518532905 0.04444488414446823 0.22911004902486762 0.03870399448032913 0.26731252680700024 0.02332365602410391 0.26500128632240383
12 0.057374095519890034 0.2647712206299861 0.04083704310119174 0.26384776270715776 0.044065969968983154 0.2060267525879372 0.0606029532964385 0.20695020856605034
8 0.13331380493002598 0.01817801923169178 0.16401464017917533 0.024091516519719774 0.14620190787150023 0.11656895564316878 0.11550107450204905 0.11065546423863286
12 0.3888813621240388 0.2200379041025216 0.34237073957694975 0.21055762978473136 0.3688577013156191 0.08061365315171669 0.41536804429085805 0.09009389752872071
7 0.35980746089049337 0.2527163381410257 0.37080455475330926 0.2527163381410257 0.37080455475330926 0.33978022596153845 0.35980746089049337 0.33978022596153845
7 0.35980746089049337 0.028552430288461536 0.38016057581227436 0.028552430288461536 0.38016057581227436 0.10700212660256411 0.35980746089049337 0.10700212660256411
4 0.9776951236342484 0.2988853841492343 0.8713428997051551 0.43161114368151093 0.6699937362752735 0.2702741316501067 0.7763450378485004 0.1375499961975173
4 0.4726479945848041 0.08176749839741852 0.45083944637508466 0.04874977704869374 0.5401083396459399 -0.0102132459799941 0.5619168878124583 0.02280445980070488
0 0.5122704705777323 0.4399038306411561 0.42086000444726324 0.4510153265148571 0.4036346133124198 0.30930833261777607 0.4950436390709001 0.2981969239522275
0 0.5518477641783193 0.047123999455316055 0.5832016953718266 0.09894117922147479 0.5235324872199953 0.13504612500983104 0.49217861380270733 0.08322899576308648
13 1.0000001536297987 0.37887434054487185 0.9599091300809732 0.37887434054487185 0.95990927722778 0.30014527483974357 0.9999999834287792 0.30014527483974357
13 1.0000004453585234 0.252801766025641 0.9251533327120569 0.252801766025641 0.9251536823463766 0.050484540865384606 1 0.05048454086538458
8 0.7949618340842335 0.13400536843866145 0.7500527049816128 0.08825608072321302 0.8815118546324356 -0.04078865428976836 0.9264208721672276 0.00496052850985665
8 0.7215746519301547 0.22037696895894734 0.8063771778030286 0.3052370519096485 0.6656866760090452 0.4458264752367747 0.5808850043558778 0.36096725009644254
7 0.6102135521242644 0.19276403984096618 0.6684931886736649 0.20692721402607941 0.6358917717340091 0.3410750517739947 0.5776121608090534 0.32691195816955354
13 0.42940716604005047 0.2062572878927278 0.37349950238694873 0.18719629418280825 0.44219289030411346 -0.014286356334728141 0.4981002494330369 0.004774582411533838
12 0.1400404077537587 0.5986734631834649 0.17512194079142773 0.5878074202619844 0.19721867677685623 0.6591394658234997 0.1621371779731362 0.6700054308799268
0 0.11612895418534208 0.5102657072043296 0.149323917623974 0.501566036914759 0.1637215414439197 0.5564978280846881 0.13052659288689483 0.5651974582432243
8 0 0.6400396987179487 0.015356480746089049 0.6400396987179487 0.015356480746089049 0.7050522203525641 0 0.7050522203525641
8 0.028943411279669817 0.8474973731622493 0.08548225021968392 0.8360098524526172 0.10713027298470479 0.9425312094786471 0.05059148584155082 0.9540185598144677
8 0.6022411104578396 0.7258150519257051 0.646471306736089 0.6508121207590071 0.7486872641679838 0.7110813189189705 0.7044582015964806 0.7860832650426931
8 0.4178337028678243 0.6306895995929569 0.5205265673233725 0.6394823375415634 0.5097283809784585 0.7655793136450062 0.4070355314200924 0.7567866941743226
4 0.5349774451851772 0.636003450032434 0.5018039797720348 0.5742538087727533 0.631478130917003 0.5045964177390584 0.6646516608378761 0.5663452599305885
0 0.43155316593356474 0.550478789704156 0.42556753603616926 0.5377795903050961 0.48340835860403786 0.51051921634611 0.4893940036181448 0.5232183498940441
0 0.7289762344450992 0.6073586191925434 0.7095890689599855 0.5802003724292701 0.7486519785973087 0.5523178382424688 0.7680391082285496 0.5794759703112261
0 0.9157014387428717 0.6481400150565292 0.8607905514022605 0.6337363182017199 0.8772709572883741 0.5709170031254759 0.9321812128010833 0.5853206125744917
0 1.0000005075615945 0.8460876145833333 0.955564426137471 0.8460876145833333 0.9555649406373732 0.7511017427884615 0.9999999973272224 0.7511017427884615
0 0.3648999541469493 0.8072361778232219 0.41009551620982165 0.791585982602184 0.43339702666094126 0.8588637166734284 0.3882015335648248 0.8745137707861788
0 0.463111994697897 0.9547726965816051 0.4073085108619807 0.9411719051239635 0.4232919055749562 0.8756117572337735 0.4790943814412003 0.8892124200969198
0 0.5002354669073839 0.999999999999954 0.50023569618088 0.977424825802871 0.5461120546427765 0.9774252244742844 0.5461119813469395 1.0000002425162868
12 0.6689126684716484 0.4399038102305247 0.6689126850167213 0.4475426015792555 0.6474342527519639 0.4475426264238126 0.6474342472923809 0.43990384615389677
12 0.4901678679410679 0.5988168022297671 0.47095189915387436 0.643220922959769 0.41841788601175267 0.6204890628248956 0.43763392910807397 0.5760851764028144
12 0.5224104585465739 0.8081779015766166 0.4906436274882253 0.7825716465783519 0.5250075931527363 0.7399481765017984 0.556774161480007 0.7655542650922362
12 0.5507275699097818 0.8600107707358636 0.5457505233664506 0.9097881542527836 0.4946021968809191 0.9046749250833721 0.4995795481560208 0.8548978860691863
12 0.653194896287232 0.9034740721537262 0.6765247208298888 0.9687454153018136 0.5539005843176028 1.0125606392145965 0.5305722205507664 0.9472905344128558
13 0.8663875336822002 0.548190204365961 0.8457077160423978 0.5043154035980879 0.9104194685415905 0.4738167995643649 0.9310993421114517 0.5176913539010133
13 0.652378567674532 0.6581856318246615 0.6140007120237669 0.617123786941884 0.6685393050091761 0.5661561787839224 0.7069169174302488 0.6072177355418065
13 0.5041085943804546 0.5162832313459815 0.49812299514712777 0.5035839258806837 0.5599450999352484 0.4744472186209199 0.5659307146348738 0.4871464590045778
13 0.4922144777239055 0.8273481014386076 0.4373188715786682 0.8548068327052015 0.4059988609526499 0.7922034786804579 0.46089368010859744 0.7647449825020165
12 0.8026107177844324 0.7826056636301705 0.7842522181698541 0.7458367857632844 0.8380239691013003 0.7189934548898975 0.8563825124234654 0.7557620799356423