12 0.0361131622588573 0.17738444264527148 0.048478433559012046 0.1864544871221009 0.023116441535989907 0.22103028267889746 0.010751180228226076 0.21196025005419564
0 0.22585457068282722 -3.4395172295842743e-10 0.22585457196964853 0.04348688412030934 0.20796447351108327 0.04348688311077996 0.2079644744591178 9.093410209790562e-11
10 0.18344597563657317 0.34875815959629436 0.19710482392281392 0.35044068237242326 0.1922188364143267 0.3901038937039394 0.17855998883032953 0.3884213747069197
10 0.20549305821657526 0.22095007325066807 0.21542676331887378 0.2221737569426237 0.21232246067745564 0.24737366992301246 0.202388755779225 0.24614998734061116
10 0.28721753922536664 0.11010661901156099 0.3114139692573872 0.11308728624155581 0.3032786520532227 0.1791276932049631 0.2790822227610761 0.17614703036072263
12 0.2833269980854993 -0.0001044001109504824 0.3021423352435022 0.00001841662467518039 0.30189162640806444 0.03842662556658659 0.28307628925097106 0.03830380884516494
11 0.28145771657273144 0.07613820340320322 0.2912576068231374 0.07617278045273145 0.29115999520297464 0.10383798037415239 0.2813601049526824 0.1038034033376635
9 0.3401354853558587 0.06067879964762974 0.3137480609124168 0.05827626829639163 0.319240186592765 -0.0020445889721668383 0.3456275958077413 0.0003579416484728615
9 0.22512003524445845 0.22534918503533963 0.24995429764635446 0.2284083869791647 0.24169072719155338 0.2954898208125791 0.21685646622688637 0.2924306270675618
9 0.13525688506490496 0.0295672296581244 0.14721501296321549 0.03038874038126099 0.14185744779331344 0.10837478885679673 0.1298993199600318 0.10755327879244021
11 0.19199382549550137 0.12587608905880304 0.2037913698321745 0.12732938479953163 0.20009389073322836 0.15734455385289134 0.18829634655958216 0.15589125906195023
4 0.25919397146253687 0.002040485334258444 0.287694809431855 0.007766105904268306 0.2668631986158516 0.11146103768145292 0.23836236186070892 0.10573542250509248
4 0.3579901611846026 0.24485490696352688 0.34442573356921 0.24722175138959654 0.3383718541623466 0.21252733635674564 0.35193624974215254 0.21016049476189982
8 0.2999383566589131 0.2560877326156001 0.2882691734668015 0.25812387320619556 0.28335474673667704 0.22995959429406476 0.2950239057552153 0.22792345586244178
0 0.2536593905732616 0.14558815000030317 0.27014623483137257 0.14485971504066672 0.27311444942370144 0.21203944019282353 0.2566276052618832 0.21276787382730988
12 0.3232596801520913 0.1753554308627186 0.3066276216990218 0.17387174181153547 0.3110065898032417 0.12478438134343836 0.32763861157218344 0.12626806876486377
12 0.35181441073791575 0.14853355430059656 0.36795667956789657 0.1505220568507462 0.3633002243657302 0.18832192518142327 0.34715795589318077 0.18633342456693272
9 0.7489619363338988 0.44982595053943086 0.7489628384757907 0.5330840836630707 0.6443484763760807 0.5330844744425742 0.6443482242829077 0.44982699021456646
9 0.541485546904596 0.6852066247020852 0.4795522438116677 0.6071248831192805 0.6303074326143587 0.4875611058443845 0.6922400731474454 0.5656415151562509
0 0.7854060406955341 0.5250647406185882 0.8280892725313151 0.5454636155088112 0.7780797570836739 0.6500942638257733 0.735396658169293 0.6296955989021679
0 0.8383881981244485 0.6454838941448634 0.86447631031524 0.6587096592831425 0.8250326804551378 0.7365017998523589 0.7989446490119008 0.7232761564630107
0 0.7903990483056305 0.7607789138462704 0.7945403785366807 0.7786443433920178 0.7623009489846027 0.7861161998723784 0.7581596991105926 0.7682508399675786
4 0.9096237894599426 0.5256913291114527 0.8731236998679606 0.4903062890110741 0.9106271065759302 0.4516240412765098 0.9471270422992575 0.4870089387473891