8 0.6999392450890127 0.03368219337082593 0.6999392479508515 -2.9144993069364595e-9 0.7495125840164292 -1.7471308675031525e-14 0.7495125854823073 0.033682192174777796
12 0.11961535907425969 0.029568711157384384 0.17407774029084067 0.035203320269227095 0.16266209701882417 0.14554315963410755 0.10819971739283574 0.13990855907660799
0 0.587426091045927 0.2011662419455746 0.6307534844119118 0.20879616630687695 0.6166019430211236 0.28915594170945136 0.5732745553176528 0.2815260402189791
4 0.8632108211578498 0.08772264603235432 0.8964404943546924 0.09203719675955303 0.8879534289524145 0.15740234433948944 0.8547237566613148 0.1530877988921849
11 0.35625 0 0.39375 0 0.39375 0.0618735283018868 0.35625 0.0618735283018868
8 0.15429658332209328 0.9422167623296738 0.18852115693391625 0.96789025290637 0.14786231776656678 1.0220751912643848 0.11363796777209245 0.996401960085793
10 0.39453125 0.7487880047169811 0.4296875 0.7487880047169811 0.4296875 0.8163325471698113 0.39453125 0.8163325471698113
10 0.500667390763283 0.5765149943271375 0.5269565187415992 0.5879344468388977 0.5109635106898622 0.6247484690287972 0.4846744074491198 0.6133290584942528
10 0.7460941774083949 0.6994398584905659 0.6835933987625822 0.6994398584905659 0.6835941012334388 0.5825471698113207 0.7460934365707317 0.5825471698113207
12 0.7407342213429047 0.14039521510845804 0.7046220386437199 0.1438809099150651 0.6957712818375512 0.05218589185857433 0.7318833705569432 0.04870020152310156
12 0.6953125 0.2048938679245283 0.73828125 0.2048938679245283 0.73828125 0.2858195754716981 0.6953125 0.2858195754716981
12 0.7316277904623121 0.3977036705867158 0.7780392368593994 0.39306544475425037 0.7851574021724446 0.4642880443288165 0.7387459589351693 0.4689262483612163
11 0.7127657295520748 0.506692265017263 0.7370124604215107 0.5119585269303177 0.7272310817722882 0.556989766321173 0.7029843571370975 0.5517235240643362
9 0.8058105182916506 0.49084534232342025 0.8721766420773065 0.49572518080304373 0.8641729849765625 0.6045659863660079 0.7978068660594317 0.5996861920845883
9 0.5820317233626611 0.7533903301886793 0.5156247007844286 0.7533903301886793 0.5156254080162626 0.636497641509434 0.582030776643137 0.636497641509434
9 0.4411399091311523 0.02861467097713216 0.4721902998857104 0.038249712215447575 0.4183001546854257 0.2119182632672655 0.3872497767807772 0.20228325370696396
11 0.5234374859124955 0.3847287546770937 0.5234375417398951 0.4368624870211 0.4926005214944098 0.43686244635897653 0.492600566378087 0.3847288152916112
11 0.9289495777679804 0.7656872389137567 0.9087664938203943 0.7675256743421919 0.9042671837327134 0.7181376819273296 0.9244500426081004 0.716299256821348
4 0.6869491903092921 0.514851870778704 0.6104752322100921 0.4958149468447529 0.6566312682049329 0.3104151772629698 0.7331033749247808 0.3294518521795851
4 0.7830433320109478 0.8798193003962947 0.8108715483688229 0.8779185329188545 0.8157864059791109 0.9498566671633828 0.7879581916055258 0.951757415576591
8 0.6624538748815212 0.8343160659977714 0.6624540136632504 0.7893572174712019 0.6875000000748059 0.7893573193101981 0.6875000004463345 0.8343160289256385
8 0.8258880070712848 0.2948113327028836 0.8258880475556225 0.24563043890455616 0.851562496327233 0.24563047089476325 0.8515625076394144 0.29481131307302255
8 0.90234375 0.34354263207547175 0.92578125 0.34354263207547175 0.92578125 0.39372051886792453 0.90234375 0.39372051886792453
13 0.8684731091035474 0.8022898035148868 0.8883693684224454 0.8027641365614596 0.8868948220467701 0.8646022493436311 0.8669985628575887 0.8641279200215459
0 0.6286458680528995 0.5641973558443186 0.6667916964613596 0.5679481982625495 0.6545536725272996 0.6923938295173171 0.6164078504266399 0.6886430318831218
12 0.7453722783648118 0.6706019400735926 0.7876202995048516 0.6732234917279936 0.7824846152674354 0.7559759578016843 0.7402365963425837 0.7533544297024044
12 0.8218457552945893 0.8702830930601231 0.8218460359852315 0.8073406553072489 0.8593749962672064 0.8073408539179004 0.8593750166571681 0.8702829920729934