8 0.04659622555732312 0.39423562649789895 0.06896427146193673 0.39285070612016054 0.0724383601025238 0.44895823400216583 0.050070314694266926 0.4503431493376527
12 0.10626687310821126 0.2013277924129895 0.08547909302365042 0.20265810510693258 0.0823143404224993 0.15320496584785834 0.10310206629117147 0.15187465486740148
12 0.28078621779343393 0.1475914936380436 0.2247251788525091 0.13119516294436365 0.2610928462447646 0.00685032588500615 0.3171537322102722 0.023246633363288072
4 0.09670001361951108 0.4057160360362413 0.10792697779970695 0.4062985497640471 0.10624853062176953 0.4386460487044381 0.09502156652956728 0.43806353618908617
4 0.20220788420033387 0.4492055224669329 0.19420593222321259 0.45025029533209043 0.18999473641508757 0.41799833784413076 0.19799665411528622 0.4169535672594148
4 0.33339887506849664 0.18939874204838458 0.3164675239455619 0.19235695128856314 0.30955715089123714 0.15280561258207373 0.3264884680062323 0.1498474063465995
11 0.023043261691327643 0.4206724113989674 0.014129308468909585 0.4201475957498206 0.015869919091755946 0.3905852265714161 0.024783839608062408 0.39111004125189447
11 0 0.2301464639016897 0.006686837946943483 0.2301464639016897 0.006686837946943483 0.28654767895545313 0 0.28654767895545313
4 0.14678652736154163 0.08048163701870983 0.1388631038296353 0.08085859666011957 0.13714903498078002 0.04483006864093652 0.14507245269578561 0.044453109143973255
12 0.13977219997377688 0.07504121035286507 0.1337770236769984 0.07539070781149435 0.13186798737331173 0.04264367802902185 0.13786316035509572 0.042294180663398996
4 0.04019372976301838 0.2616778800799321 0.02863164672749008 0.26365095795123916 0.023677987163068792 0.2346233792228294 0.03524004509824863 0.23265030353547453
4 0.059837183929971616 0.2733887298872976 0.04929473126207995 0.2733177718339465 0.04951920121857256 0.23997062796749632 0.060061625867092516 0.24004158592535657
4 0.13485514146043442 0.2363764479357754 0.12441886790270473 0.23604943135950418 0.12535089676032385 0.20630582263462913 0.13578714973505157 0.2066328388917444
4 0.2582692051578306 0.21538181472660428 0.24574161602640743 0.21713204632234784 0.2411762871713563 0.18445523367180477 0.2537038509777858 0.18270500389466382
8 0.2715295025770956 0.26392113924953525 0.261591776353157 0.2663999363157261 0.25537963388524076 0.24149534125219113 0.26531734133561713 0.23901654663952135
13 0.03693997093591861 0.40647058705599975 0.024723668162209833 0.40684881092743747 0.023285925089453485 0.36041193045456626 0.03550216156679653 0.36003370761065456
7 0.12485486971525006 0.19695065932137193 0.11177078753325986 0.19721851125485612 0.11100997269204527 0.16005372641909696 0.124094028808031 0.1597858747499498
11 0.09020951068669092 0.450227779146255 0.0827583890711594 0.44930875509525775 0.08517734198267135 0.4296980058479704 0.09262844399825099 0.4306170286726523
12 0.09106340397499935 0.33753815563976614 0.10562414724392966 0.3349942097305806 0.11110214244263261 0.3663473723457874 0.09654140029124392 0.3688913139151468
0 0.18338321649093814 0.20454786810639947 0.16670594749461998 0.2006954254417267 0.17619326664350865 0.15962524006610093 0.1928704976478457 0.1634776781276825
7 0.20446909101553956 0.37470354836887165 0.21538965071545135 0.37279560223239844 0.22043351768741104 0.4016640174286685 0.20951295883469356 0.40357196026578684
7 0.18724086779741356 0.1830054632120621 0.20102567143294436 0.1786698943847312 0.20996546758647128 0.2070933798521777 0.19618066568875747 0.21142894484502345
12 0.22730339471104344 0.32009531191553 0.2434474704530203 0.32208657680226216 0.23883419830542607 0.35948714903826373 0.22269012329923044 0.35749588804599003
7 0.24726394900085324 0.3512576688560413 0.2581845090101069 0.34934971350509847 0.26292463492279694 0.3764796951064131 0.2520040756664912 0.3783876475520774
7 0.2499196286808001 0.15175274695129312 0.2699406322728919 0.14825472010636725 0.27641615678066955 0.18531717092905167 0.256395154093525 0.18881519438739872
11 0.5548130219672203 0.2584736293287801 0.4842302324100274 0.2941376673825916 0.40747826810479637 0.14223896160994487 0.4780604807478994 0.10657509329627346
11 0.5621311076873781 0.05415851481069352 0.5872979964323122 0.07515122619208588 0.5632421679657682 0.10399023665107161 0.5380752879100328 0.0829975347593474
11 0.623800886144295 0.11190419725051981 0.595857135776555 0.10386892713860003 0.6066432047146009 0.0663590373256679 0.6345869277619158 0.07439430332391395
11 0.9234056602452938 0.14843226201745668 0.9445092324663165 0.17431845019239628 0.9110515227845326 0.2015943759413723 0.8899479828288577 0.1757082177760081
11 0.7468599784936032 0.4410159746000769 0.7176856511946426 0.4473032365164797 0.7108370032295852 0.41552548321100985 0.7400112111237149 0.40923823460588
4 0.36966551326412916 0.2760722242703533 0.43261069261822377 0.2760722242703533 0.43261069261822377 0.42146730030721963 0.36966551326412916 0.42146730030721963
4 0.4481311230266556 0.2104735245859361 0.4006070076792412 0.22257112197549808 0.3763575840333715 0.1273103314996617 0.4238814645597131 0.11521276590030231
11 0.8013054739504923 -6.870495294778118e-8 0.8013055410739298 0.12309227531587355 0.6897225743841773 0.1230922119435614 0.6897226389683055 4.040693179994544e-9
0 0 0.602806044546851 0.022303682237600923 0.602806044546851 0.022303682237600923 0.6780886866359447 0 0.6780886866359447
9 0.17308116481694924 0.6676116992663436 0.1237680185499812 0.665556949001333 0.12835315639574674 0.5555394592743033 0.17766529569553313 0.5575941885809932
0 0.25489882973613476 0.717940994449432 0.19708146152549944 0.7113623798528338 0.2090538072121717 0.6061608402860478 0.2668699624434794 0.61273938557484
9 0.11650080084359615 0.8232809686060711 0.16379138948343552 0.8172379250164251 0.17740353432100164 0.9237375472102206 0.13011296191086785 0.9297805045471484
0 0.033404129712266695 0.5833408458197029 0.044531900994570606 0.5935499539998687 0.026604571483517248 0.613088309148886 0.015476823929816419 0.6028792256484762
8 0.12615503319523214 0.5357050100928811 0.13471438508292977 0.5338369417222683 0.13833930466364563 0.5504445777791869 0.1297799536113189 0.5523126435225896
0 0.016199627194509958 0.781038956989021 0.0247263741076722 0.7811333476260811 0.024520402792632012 0.7997361789989448 0.01599365588310775 0.7996417885732555
9 0.08593167835522308 0.7112315538185239 0.12883882772587185 0.707163506004226 0.13829636226398634 0.806898623556885 0.09538921954333546 0.8109666243087563
14 0.4003148693152525 0.864275334174644 0.40328983318988776 0.7716555713387359 0.5791454544782937 0.7773017020430735 0.5761725912279871 0.8699194493157874
4 0.6265602466578457 0.7901612649261398 0.6318392353647369 0.7714815983195796 0.6738648975190245 0.7833560294827125 0.6685860229932814 0.8020355983672108
4 0.566968966678246 0.7503092732882076 0.5645507909547405 0.7661368575990076 0.5298004324782823 0.7608284513691846 0.5322186602493275 0.7450009312358798
4 0.3817259641404007 0.7626781739243932 0.3876433579099512 0.7482920545804511 0.4101290140878291 0.7575393786586464 0.404211668099947 0.7719254574941965
4 0.36966551326412916 0.600185816436252 0.3855743523644752 0.600185816436252 0.3855743523644752 0.6368937319508449 0.36966551326412916 0.6368937319508449
4 0.4609923701615344 0.5489373117125931 0.4521653850835037 0.5074466920573912 0.5161610314585232 0.49383287996812497 0.5249881718740426 0.5353232855291236
6 0.5330836688705176 0.545052191633317 0.5337490002357299 0.5319139020946831 0.5736880687386474 0.5339362211293416 0.5730227825736165 0.547074467474965
0 1.0026417357498758 0.81368988858158 1 0.8429732841782016 0.9357707439870637 0.8371797633799023 0.9384126929952572 0.8078966035604861
9 0.9129802201287021 0.685383682788877 0.9107030951751085 0.7058002407451548 0.8771203437656823 0.7020550992957171 0.8793975321283369 0.6816386140943302
9 0.9309409387560663 0.5943416114211514 0.9159352170664761 0.6063792512161145 0.8884961647030423 0.5721781413077619 0.9035018122469864 0.5601405480915421
0 0.7664519714522839 0.5108767012140317 0.8124248327060286 0.5245530520909848 0.7962609424434959 0.5788828572672498 0.7502881081884425 0.5652065706771956
0 0.7418631165713805 0.5242347586226447 0.7191317901412049 0.5618772317053137 0.67701552158087 0.5364463535221072 0.6997468391243729 0.49880403004786705