12 0.321716244133313 0.22476134747940382 0.34360451931206626 0.226778396361307 0.33752659974425114 0.2927324871924643 0.31563832523875135 0.290715443549322
0 0.14044834695948794 0.41117548204205934 0.12236923940270117 0.4111681041089763 0.12238806134803326 0.36519206021896694 0.14046706834710676 0.365199438131223
11 0.2439532099454027 0.3700184790763021 0.25086836868842965 0.3760774957454293 0.23048474946460829 0.39934027135977573 0.2235696010478705 0.39328126567164906
10 0.1738527825618803 0.05861809337585915 0.1597566568110551 0.05649982696100895 0.1657546567295185 0.016585835209820578 0.17985077581613496 0.01870410110352366
10 0.14185357905137153 0.1581964894159501 0.1521053073300891 0.15973703520442503 0.14833480410936772 0.18482803815821258 0.13808307605643222 0.18328749338890685
10 0.06313091826075379 0.2809338121745995 0.03815976820442302 0.2771813893407985 0.048107134743645474 0.21098666841657177 0.07307816280672341 0.21473908198081396
12 0.0759441488222592 0.43983152827917005 0.07594417683617394 0.42440722536967873 0.09424063791493609 0.42440725745352487 0.09424062847961068 0.4398315417712815
12 0.06399227541146502 0.3973806963454992 0.044897229628077184 0.39678391154212334 0.04621683911841501 0.3545641684657685 0.06531179337832782 0.3551609518461154
11 0.05872751807453369 0.2893130555520354 0.06866869217844851 0.2895940503702289 0.06788234200712395 0.31741317229131255 0.05794116791855686 0.31713217783497283
9 0.033005033122094574 0.3847618344336454 0.007467632688872072 0.3867482827241264 0.002587996356169242 0.32401789052727076 0.028125227304713007 0.322031448775455
9 0.1286840697974867 0.17607254455496466 0.10305471915444286 0.1722211712633045 0.11316550142407777 0.10493868844298665 0.13879477903469706 0.10879005616697594
9 0.2122487524557073 0.4222028986271954 0.19989621807826552 0.4211500245089113 0.20894611403809904 0.3149807374810839 0.22129849752661812 0.31603360502261874
11 0.16131290020257438 0.2845381848495413 0.14904837846870578 0.28369637381832674 0.1510824578779193 0.2540623573022277 0.1633469500228557 0.2549041673186449
4 0.08846373724168188 0.39830482561885816 0.05876073122760772 0.39139360891778396 0.08302199884428774 0.28712828493340514 0.11272469831226317 0.29403946538840686
8 0.053936544370913 0.1323254940081397 0.06549669325215746 0.13067201342064982 0.06957703923046665 0.1591991810476645 0.058016890575459 0.16085266057744121
0 0.09826523044227997 0.25160780849850717 0.08169988904228376 0.2525623601759113 0.07772514172836509 0.1835846958277063 0.0942904062371781 0.18263014639410274
12 0.0280598899415736 0.209591377279422 0.04514335656517687 0.2115565580153386 0.03942035261752608 0.26130626188852846 0.022336886580660575 0.2593410846924052
14 0.8246645913599195 0.3769635509650664 0.8182032975465745 0.3595264860916085 0.8501851070566318 0.3476761097642402 0.8566464152071376 0.36511314176145604
0 0.9455439197001851 0.3586612045728132 0.9352760629552677 0.33095118760156905 0.9761242676212305 0.3158155289810933 0.9863921516987375 0.3435254841667574
0 0.9810205189468206 0.29831746362162115 0.985751382190756 0.29021516587692914 0.9985291538735055 0.2976757994292212 0.9937982969091763 0.30577809172614573
0 0.9386972943482306 0.27147239059248746 0.9387535800944988 0.2567373995382926 0.9612874375807223 0.25682347103057235 0.9612311652433618 0.27155844871126805
0 0.936319202678078 0.2706993802737093 0.9205429332072299 0.2611594508707545 0.9309491408465647 0.24395098164005669 0.9467253911296893 0.25349090351613646
0 0.8599672591426497 0.30333794439242306 0.8621702789694154 0.30927566489515884 0.8560739673724811 0.31153745816446804 0.8538709496788215 0.30559973947046654
0 0.8695947817634533 0.34935564596404617 0.8793472168066501 0.3416505470294473 0.8859917665179182 0.35006032480228255 0.8762393354189726 0.3577654193314405
0 0.6977914650185539 0.40892477430707047 0.691907224402712 0.39304518752632295 0.7121351814837453 0.3855500014863255 0.7180194311653167 0.401429567494262
11 0.9066551561802498 0.3508210970319359 0.9045908938300045 0.34186245252337655 0.921128589421869 0.3380519501098191 0.9231928572945662 0.3470105866353042
11 0.8915887775959845 0.3491835019380259 0.8879516882769849 0.33774738009794103 0.909095378759389 0.33102317636817674 0.9127324751536889 0.3424592850098914
11 0.8899091726206052 0.33372327877030006 0.8867249104439452 0.3405502772256051 0.8779117270847792 0.3364397522147348 0.8810959900831676 0.3296127571474847
11 0.6993768816743113 0.4398315279380889 0.6993768889360581 0.4338578826189693 0.7123300893080113 0.43385789568535693 0.7123300871959373 0.43983153585194656
10 0.783687107472133 0.38612724846230084 0.7748607984431146 0.362307832595948 0.8028997587190361 0.3519184000971227 0.8117260851507808 0.37573777564714655
10 0.7524711688581647 0.33445245500614945 0.7613820275080343 0.35824588549874536 0.7345213073327841 0.3683050487868866 0.7256104917469202 0.3445116547915926
10 0.5811899732865413 0.4398315282398889 0.581189987979883 0.4330437584412422 0.6023892981357903 0.4330437933629783 0.6023892930114698 0.43983155360134385
4 0.860679210825765 0.3077532634930524 0.8638375646886516 0.28592140556160317 0.8984316594975326 0.29092589219311726 0.8952733444082241 0.3127577153267
4 0.779537922815507 0.38501561436369164 0.7978036273780162 0.3838713819277495 0.7999561265434068 0.4182306937268821 0.7816904222047469 0.41937492376449836
4 0.7279810978010346 0.4214221033304944 0.7124085938137341 0.4224799402319817 0.710324960830917 0.3918077473307793 0.7258974056717307 0.3907499124463376
4 0.7244570377306445 0.42419347560890514 0.7222164266256641 0.41661993448405277 0.7302101713232787 0.41425513409797715 0.7324507847638415 0.4218286711872481
4 0.45545670365538626 0.4221555391315241 0.455022846737279 0.43095697838190844 0.44453267182302625 0.4304398993161348 0.4449665344263849 0.4216384660675109
4 0.4727233372715318 0.3804021326646653 0.4771883450438281 0.3872063311940009 0.4686323721895178 0.392820616854308 0.46416736906030565 0.3860164224253032
8 0.03212554850915694 0.8844101254573601 0.02550358004066311 0.8552512337684901 0.07651834675414193 0.84366836433336 0.08314045510746837 0.8728270552220737
8 0.34900743759646957 0.5281261946159859 0.3449584635430938 0.5553658182547841 0.2875300751923078 0.5468300545262247 0.2915791551666871 0.5195905599576934
4 1.000000514069825 0.8559479801444044 0.9698101754078152 0.8559479801444044 0.9698107512958813 0.7029452761732855 0.9999999924744998 0.7029452761732855
8 0.5324055555038285 0.9847950165067898 0.5178049456035296 0.9641263067367224 0.5525731691657256 0.9395726326990659 0.5671737404475152 0.9602412130564196
8 0.5265668787802724 0.9998900716973348 0.5119770742758192 1.0000927590226085 0.5115138948054891 0.9667571690162696 0.526103553055691 0.9665544827096731
8 0.5755487325395734 0.8519933278981139 0.5525259431634595 0.8530808825769421 0.5507846652659509 0.8162248875338025 0.5738072390773823 0.8151373379561418
9 0.7567705145983155 0.7241000855907502 0.7465203577925195 0.7733751639189351 0.6618079697177564 0.7557557904784867 0.6720584758671748 0.7064811969466479
9 0.6415744522047362 0.6534440012466808 0.6832689821164877 0.6115440915810011 0.7367787062311209 0.6647848170528222 0.6950844953393016 0.7066844088736445
10 0.5690730470079188 0.5887269456391934 0.6109266060822165 0.5735096299942076 0.6375320863787692 0.6466769001974163 0.5956785839068743 0.6618941041204807
4 0.49905092359540504 0.6798484080553606 0.48409157694004534 0.6844313604248348 0.4736828601315892 0.6504604104028023 0.48864210564192945 0.645877474689543
4 0.5025272057396251 0.6911940099793428 0.5174865258043155 0.6866111667810079 0.5293887718928545 0.7254566393364574 0.5144294605892128 0.730039462431666
4 0.4265379769062747 0.7992073156166113 0.4535502238487652 0.8146612431850941 0.43355495157550195 0.8496041246474735 0.40654276158397806 0.8341502752909936
4 0.49919095684617787 0.8855369566142545 0.5058322100196619 0.9003754412613085 0.48551169615586787 0.9094679928839526 0.4788704961293888 0.8946295533575344
4 0.42628356979503224 0.9211587551743688 0.44318059233035 0.9265966136801042 0.4354982238695584 0.9504616395117896 0.418601210192719 0.9450238004262196
4 0.560200636211448 0.9034038400888558 0.5749855231147194 0.9081620076212646 0.568278587286386 0.9289969188567001 0.5534937070214028 0.9242387658550962
4 0.5368975229005173 0.9384954362004528 0.5297328851228258 0.9250506630585534 0.5479224395252231 0.9153600960510152 0.5550870811891855 0.928804830096979
4 0.5751478370739278 0.9483254044784788 0.566192016555874 0.9315194420660331 0.5878494854653127 0.9199813487267692 0.5968053117991303 0.9367872524497735