8 0.14679530719092782 0.6383877059911479 0.09659915638326311 0.6381331919278574 0.09711631487641625 0.5362279506046022 0.1473115307376247 0.5364824622641505
8 0.6552710506208541 0.05955145294722102 0.6902530118245522 0.056813774039332306 0.6961348605001376 0.13197165304466202 0.6611528996817242 0.1347093289922934
12 0.26313048461986455 0.1882117513761195 0.3051120137915859 0.18048857966998172 0.3236842277200367 0.28144172116775223 0.28170270652105955 0.2891648646662969
12 0.6278628046375161 0.36699928441146107 0.772580811849366 0.3586913323286801 0.7862503117602273 0.5967886513677169 0.641532321086288 0.6050964585863423
4 0.19774558496203554 0.6391077522883538 0.22311820003005778 0.638015707804041 0.2253957284858643 0.6909249199931722 0.20002311381028903 0.6920169586115482
13 0.5336237652683167 -3.7332157086969664e-8 0.5336238013289858 0.11400218326294156 0.45760314541792013 0.11400214498902016 0.45760318439886305 3.3895732807042646e-10
4 0.41349013846911475 0.954641980363922 0.3957127032032304 0.9538340945802256 0.3988845813256603 0.8840598384934845 0.4166616674605166 0.8848677163028504
4 0.7442964524886975 0.704781545091186 0.7795006334006302 0.7031788202227971 0.7833952325016753 0.7887103642466414 0.7481910527001219 0.7903130734926349
8 0.2125 0.8668926886792453 0.24687499999999998 0.8668926886792453 0.24687499999999998 0.9295400943396226 0.2125 0.9295400943396226
11 0.05859381018581189 0.48036924999999997 0.03826361527512745 0.48036924999999997 0.03826368058469143 0.425902858490566 0.058593722050886754 0.425902858490566
11 0.07421884215148111 0.20489386792452832 0.035156219655050336 0.20489386792452827 0.03515632369476407 0.09699292452830187 0.07421873683551894 0.09699292452830187
4 0.41965330345249185 0.1869103839478468 0.4196533272506713 0.11497640106193814 0.43749999916519755 0.11497642218867803 0.4375000054243401 0.1869103739909025
12 0.41961292799692274 0.16600983122398774 0.405486761006955 0.16416207016386503 0.41470190444977106 0.0937126575631212 0.42882803398174474 0.09556041621768029
12 0.5390625 0.10598466981132075 0.57421875 0.10598466981132075 0.57421875 0.16892688679245282 0.5390625 0.16892688679245282
4 0.14436918438684643 0.2409148970803444 0.1194777137835672 0.24081531500944042 0.11969353285041961 0.18688133421773911 0.14458491756408876 0.18698091611894396
4 0.19387596491117165 0.31122889352585764 0.16721461334509513 0.3138153477169526 0.16199700789695726 0.2600327829022374 0.1886582336065885 0.2574463349056609
4 0.3359375 0.36674528301886794 0.359375 0.36674528301886794 0.359375 0.4220254056603774 0.3359375 0.4220254056603774
4 0.58984375 0.613095820754717 0.6171875 0.613095820754717 0.6171875 0.6724646226415094 0.58984375 0.6724646226415094
8 0.6000419313471639 0.7360663050513272 0.6200207918061551 0.7339062873618712 0.6261008184753791 0.7901331006464317 0.6061219603124073 0.7922931041498287
13 0.0933063440056685 0.4866829433962265 0.06508014984024157 0.4866829433962265 0.06508032615090542 0.399569896226415 0.09330618992817108 0.399569896226415
7 0.40640490367968596 -1.815906674102414e-11 0.4064049036924189 0.0060929150995537385 0.3944240327668922 0.006092915077340647 0.3944240327869011 5.674098680694405e-14
7 0.3516808848387427 0.33036811320754716 0.3232092101516173 0.33036811320754716 0.3232093053325116 0.26390652830188677 0.3516808125582429 0.26390652830188677
13 0.16800394271569985 0.8026827347714182 0.19784625511613285 0.809163516215461 0.18559962258279938 0.8655442518171249 0.15575732513900675 0.8590635178612185
11 0.1851251813889121 0.6996607253447913 0.1637044532416212 0.6993502165772636 0.16430125381191374 0.6581917755784646 0.18572179918032816 0.6585022830188679
9 0.09375 0.7565542264150944 0.13107885245901638 0.7565542264150944 0.13107885245901638 0.8612912735849056 0.09375 0.8612912735849056
11 0.08343997361077982 0.9691921422375809 0.08344008811479853 1.0000000182145208 0.056454389344253286 0.9999999999999447 0.05645439949978481 0.9691922486306628
12 0.2540962905086417 0.5824547324605844 0.22367844881955534 0.5837666910520319 0.22093961222742564 0.520268681641863 0.25135712992494064 0.518956730043263
0 0.48795184182529283 0.4206955905563066 0.48795205629926386 0.47464622072379714 0.4375000159905085 0.47464623962251773 0.43749998702799076 0.42069579477882224
7 0.4453125 0.8433077830188679 0.46875 0.8433077830188679 0.46875 0.90625 0.4453125 0.90625
7 0.4772191900689222 0.4731734324127703 0.5033310505793906 0.467502037497433 0.5179827315701004 0.534955309684098 0.491870880695501 0.5406266745148698
12 0.49609375 0.8073408018867925 0.53515625 0.8073408018867925 0.53515625 0.8792747641509434 0.49609375 0.8792747641509434
7 0.54296875 0.8972582547169812 0.56640625 0.8972582547169812 0.56640625 0.9602004716981132 0.54296875 0.9602004716981132
7 0.6719458399958285 0.6502270596205745 0.6423149245285913 0.6630418214605244 0.604011845366017 0.5744853752736022 0.6336422938621808 0.5616707292014641
0 0.9075415765274784 -0.0005920590474722284 0.9426844149828639 0.00009447849802029667 0.9400781278816339 0.13350629213588777 0.9049352894483036 0.13281975556562528
13 0.8342941168032212 0.9999999999999823 0.8342943138205783 0.9781837380940271 0.875743863951584 0.9781840822015021 0.8757438032780556 1.000000207329927
12 1.000000135683763 0.849204267205954 0.9885947344382657 0.8493439702680219 0.9875225666984306 0.761819696827548 0.9989277213114747 0.7616799952830194
11 0.6350200368852938 -1.2314705249795073e-9 0.6350200381612012 0.025058962670138945 0.5801049064735935 0.02505896133060397 0.5801049077869038 2.311337662315504e-14
8 0.8653059335189255 0.6072726664497382 0.9594525039227619 0.5861841181765433 0.9997333976896243 0.7659882234081382 0.9055869659181326 0.7870763649552175
11 0.9155485790276998 0.8945351392415186 0.8770999784577498 0.9000271041872953 0.865300814856937 0.8174389987707542 0.9037485927094622 0.8119470934504694