0 0.20662869392742778 0.3904982282534658 0.1874930763951852 0.3959184348959674 0.17059664393320872 0.3362691474917071 0.18973213723870685 0.33084895955113997
8 0.1594173668121357 0.07189349078915275 0.2033340051534651 0.07389880643769492 0.19659223889891564 0.22154344579336777 0.15267560085339937 0.21953813673081066
0 0.12662979573349276 0.10978409679672556 0.15369898391929837 0.10862092377684715 0.1558673473368799 0.15908250247718236 0.12879815921803583 0.16024567430367895
8 0.3166731095452633 0.24395659569216696 0.304452443460832 0.24538811756634518 0.29885500124578357 0.19760424477891123 0.31107562739146033 0.19617272529845176
11 0.16055687605205549 0.3016146539749661 0.1432047942199688 0.3012179598348806 0.14432654119252675 0.25215374015017716 0.16167855281639731 0.2525504334994931
12 0.249352824192556 0.10020598568783665 0.27865795273214644 0.1041207138480403 0.26894523457838204 0.17682842756900224 0.23964010717577366 0.17291370548709345
13 0.12254872356095348 0.08579981004179375 0.11003044192432299 0.07661328756027663 0.1408072616827667 0.03467442615581699 0.15332553364498835 0.04386094335173858
7 0.10200607337674228 0.37751772080872237 0.08997434916170732 0.3772516111671867 0.09075957677669066 0.34175163761164 0.10279125384965937 0.3420177467290123
12 0.15006415986283628 0.37469453216022797 0.14095949747763825 0.3749890372569659 0.13937158327314592 0.32589962832452246 0.14847619875911278 0.3256051239784899
13 0.030027038820549024 0.4497328947203594 0.01588115320066663 0.44968296350054915 0.01599524187474799 0.4173728649474202 0.03014106711691511 0.4174227960606528
11 0.11882886930868608 0.2712441658617679 0.12792979137350358 0.269655454630556 0.1337947418536487 0.3032519689650354 0.12469382041047083 0.3048406778270282
11 0.09548299271136784 0.17596609840794994 0.08359911734009984 0.17261452074744266 0.09276644329509054 0.14010971537740144 0.1046503004540682 0.14346129031534086
11 0.08869976639743982 0.13035660811779778 0.07784477634129416 0.12738237126507151 0.08581132443089245 0.09830723361597175 0.0966663035928832 0.10128146887825859
4 0.10883036696770887 0.2569468252703618 0.11761711810265751 0.2554129528726088 0.12268065942964768 0.2844186958999069 0.11389390877218375 0.2859525664304745
4 0.10060290714204712 0.22502863603969706 0.09186263360720659 0.22825208858305898 0.0835346655541116 0.20567141557749008 0.09227492651484681 0.20244796560287565
12 0.08978778013295141 0.22604711568431723 0.09958534125132701 0.22313440375155263 0.10610809329682525 0.24507478476754757 0.09631053320049432 0.2479874943025027
12 0.10266936372659075 0.37547475796321994 0.11850233826908152 0.3755306446538877 0.118316461938889 0.4281878129359539 0.10248348739628454 0.4281319264255043
4 0.23973759635225633 0.3239542389882535 0.2509145508073516 0.3253316657780775 0.24630215451031745 0.3627570571849646 0.23512520055987807 0.3613796331108393
4 0.3504404191797903 0.0400593781334075 0.35798970188238854 0.03874149824637922 0.36390183639753104 0.07260826972883201 0.35635255379133923 0.07392614922494502
8 0.17653107367050325 0.4083834318948433 0.1710705076989143 0.40933663933215797 0.16694138614411713 0.38568356565308215 0.17240193657983127 0.38473035960482954
8 0.17429819179642436 0.4019901494739478 0.17960427328762307 0.4005360612782996 0.18675447657494715 0.42662637041066037 0.18144839606600272 0.4280804561232527
8 0.10236331613305083 0.2188714412984426 0.09475144161433491 0.21997887216638712 0.09115783695983737 0.19527869110538948 0.09876969953018033 0.19417126112762273
8 0.07571797552191128 0.15367444114372697 0.07047889897398818 0.15596990315533024 0.06216500667096625 0.13699470735451053 0.06740407900804257 0.13469924640656292
13 0.16993297868145874 0.38020406322771877 0.1530336397136125 0.3870050436728948 0.13395960190155165 0.33961096481620173 0.15085885467124172 0.33281000410676953
7 0.0739510514107451 0.18607864529304982 0.08487215135028237 0.18417216772548156 0.09035024167678785 0.21555258934802768 0.07942914221189312 0.21745906506190668
7 0.12768706929648488 0.31124262812385267 0.13678799239085038 0.30965392743134046 0.14122208953881454 0.3350540057137595 0.13212116696706744 0.33664270439011573
12 0.36966554060199996 0.19082840246406574 0.35057040780782245 0.19082840246406574 0.35057044450331887 0.11721222997946613 0.36966551182422336 0.11721222997946613
11 0.2777355925733218 0.314393943896878 0.2939624597063357 0.3263016183219171 0.2632827877739601 0.3681080431211658 0.24705594820386523 0.35620040069906733
10 0.6036337965088023 0.3927375946136203 0.504460086065933 0.3752316479477026 0.5490131733191674 0.1228442861030409 0.6481849443903229 0.1403500581511773
8 0.6444765444393852 0.20407510775804275 0.7722534545788449 0.19649795506687087 0.7828975079538623 0.3759895135456339 0.655120602769216 0.3835666062953374
8 0.8293020449826827 -1.593593117440947e-8 0.8293020626226735 0.0672591198482878 0.7464113257539111 0.06725910768156558 0.7464113379469381 -5.53739539659488e-14
7 0.8466093823312804 0.4557027330663971 0.796866752070855 0.447841866854535 0.8091764402072386 0.3699531723038694 0.8589185871401241 0.37781399967380963
7 0.8551720876168929 0.27304781073010365 0.8031975508671394 0.2722474235894556 0.8053456926680838 0.1327722975678027 0.8573197923551561 0.13357268139848644
0 0.07137796582412648 0.5256515632602327 0.09352279425218057 0.5237494639738661 0.09784926199279198 0.5741149885726149 0.0757044346122484 0.5760170797753424
0 0.3035021230896291 0.5354669766616277 0.3600696238555656 0.5327725397784137 0.3673379234502363 0.6853482020758113 0.3107704256345869 0.6880426005582317
8 0.28030561723687697 0.699394199697652 0.2619730269087768 0.7017164333873941 0.25191513955633127 0.6223252999677541 0.2702474386300082 0.62000308492296
0 0.23571180732153607 0.877781985391489 0.17064675575636556 0.8625703918240317 0.19795977653961927 0.7457720540426189 0.26302296337439657 0.7609834197546603
8 0.19010518324500936 0.9785762030561234 0.18030129876376577 0.9793134989821578 0.17884185678019549 0.9599123820217411 0.18864568520632474 0.9591750882117416
8 0.25090397943790776 0.5229547944729791 0.27265202713681447 0.5220173784122287 0.2764122917583336 0.6092471980602139 0.25466424449496117 0.6101846070060383
8 0.3012017755738725 0.652021722428467 0.2908264698153289 0.6496114230947494 0.2963214492077668 0.6259609534471108 0.30669670794725334 0.6283712471031171
8 0.1392968690873886 0.8385755195349173 0.1483869747286235 0.8381499050360369 0.14921610185081136 0.8558542224324773 0.1401259962781296 0.8562798359577867
8 0.10049476829999548 0.6233843268385741 0.1588550333758576 0.6275059733684947 0.14489114764285205 0.8251971513343765 0.08653089253516555 0.8210755951025216
8 0.17537053531884794 0.7547762251756331 0.16676093751129883 0.7534488523191883 0.17010668495731807 0.7317514886441555 0.17871624075814907 0.7330788582064489
8 0.1365967068891223 0.94108145948836 0.1451825067573509 0.9424050221081607 0.14188228710622752 0.9638072833105547 0.13329648818410078 0.962483724848355
14 0.384979477653701 0.5881009490605662 0.4477635518646821 0.5886321716400025 0.44695443198554585 0.6842489988969658 0.3841703578236775 0.6837177812330513
14 0.460784728809017 0.7175539955247651 0.5023301143473873 0.7689368180644353 0.43600213916852226 0.8225557706200971 0.3944573045009747 0.7711734595562134
14 0.4441526590966305 0.8768813523833913 0.49211652061046607 0.8837615717247563 0.4815198446732438 0.9576151973439979 0.4335559980349899 0.9507350496870345
14 0.5401084586007983 0.8826458536347264 0.5773148645808988 0.8704360367850859 0.6019775971919898 0.945571039576362 0.5647712539072245 0.9577807220175528
14 0.7684625571455399 0.6631448273154769 0.7444777869759491 0.6538995871322572 0.7569978408151883 0.6214234234090221 0.7809824640394254 0.6306686319563082
14 0.8468075940110111 0.6447561449665304 0.838175160736796 0.6662645621974851 0.8126614600989797 0.6560258701405671 0.8212939154561809 0.6345175114911805
14 0.8672443113546251 0.6854040601063941 0.8509677077174729 0.6922146683456483 0.8370141388055572 0.6588716777835814 0.8532906366418729 0.6520610946600864
14 0.8091506993424673 0.7445182870338272 0.8134671183844375 0.7337641440985873 0.8357828260279803 0.7427195445802308 0.8314664415140669 0.7534736582671291
14 0.8927678614581964 0.7545151401113316 0.8975569470669598 0.7629386354321048 0.8719401574605854 0.777500144021786 0.8671511054088796 0.7690766776898023
14 0.9248594962123207 0.784268888508187 0.9323375100185558 0.7862183341470133 0.9250790227683865 0.8140562919976952 0.9176010115340887 0.812106853182763
14 0.9100460320383945 0.8411660070772331 0.9204292963919443 0.8468972634841702 0.9067999228080907 0.8715839575024118 0.8964166733646834 0.8658527221683087
14 0.6648065555326639 0.9710236014998326 0.6837963356304044 0.9630789988718045 0.697819545786956 0.9965885517715767 0.6788297903623288 1.004533111150984
0 0.41841925714118133 0.8019175018197533 0.44411237205110865 0.8131354397639767 0.4311980126533399 0.8427078636129074 0.40550492459715315 0.8314899710436447
0 0.3890183974442607 0.744578908099124 0.36178994964416233 0.7364555120739631 0.37200585283949295 0.7022192138896274 0.39923409955633815 0.7103425778434841
0 0.5800778016555341 0.7685587661249194 0.5628663019548412 0.7757603079363312 0.5511172127976351 0.7476851132952722 0.568328606666455 0.7404835965658493
0 0.5153805768858319 0.6226990119452335 0.5338112833350124 0.613240081757964 0.5487964047480318 0.6424350662682996 0.5303657184543908 0.6518939665179387
0 0.6344570416563329 0.7170685433590335 0.6488435958816581 0.7113977613553005 0.6578071269937027 0.7341342872434953 0.6434205811003721 0.7398050539263655
0 0.6792763420710344 0.7822353651326501 0.6847880449656714 0.7980771872212056 0.6661495294345059 0.8045606268731593 0.6606378710500849 0.7887188425646162
0 0.6739857630519737 0.6926089212746492 0.6565886490741377 0.6932779479008244 0.6553840364989583 0.6619562120756427 0.6727810382416237 0.6612871876078902
0 0.6781036826939726 0.7438064304289467 0.667252582706169 0.7483467202403004 0.6584605883670065 0.7273376432894881 0.6693116394877734 0.7227973650996192
0 0.7323103987805553 0.8012945102892607 0.7398481917363142 0.7758081895336093 0.7674379798346536 0.783966550917055 0.75990029062757 0.8094527830218448
0 0.7751831464116776 0.8159564779642995 0.8136209130175303 0.796246826640547 0.8390188475794957 0.8457677275636613 0.8005811742025344 0.8654772399280627
0 0.7809886309499916 0.6885189543215338 0.79445834333535 0.6998282900675391 0.779094175552359 0.7181246257247793 0.765624489829861 0.7068153189286707
0 0.8715171956558834 0.8694364836570442 0.879973365782007 0.8483696647909931 0.9016560396079285 0.8570710846087249 0.8931999458167184 0.8781378388018455
0 0.8573458482052274 0.9232604553098653 0.8614966572268941 0.9305606709256224 0.8460114890426667 0.9393629887063902 0.8418607013762767 0.9320627915489579
11 0.5160801815056857 0.9999999992874381 0.5160801988225785 0.9920808607050741 0.5263177541128243 0.9920808803166171 0.5263177490960516 1.000000006605779
11 0.3845567802767391 0.8452314825462224 0.4056662144156462 0.8363994912831849 0.42300218799823597 0.8778251401338183 0.40189278334059964 0.8866570793502321
11 0.6490606789543563 0.9999999987795696 0.6490607466408846 0.9808835578727544 0.6673211623779025 0.9808836352377069 0.6673211473907941 1.0000000233057855
11 0.6652046881906699 0.9683963086660328 0.6758657067111926 0.9700340789052548 0.6719805560564964 0.9953169661479438 0.6613195389529665 0.9936792021745305
11 0.7300739876191074 0.9687675010350029 0.7459032631815035 0.974130099202226 0.7371414160674021 0.9999856336305228 0.7213121509415714 0.9946230574077551
11 0.6230605969997214 0.9045749025456699 0.6347243287489164 0.9041239761790012 0.6361211296763258 0.9402445831090002 0.6244573980624182 0.9406955071864249
11 0.635954862067365 0.8600838415385853 0.6165969717121698 0.8546411046515734 0.624715872186016 0.8257716200779562 0.6440736224139982 0.8312143361192667
11 0.6031818133551496 0.7257149985084995 0.6163997129029894 0.721059880665621 0.631635794136173 0.7643145419653887 0.6184179066231081 0.768969635577047
11 0.5681536271728191 0.6856945337288712 0.5831068005521729 0.6743445225063244 0.6016418590492094 0.6987601971622066 0.5866887178498246 0.7101101716390156
11 0.5910487310923145 0.6348093606786086 0.60461250240337 0.629133827645068 0.6149356281053997 0.6538016595374818 0.6013718653209708 0.6594771776936357
11 0.7945325740045064 0.6320235269490885 0.7849549072200261 0.6151762731909759 0.8113873280154849 0.6001511740715678 0.8209649957678948 0.6169983797957185
11 0.8108012023089941 0.6854938042185489 0.799482393726521 0.6861928509644817 0.7985551054387088 0.6711802400992296 0.809873878925373 0.6704811944404779
11 0.8149946353553332 0.7111172932944811 0.8044688099148516 0.703861358087008 0.8124786485973345 0.6922436511710959 0.8230044513123858 0.6994995754386024
11 0.8938851769852363 0.7754113998134599 0.8969237624303332 0.7665040659749093 0.9055043098724127 0.7694306451564823 0.9024657356171701 0.7783379694903096
11 0.893464514014795 0.7845131656849974 0.9005511204544518 0.7892259433679778 0.894046995045187 0.799004328989278 0.8869603939843955 0.7942915579817553
11 0.8905733705059902 0.8250032307971279 0.8853142721409313 0.8355342506670954 0.8741716233244006 0.8299708545352997 0.8794307245455002 0.8194398511701907
11 0.8383607724645117 0.8860737796636032 0.8300830880183412 0.8903675772230002 0.8257951239849035 0.8821030907735391 0.834072791321887 0.8778092985966517
10 0.6721167453383714 0.9199352084085727 0.6856808060069852 0.9142603469839423 0.6983297782278441 0.9444860238078946 0.6847657326335366 0.9501608588463047
10 0.7179763940334851 0.846831395709316 0.7274325150037839 0.8320542962777855 0.7564610369503271 0.8506261039812444 0.7470049908457668 0.8654031376165484
10 0.6904376275541608 0.7827087756757213 0.7024275275147147 0.7781833476762913 0.7141775114560005 0.8093084237577544 0.7021876210518485 0.8138338335154949
10 0.7112049326215129 0.7107507366526009 0.7233001628593456 0.706211959835701 0.7351192365030101 0.7377032423856459 0.7230240150258851 0.7422420023782182
10 0.6907445682547859 0.6912119321294043 0.6830053080583411 0.6749265274177004 0.7126011021574641 0.6608637580562124 0.7203403746965478 0.6771491078904883
10 0.7845045294117199 0.9095890041067728 0.7883094945610765 0.907993953523738 0.7933103248049065 0.9199203176840897 0.7895053612993479 0.9215153653935781
4 0.5487850452152543 0.9248567214792627 0.4995910158172592 0.9459783474439963 0.4882773620518037 0.9196343271917604 0.5374710444059474 0.8985127864476389
4 0.4976686408256228 0.78150058105201 0.5208165079616265 0.7792648774704148 0.527567333229058 0.8491472218307717 0.5044194688805419 0.8513829058937742
4 0.5077246574138599 0.7221866500410294 0.524403052714888 0.7188347176346923 0.5377069578790952 0.7850205221099894 0.5210285702966075 0.7883724285492965
4 0.48750724159776837 0.6142747163236655 0.46680228925924894 0.6174243535514337 0.45714567801462636 0.5539501320455708 0.4778503978897106 0.5508005128058342
4 0.5693937313512833 0.9721029153637784 0.5866452414213654 0.9643263798997939 0.6024926538626687 0.9994720848058533 0.5852411711662171 1.0072485752239377
4 0.9045770025079491 0.6779685493445257 0.8888113781094944 0.6846998202395504 0.8803604700806318 0.6649092009086545 0.8961260337819112 0.6581779447929635
4 0.9359731896111043 0.6339497143232259 0.9463013948015941 0.6506620943666318 0.9268274748451404 0.6626953406940171 0.9164993129190862 0.6459829984781907
4 0.9150562113494516 0.6931485628408973 0.9251495030687238 0.6955476216846852 0.9204336396878716 0.7153851631137428 0.9103403497797444 0.7129861095155094
4 0.9635144594593612 0.7289991612878152 0.9532820703334437 0.7173050400172326 0.9650726453165817 0.7069898895606208 0.97530502042639 0.7186839907744071
4 0.9344288914473964 0.7792358429974535 0.9212046596472874 0.7734318443354387 0.9321181126315423 0.7485704278818502 0.945342271723689 0.7543744081892414
4 0.9616437511648428 0.7679012400194253 0.9747926491513681 0.774295646279509 0.9674420202438796 0.7894080419855511 0.95429313045463 0.783013648460679
4 0.9450513581557516 0.8404604298480854 0.9397844165036986 0.827511540687109 0.955698512033905 0.8210398646708191 0.9609654640066765 0.8339887256933382