0 0.4429877060782701 0.8509281766775002 0.4048831617583346 0.8545544594130161 0.3913961445022096 0.7128548298902313 0.429499409751088 0.7092286082988434
8 0.523684202566983 0.5134423754713903 0.4201322573089783 0.5092362386266297 0.430982605574286 0.2421561235212232 0.5345314169794619 0.2463621973062998
12 0.6366557797222185 0.0023574086069183954 0.7768511628042916 -0.010384626587252664 0.8004276648471205 0.24901702935650938 0.6602322985190767 0.2617589946065095
0 0.3639050636971888 0.21640048232431836 0.4170655700467023 0.20540278559639924 0.4397176299033845 0.314895885960498 0.3865571381745667 0.32589353285128597
8 0.727472163369157 0.855520545408498 0.7000297293249105 0.8538713310284479 0.7051639095363953 0.7684631742740048 0.732605759348985 0.7701123709507082
7 0.2778602351557993 0.9695056628209365 0.2427979879880695 0.9688514149697065 0.24449568982424807 0.8779148034402127 0.27955704188900654 0.8785690429508912
11 0.3552563425536164 0.4956190072223508 0.39602959372689384 0.49165348772350237 0.40602536530172983 0.5944207025651486 0.36525211927153123 0.5983861882872105
4 0.23396678823064576 0.9939184564744881 0.2071328437775719 0.9889684560717934 0.21744058777301234 0.9331077484861983 0.2442740943147328 0.9380577073500351
12 0.681173441871465 0.6231536347039633 0.6077582627439142 0.6233254184901501 0.6074514987061548 0.49191141016692036 0.68086505004635 0.4917396282767878
0 0.5930551372950958 -2.236759761451692e-9 0.5930551400483637 0.03501579339416694 0.541470264281088 0.035015791290119634 0.5414702663935032 1.0190820224493944e-14
13 0.352497002001428 0.06762577309231209 0.4294035965461944 0.0467103693887701 0.4518225996474712 0.1291455807333913 0.37491601851456835 0.15006095644301626
13 0.4580790512295607 0.9999999999999937 0.45807999855958315 0.9426604850277377 0.5310625792951669 0.942661546395319 0.5310622499974897 1.0000004457526197
7 0.21571810083742093 0.5235821024415259 0.24508753599184274 0.5280178647220384 0.23572035376355416 0.5900327581969226 0.20635092407553657 0.5855970195954571
12 0.32560519624587414 0.6015467314872671 0.34668196048846767 0.6035900085982824 0.33688959792732476 0.7045874190259016 0.3158128366475239 0.7025441623954337
13 0.3594751011637527 0.06280194365586049 0.3603982590736905 -0.0008071712949925305 0.4385886965884538 0.00032760442864904356 0.437665563041719 0.06393669364818413
13 0.02734375 0.4855542452830189 0.0625 0.4855542452830189 0.0625 0.5574882075471698 0.02734375 0.5574882075471698
11 0.07421875 0.7283313679245284 0.1171875 0.7283313679245284 0.1171875 0.8092570754716981 0.07421875 0.8092570754716981
11 0.3046875 0.459823287735849 0.32421875 0.459823287735849 0.32421875 0.5305129716981132 0.3046875 0.5305129716981132
11 0.3161266583089173 0.2307846874331095 0.29024654789577653 0.23560305776687923 0.2801062543479702 0.18113875173974134 0.3059862794259516 0.17632038942972736
11 0.26953125 0.053950471698113206 0.31640625 0.053950471698113206 0.31640625 0.13487617924528303 0.26953125 0.13487617924528303
4 0.3085897873260137 0.47598973139753925 0.29137025842749154 0.4776741225508441 0.28522805687850905 0.41488549782339584 0.3024474377302795 0.41320111401671733
4 0.2822607583862009 0.3235695153385376 0.26563419604144656 0.3261781924015652 0.25716649949060866 0.2722100568203193 0.27379298057428514 0.269601386266554
12 0.286728455250568 0.3676290598330863 0.267722370388924 0.3702696448563417 0.2613722641185632 0.3245650351422378 0.2803782580429015 0.3219244565197658
12 0.2539064615857569 0.7013561320754716 0.21721881767814466 0.7013561320754716 0.2172191660106364 0.6072480283018867 0.2539061208995008 0.6072480283018867
4 0.21762431814920546 0.7989617089904636 0.1926617275433955 0.7963578170446022 0.19854873400686301 0.7399331017350359 0.22351099590161994 0.7425369764150982
4 0.5386641128086467 0.904587597941188 0.5090880444788581 0.8917419904117272 0.5350632929417998 0.8319504565863319 0.5646389166167864 0.8447959533528396
4 0.87109375 0.6114386792452831 0.8984375 0.6114386792452831 0.8984375 0.683372641509434 0.87109375 0.683372641509434
8 0.36328125 0.7642983490566038 0.375 0.7642983490566038 0.375 0.8182488207547169 0.36328125 0.8182488207547169
8 0.3732156954480388 0.8137836210101015 0.3838413379914982 0.812849645450599 0.3892234668621768 0.8740679611422043 0.3785978252997211 0.8750019293277035
8 0.29403309260533206 0.31912062599934876 0.2815121821893172 0.3222772890130575 0.26757529473218256 0.26699799441243555 0.2800961434426199 0.26384133962263046
8 0.25660438293857624 0.14584326555406044 0.246912608599132 0.14778466159979314 0.23504137488987453 0.08852170089897493 0.24473312916609302 0.08658030690843525
13 0.36952098210588247 0.7489335387512048 0.3378377896810889 0.7545923267912502 0.3173280241869634 0.6397749006105344 0.34901044262289815 0.634116183962271
7 0.2685585975191316 0.2856074844093501 0.2468911461027119 0.2887197979899167 0.23669025925289588 0.21770372757953094 0.25835759619042165 0.2145914222085095
7 0.30859375 0.5484964622641509 0.328125 0.5484964622641509 0.328125 0.6024469339622641 0.30859375 0.6024469339622641
7 0.3733504723841179 0.9381291649332119 0.3959291950632178 0.9337263396541473 0.40874729010624833 0.9994421077070615 0.3861685798270855 1.0038448894972354
12 0.82503112028553 0.765779875066124 0.8842073445878214 0.7635991779208452 0.8888356392670858 0.8891691222233998 0.8296594169316904 0.8913497848143526
0 0.9378482134769683 0.9999999993128763 0.9250752695867277 1.0006934027988468 0.9247270809973998 0.9942812565820575 0.9375 0.9935878537735838
11 0.5703125 0.8991745283018868 0.643712993852459 0.8991745283018868 0.643712993852459 1 0.5703125 1