14 0.08000705213373749 0.3878636336613224 0.09425373814656268 0.37772555119580675 0.12888388082023994 0.42638768393447163 0.11463722641985896 0.43652572887790153
0 0.17461419260325783 0.46863849961300275 0.16072042611801862 0.47454085871140694 0.15097879853931317 0.45161113703390543 0.16487252245474338 0.4457087882420226
10 0.2321133520508738 0.48421881078779605 0.21186781465553395 0.498732727528079 0.19411131383822067 0.4739657742549357 0.21435678871057462 0.4594518896318133
10 0.08747404306939188 0.3572254760912133 0.0957149054418096 0.3528247065246591 0.10603115557057663 0.37214210463771447 0.09779029690730567 0.3765428688530884
10 0.05253565643226921 0.3019574074303204 0.0592765898095422 0.29728509080001264 0.06998199584882059 0.3127297609367791 0.06324106587419465 0.31740207345636984
4 0.15417313987450143 0.49284101449349754 0.14556805913218795 0.47958571356878227 0.16907306462678662 0.46432779577185 0.17767814087881106 0.47758306955757096
4 0.15163152394018198 0.4885094484792736 0.1538121088136677 0.48695775236138317 0.1580228309649101 0.49287461088049267 0.15584224680003445 0.4944263061557931
4 0.006289869990155239 0.2517860645149607 0.021401910949066405 0.24283045391885807 0.046986203882397604 0.28600146323252695 0.031874176685960265 0.2949570553835579
4 0.058992845514694636 0.21203890675862605 0.06663449798986676 0.21005764553966672 0.06937060663074135 0.22061056935948742 0.06172895442261961 0.22259182986709028
4 0.09733242319407509 0.21572311530893715 0.10389001129624376 0.21262780210136298 0.10860557557839456 0.22261783597263954 0.10204798819722782 0.22571314803771178
12 0.5096969696969696 0 0.5694562096969698 0 0.5694562096969698 0.08684744935344826 0.5096969696969696 0.08684744935344826
12 0.5096969696969696 0.06695563254310345 0.5581840315151515 0.06695563254310345 0.5581840315151515 0.29604235668103446 0.5096969696969696 0.29604235668103446
9 0.3744020381353721 0.889892176456044 0.38785008815659694 0.8920697345289207 0.3813911220531736 0.9319487008126173 0.367943074896516 0.9297711549302811
9 0.10914003233665426 0.885065641288713 0.09069953464756964 0.8508227771727735 0.136748620538242 0.8260299335087253 0.15518913872870144 0.8602725643131499
9 0.11558906386608214 0.8131496170467901 0.11405495147891997 0.7794534617491633 0.16707852949218704 0.77703982484593 0.1686128482406275 0.8107357629524872
9 0.21690219717470427 0.9575088272937943 0.20663904146044842 0.9648488683034403 0.1954393116477604 0.9491932327779518 0.20570242727274035 0.9418532122845085
10 0.2411218796320327 0.9745715958334509 0.22008298825107886 0.9785779300888435 0.2115185731611291 0.9336145912303042 0.23255719167070765 0.9296082836929214
0 0.32084988253564006 0.9322954873073764 0.31429040796570007 0.9246428330992915 0.3239524776000735 0.9163631502801252 0.3305119431740877 0.924015790774938
0 0.35160554081721784 0.9267097351344558 0.35855386286016255 0.9166345759299589 0.36766514939517947 0.9229165392191557 0.36071684497176193 0.9329916827145873
0 0.14377322953248495 0.9189779632658113 0.15154693558065446 0.913776662651197 0.1611891546510833 0.9281839122009345 0.15341545887099528 0.9333852001314461
14 0.3137134274757045 0.9998851193586223 0.2863652150223288 1.000492429488802 0.285750003926978 0.9727914279148995 0.31309798865800076 0.9721841203149463
14 0.27729990355805967 0.9778648593983285 0.2865105115241704 0.9758165555657342 0.2899041800523037 0.9910723838188307 0.28069357364347525 0.993120682851771
14 0.3544551989818956 0.890232801656653 0.3631464419083841 0.8895414563566826 0.36440694203758994 0.9053839559106528 0.3557156992903856 0.9060752997085678
14 0.3541007765057884 0.8603314553197694 0.3647069425136351 0.8589952413683681 0.36706031379424076 0.8776708008221804 0.35645414841098955 0.8790070114450428
14 0.21859230499148907 0.9749704081721183 0.22779868546558646 0.9712940082501407 0.23471041925336067 0.9885972043458182 0.22550404441039973 0.9922735940187434
14 0.17257727516289378 0.9793910617578426 0.19404764175430955 0.9654023548433361 0.2086753064330651 0.9878468917689691 0.18720498469656377 1.0018355424468084
14 0.3343817810175551 0.7942579550243117 0.32426076038802876 0.7954907727455992 0.3226346860508329 0.7821436354435466 0.3327556743867035 0.7809108197100806
4 0.18284250323029028 0.9727995615812942 0.15602791932485616 0.972022979193536 0.1571046505397362 0.9348603290440539 0.1839189452092569 0.9356369072433548
4 0.17496913121181024 0.918062212316986 0.1947844430518444 0.9103122024819322 0.20580081849402632 0.9384716747678805 0.18598552450896477 0.9462216514443931
4 0.17190090911174138 0.8072584614099402 0.1978129307533436 0.8107413487764081 0.19155001928311322 0.8573265299782874 0.16563800172207266 0.8538436633154254
4 0.2152288394244124 0.730059679671992 0.20292234097178152 0.7308014047383341 0.2000828335293363 0.683695305463759 0.21238920757116375 0.6829535841506311
4 0.2668091861845596 0.6097514351466387 0.2845609006850509 0.6024029203647673 0.29672529762160593 0.6317849130672158 0.2789735956705499 0.6391334057477613
4 0.11085289819106947 0.807009961712272 0.10391376666200358 0.8115315151709159 0.09861504607931693 0.8034012775160783 0.10555416537170004 0.7988797294370453
4 0.1429806162245768 0.5857101657522179 0.15531093189440526 0.5943263972128748 0.13036700506950183 0.6300185398827314 0.11803671818847761 0.6214023431367948
11 0.05212907086627183 0.7945780111262564 0.07108845544939868 0.7822240815116158 0.08658702306092891 0.80600491694689 0.06762767240843459 0.818358803826689
11 0.060603054867328865 0.6930464411739689 0.09705917765347749 0.7054074294807818 0.06767285354624164 0.7920617755500063 0.031216791797533006 0.7797009154907832
11 0.10547335037711036 0.6393789347534751 0.11768813872504325 0.6479142463002802 0.09132201363945569 0.6856414399593971 0.07910725818192077 0.6771061681034801