14 0.210726563649132 0.13577273796075423 0.17430509112000436 0.10219285135545596 0.20770458758295263 0.06596718167930737 0.2441260298344332 0.0995470428121153
14 0.17639525417007462 0.027881636073207483 0.17714316662420515 -0.0006834786007967124 0.21515495707012633 0.00031177302357142535 0.21440704701342383 0.02887688544560727
0 0.3012429131435965 0.009818671260883934 0.3050796142051695 -0.0061772709561689135 0.3376870999560424 0.0016437859364466934 0.3338503994407347 0.0176397276784778
0 0.17159021636132366 0.18380174312735162 0.14711984007874435 0.19955544228921 0.12896174313641495 0.1713505342898891 0.1534320862929235 0.15559684940774401
0 0.05966340272539128 0.23187239342583116 0.11248119849017257 0.23248700584656556 0.11170808218673756 0.29892477593742506 0.05889028645287908 0.29831016516215164
0 0.17390016342437775 0.2505454080022412 0.19444041627161823 0.25078442378563304 0.1941097536429197 0.2791999218313375 0.17356950079965827 0.2789609063220505
0 0.3312826240934328 0.3444205676144536 0.3107423250763759 0.3441815541668924 0.3111028170864074 0.31320570549116955 0.3316430519118967 0.31344471856340855
0 0.26129660330218485 0.1638065782305168 0.287704118194938 0.1553849487300493 0.2975653116960757 0.18630620152413516 0.2711578001399175 0.19472782369004912
0 0.33267722152243095 0.20388809899976057 0.3423408708816851 0.20282166377023958 0.34434498801681457 0.22098200303631851 0.33468133876294814 0.22204843763553622
11 0.3330495048494413 0.14006016079159345 0.341045183490678 0.13178087282283238 0.36019325969095917 0.150272911737636 0.3521975859690656 0.15855219484542485
11 0.2593887895578746 0.052565234714267495 0.2668292060058093 0.04642890332277959 0.2768627116669222 0.05859470597039495 0.2694222959697754 0.0647310365403603
11 0.2524550143546094 0.046657084885498495 0.23485244352036716 0.03362525587361855 0.24290583710944702 0.0227472467928333 0.2605084061810885 0.03577907484203422
11 0.22054353387488845 0.02442243407503156 0.21647587732445572 0.012977664819300485 0.23742200357230558 0.005533072274778932 0.24148966037796527 0.016977840917093347
11 0.1902089389008097 0.04806639071923866 0.17774713981816603 0.06180202857307975 0.16495310594746115 0.05019451568741958 0.17741490370406154 0.03645887952541154
10 0.15489153169505698 0.12136786707883707 0.17654145947062716 0.10188931100978794 0.20015487906243834 0.12813492449668804 0.1785049635300311 0.14761346757926166
10 0.15547413205422345 0.0933650383902192 0.15466788989067481 0.12415849470420427 0.12226786449514293 0.12331017677845932 0.12307412275765728 0.09251673734989724
10 0.2580812964525876 0.09164948933881939 0.25773576323069847 0.10484668441335364 0.24000487319233343 0.10438244583537505 0.24035040981368638 0.09118525425534259
10 0.3791079845816512 0.1577217411971831 0.3703113407349292 0.1577217411971831 0.37031134516973907 0.13745701760563384 0.37910798111329314 0.13745701760563384
4 0.24578617694078275 0.2063976103081653 0.29464012050925703 0.1908176856050997 0.3139451545529255 0.25135158437858496 0.2650912275396422 0.26693147438212156
4 0.3791080380499352 0.3147932253521126 0.3494224944644202 0.3147932253521126 0.3494225923944896 0.25310607746478875 0.3791079743928094 0.25310607746478875
4 0.19332473014196694 0.34412922264413826 0.17392379485261245 0.36890553716623903 0.15078225357740394 0.3507853289020232 0.17018317056738397 0.3260090526818791
4 0.896360804493952 0.002760876530238093 0.8961329425120539 0.019661787631327806 0.8532822909996867 0.01908406317589209 0.8535101541847325 0.0021831534275228337
4 0.866015469981221 0.3000227548162086 0.919332906480804 0.3012276097619341 0.9184094026687717 0.3420934081269758 0.8650919662277374 0.3408885555872074
4 0.7696548638497234 0.3591549295774762 0.7696550544658294 0.3306765883129366 0.8493078198143849 0.33067693807005866 0.8493077478196938 0.3591551648855931
4 0.721790916670443 0.307177468598731 0.7141218827645162 0.3251723758543365 0.6837449522772658 0.3122267452003685 0.691413995392054 0.2942318659704459
10 0.8913285069855874 0.01893580963355913 0.8940090227556539 0.0351746794429319 0.877358056402727 0.037923217107501316 0.8746775419436972 0.021684348435947496
10 0.8683085933172379 0.07842738992210731 0.868489643527937 0.06704923915077947 0.8819734816422624 0.06726379496159846 0.881792433165856 0.07864194400656774
10 0.8104073018680538 0.0648743818185271 0.8049814949268921 0.07459990579448147 0.7866302058989731 0.06436185066257168 0.7920560129776959 0.054636328618480785
10 0.7090763299358969 0.05702487572345964 0.7011139580309873 0.04635001336211867 0.7153058923966 0.03576426754320531 0.7232682637861672 0.046439128561522575
10 0.9226783681535835 0.1531883983067439 0.9103498554328553 0.15290979483655062 0.9107800470679877 0.13387368907849057 0.9231085496865035 0.1341522924356772
10 0.8368446115692905 0.23241047502504847 0.8361165490716758 0.21972215368347225 0.8649616978636914 0.21806702262027783 0.8656897721647283 0.23075533132103004
10 0.8528314336897438 0.30407264131783834 0.8295524254982638 0.31880856470842556 0.8154379336028796 0.29651183060248193 0.8387168995650427 0.2817759249245833
10 0.791714241164982 0.32325970561985307 0.762380203697262 0.3273603412030908 0.758612320393695 0.30040716816123136 0.7879462836642688 0.29630653781384636
10 0.7044372142440807 0.25287088574861366 0.7240385008075236 0.24073149187082493 0.73903222443505 0.26494114715872213 0.7194309484129917 0.27708052736699196
10 0.6579761564072442 0.2789592506009938 0.6782870681612394 0.2617257952682533 0.6963900488091213 0.28306101977688536 0.6760791562833219 0.3002944544247426
10 0.8766298174397207 0.3589607488375202 0.8544057796563038 0.36324135282633946 0.8493255592841251 0.3368666523805614 0.8715495360597743 0.3325860543950901
13 0.799899677959047 0.043223911143078206 0.7990361466404465 0.055490462372279836 0.7708272197195356 0.05350462919044011 0.7716907533937274 0.04123808053171875
13 0.8930665889363354 0.06150070332247404 0.8818489293905714 0.06333923828266068 0.880214921848733 0.05336948919942944 0.8914325794593196 0.05153095440057964
13 0.8869217709590203 0.07992121777929147 0.889255841913041 0.09673705324230064 0.8517587415992693 0.10194169752624262 0.8494246804649492 0.08512587098188786
13 0.8800206535528332 0.12480958458824745 0.8719714025821759 0.12399086619718792 0.8731750337840367 0.11215740754909093 0.881224281331356 0.11297612576483074
8 0.8909502845609722 0.03457458316449264 0.9043433994594352 0.01909055972735469 0.9351395634242863 0.045728107506264506 0.9217464526802814 0.06121212705423044
11 0.8281293519191877 0.0754808626513693 0.8504903621393396 0.07833446112095999 0.8482490728929406 0.0958973323820369 0.8258880627793133 0.09304373457325081
11 0.7863898498507069 0.07086030695037802 0.8084569269917665 0.07135898746921637 0.808073181789382 0.0883400389576159 0.7860061046482087 0.08784135854124908
11 0.711163210908694 0.07519923021210945 0.7146008969468767 0.059953002781610656 0.738472513646002 0.06533551501824222 0.7350348322403306 0.0805817383762603
12 0.8368108559377561 0.2607612986565996 0.8532162206566909 0.26113202576045397 0.85266665974234 0.2854505775325381 0.8362612950353423 0.28507985080432885
12 0.7838537960174108 0.2141240321649352 0.7803410177889418 0.19964287187101468 0.8004776224007628 0.19475828202692363 0.8039904069064505 0.20923943287533636
12 0.8746937924670419 0.17136127658551423 0.8754593279618348 0.18160680875446486 0.8635646379723312 0.1824955552927482 0.8627991059860278 0.17225002640786538
12 0.6882980501765132 0.21491854201212168 0.698107653777015 0.20334460237818727 0.7125965751863532 0.21562465969845024 0.7027869792116235 0.22719859215914573
0 0.9259742122744683 0.09780375150207408 0.9229890346811089 0.1264345880689168 0.8869125547919339 0.12267308916143273 0.8898977477260814 0.09404226984595208
0 0.8986719652407373 0.18653561756297263 0.9219128999540089 0.187060818410521 0.9213070846228675 0.2138687500821896 0.898066149916076 0.2133435496634577
0 0.8193394932051206 0.11128667188849213 0.8170344079169354 0.1018507445385609 0.8392225290951956 0.09643046543888228 0.8415276166614376 0.10586638933815148
0 0.7561316588063391 0.10585609764878527 0.7564005423218987 0.09713764601840062 0.7809591449465643 0.09789504636166363 0.7806902648558207 0.10661349465604862
0 0.6945428042854473 0.14796313381328396 0.686637287562462 0.16076770970267257 0.6748561772085395 0.15349412560982728 0.6827616935408969 0.14068955381130022
0 0.6616438049562703 0.21136462947186146 0.6734269519100735 0.21149816429098986 0.673144026059731 0.23646324597357005 0.6613608791079741 0.23632971126760507
14 0.3791084108515861 0.6778535334507042 0.3467612803769953 0.6778535334507042 0.34676169502927223 0.5347625334507042 0.3791079812206135 0.5347625334507042
14 0.3356073409548799 0.529113145896681 0.2797550531655588 0.6052439218024369 0.16473906282817552 0.520870158970673 0.22059104672916874 0.44474023573573795
14 0.015787557921044026 0.3875062904157768 0.06669334586524656 0.3880986293930161 0.06550660871232594 0.4900813901282478 0.014600820883742927 0.48948905524534847
7 0.2864325131430405 0.7367418864227018 0.25270000959710615 0.735667110132306 0.2541711371488873 0.6895077969433131 0.2879033029707898 0.6905825678539996
7 0.23663483024677134 0.8328162009374206 0.2044598093859804 0.8383683302512225 0.1965502353972397 0.79253997488463 0.22872489395763296 0.7869878775294789
7 0.17979655261672178 0.933077481585059 0.14663381355933325 0.9315684052133483 0.1486311294238476 0.8876919749223394 0.18179346553961295 0.8892010421178337
0 0.16023726858941245 0.9129280257960788 0.07260689844554236 0.9190401658172312 0.062078610731873596 0.7681042342739184 0.14970560460380966 0.7619922122813421
0 0.30104683564843526 1.0000010447634353 0.30104965572820674 0.7524426503208752 0.3791082454008574 0.7524441068802432 0.3791079812206135 0.9999999999999989
13 0.8035817545256805 0.7223204963584722 0.8217261744043753 0.7802093176190771 0.7321610893673096 0.8082763940481449 0.7140174120499978 0.7503882048770305
13 0.6149784351166545 0.8016475620607225 0.6152072133407955 0.7789749273026825 0.6547280406336995 0.7793735980370858 0.6544993713627036 0.8020461249023922
13 0.47583039807091154 0.7038762205243618 0.47617352633778864 0.6698672397567051 0.5352552096129557 0.6704631952430098 0.5349122938038136 0.7044719649544491
13 0.5824198921593506 0.5859080918221994 0.5827630143278384 0.5518991280285471 0.6466351196379492 0.5525433961403209 0.6462921877598546 0.5865521716352028
12 1.000276798906043 0.503327270420871 0.99997338300102 0.5334316726341849 0.9423298380735332 0.5328505614321531 0.942633389560001 0.5027462968998504
12 0.8777398783169019 0.7131021327474003 0.8779864371135773 0.6758795822573039 0.9569275900095136 0.6764022238787056 0.9566813442545481 0.7136244636406626
12 0.7509949755418575 0.6726384186984312 0.7505619367854024 0.7156102909316994 0.6669004888582322 0.7147667716047501 0.6673339037567985 0.6717952790767361
8 0.8951986052380789 0.4706121226505723 0.9059339174330034 0.5314880069593088 0.6565486703530041 0.575459236844796 0.645814736524585 0.5145845486086496
8 0.9727216905610021 0.5893307278959555 0.9660769989100118 0.6774744365802916 0.7587450761967602 0.6618433487645361 0.7653913630234683 0.5737013316552981
8 0.8815107058321701 0.7455277019963045 0.9979484768983866 0.749044919126668 0.9952500841188794 0.8383587493913803 0.8788123151869058 0.8348415702808499
8 0.434797590512062 0.5920840018086654 0.493615536854918 0.5938608440773727 0.4915520176998598 0.6621605327219886 0.4327340718900814 0.6603837020568742
4 0.382190294411771 0.6067519156307706 0.37389285301685504 0.5767319403806342 0.41922478586366196 0.5642035787000051 0.4275223048027783 0.5942234286085384
4 0.7972331373239285 0.8600466795774673 0.7977190966070111 0.8119918048763438 0.9342954892209718 0.8133719850383277 0.9338103749751099 0.8614260195023729
14 0.5360497395380435 0.8065959594866824 0.5487611527660192 0.8408725577221752 0.43026890184887634 0.8848047248655021 0.417558148271155 0.8505286864392831
14 0.4341409684146811 0.7658114391206973 0.4333409679330771 0.845165668707961 0.3784178799799065 0.8446116173892512 0.3792184089940065 0.7652579210171574