14 0.2177843159333861 0.26070994299166284 0.24355606043593525 0.27534868632172677 0.21548939397200684 0.32475921713757727 0.18971767626692326 0.31012051076578495
14 0.23749107657226887 0.3722104194403132 0.22193199880075554 0.3603512431936221 0.24453062976169804 0.33070330630942374 0.26008966632468855 0.3425624590180182
14 0.31593592361980427 0.34298888272475153 0.340780997850743 0.32909824098924256 0.36235013450834686 0.36767579899192804 0.3375050840569429 0.38156640744682124
14 0.38981210644487874 0.36803780730346036 0.3906459378603131 0.3328772571264708 0.4027268034703866 0.33316375299642176 0.40189299528742595 0.36832428036787557
14 0.4279895515325052 0.2557385749348825 0.43721009518867504 0.25997352764277365 0.42415529807681196 0.2883964272379993 0.4149347577771323 0.28416148001402436
14 0.4981932168619778 0.27910158517706707 0.490049951214246 0.2789969610736976 0.4902610686428943 0.26256573265474853 0.4984043232516342 0.26267035668719446
0 0.3572547520432181 0.3649391527684276 0.3727894760303343 0.3651387388227265 0.3724569009215202 0.3910235245957201 0.3569221769411115 0.3908239388381002
0 0.42883034013095767 0.3664053200342448 0.41467687561100774 0.36677408352734253 0.41404865213428366 0.3426624849961526 0.4282020798203803 0.3422937219829994
0 0.45227350158484114 0.28853659642492796 0.4658001021128939 0.27892183914106367 0.47916549670867425 0.29772457944163316 0.46563890453853674 0.3073393268191034
0 0.44735167753481164 0.19878895182958772 0.47165143347069716 0.18592659475977769 0.4917875533001279 0.22396757229764386 0.46748780993868877 0.2368299114329582
0 0.40350575949094036 0.14705373453543374 0.4202574869819955 0.15848525459219567 0.4001194364185494 0.18799525682308968 0.38336771736112496 0.1765637471400228
0 0.38631172734551456 0.17821622259991277 0.39462669178772103 0.18500394644369222 0.3846507026537438 0.19722440324127832 0.376335740986633 0.19043668245712062
0 0.34789199892043143 0.2533487386265008 0.36404195574095866 0.2555438459443506 0.35823103042946514 0.2982953220166953 0.3420810743821221 0.2961002186845282
0 0.3227761074134605 0.2427804090555325 0.3323687086706286 0.24809326508938384 0.3158677846492992 0.27788581610731183 0.3062751884858699 0.2725729672476009
0 0.26918605866956113 0.33371335928904977 0.2807686243959324 0.3095512891198254 0.2967406592683801 0.31720756528394134 0.2851581186397425 0.34136961400039695
0 0.14082841114930034 0.2796598508016652 0.16154137715227534 0.27992596855418367 0.1611405422830785 0.3111236760417102 0.1404275762878342 0.3108575586628985
0 0.05982756348839757 0.26889391353335357 0.09780133358617604 0.2693817977420016 0.0970470156811416 0.3280915394685969 0.059073245618492365 0.3276036565591493
0 0.12924321684909046 0.23286430356297633 0.12979908947284002 0.20942393459476893 0.14705747635002808 0.20983320207487763 0.14650161769873193 0.23327355734577943
0 0.20584777736644355 0.0681607186756888 0.2052363445508263 0.09394511850609424 0.18986032214240822 0.09358049900757705 0.19047175968592 0.06779610391975094
0 0.23835150976117347 0.2137662652439214 0.21885485751045053 0.21351576967704705 0.2192696898205213 0.18123033551184634 0.23876630443135127 0.18148083083786196
0 0.24778589130312412 0.12567502924289306 0.2557559029406775 0.12496823978326523 0.2570264514920382 0.13929532705877548 0.24905643988222437 0.1400021163134197
0 0.1106409413023357 0.10987778546187768 0.09997200921657168 0.1017456112124139 0.11426504395171833 0.08299405185449596 0.12493397107732562 0.09112622328082015
11 0.38788092614140623 0.07695487117987648 0.39541085971484335 0.08367500947828463 0.3830754388160358 0.09749684936063004 0.37554550681397814 0.09077671271373561
11 0.3595115663213164 0.09248635310303746 0.36666754645057154 0.09710185771588008 0.35927963616609304 0.10855620090164576 0.3521236567936512 0.10394069725122665
11 0.32733327251867195 0.12867591712823254 0.321480252335391 0.1273789513643676 0.32542287455976293 0.10958655418284174 0.33127589097728105 0.11088351951147357
11 0.3419373331631732 0.06696974891169444 0.3491468314487065 0.07071140877280209 0.34411263578545004 0.0804113723655768 0.3369031378111913 0.07666971296348116
11 0.2812915884078393 0.1493781222551489 0.2887302443933777 0.15076620708655683 0.28404466076949575 0.1758757481078433 0.27660600502758825 0.17448766415366837
11 0.26627655583172327 0.2651021559705463 0.2728087388078393 0.2657821545320093 0.27128745428535694 0.28039554791211047 0.2647552713733603 0.27971554976540175
11 0.2632944109782329 0.2874023829064031 0.27154820014573033 0.28977224941217883 0.26532480420098636 0.3114465549820734 0.2570710160315457 0.30907669091265816
11 0.26596301423671775 0.31511362141064525 0.2712278295877013 0.3219158479593771 0.2551413533778941 0.33436611532364907 0.24987654548806404 0.32756389561789484
11 0.22082688220177715 0.352983293472283 0.20899019543617214 0.35051254494540185 0.21234790344794874 0.3344273239974805 0.22418457038406814 0.33689807037823205
11 0.3218492304258689 0.01258378588819489 0.31558882808928956 0.01611933764593405 0.3113867976662732 0.008678801532840957 0.31764719986006185 0.005143249826544877
10 0.43884975630510326 0.3294609285894914 0.46037841153975023 0.32973752270780377 0.45995691157713736 0.36254372971358473 0.43842825635226745 0.3622671360735995
10 0.43900904746340075 0.24600569910819814 0.4525356181849247 0.23639089655674408 0.46709824794913857 0.2568779315818625 0.45357168501811884 0.2664927248832923
10 0.4041133601592719 0.21136948919685247 0.4265524051763805 0.2116577879543569 0.4261301791201504 0.24452024421626392 0.4036911341106588 0.24423194578675286
10 0.34580552972920486 0.31549023234874884 0.3682445749999488 0.3157785272273207 0.3678522311151937 0.3463150934741654 0.3454131858550227 0.3460267990387201
10 0.31952032569188304 0.3616801963064106 0.31879772930813033 0.39215269471324254 0.29458503409341574 0.3915785239769377 0.2953076717984686 0.3611060678801761
10 0.30596469569638884 0.3192592451765912 0.2948511143832775 0.3107883591087525 0.31082896877092026 0.2898264437208842 0.32194253189788924 0.2982973193963018
10 0.38090488848649784 0.1702298462637625 0.3697913967018849 0.161758853264069 0.38261013181875114 0.14494149013421964 0.39372361607809125 0.15341247883748732
10 0.4067173634964547 0.13636550899030447 0.39560388512825284 0.12789450134478764 0.41017858154521036 0.10877342670262544 0.4212920532899034 0.1172444305639806
10 0.18907789832758226 0.32276470271529334 0.17209251472434062 0.3172142382421289 0.18360129038285322 0.2819965033587778 0.20058662061012456 0.2875469584095374
10 0.16782206257119014 0.36218656557969625 0.15226299965547696 0.35032738389161694 0.17263262689345993 0.3236037383353063 0.18819165367654023 0.335462899402297
10 0.2436239591836511 0.2535187704128199 0.250292089632012 0.25860132237027117 0.23870231832700028 0.2738063727990344 0.2320341912920867 0.2687238247437866
10 0.3391801325362849 0.09601630099406268 0.3211448205704528 0.10883618707864334 0.31199657850254425 0.09596625982063682 0.33003188454995325 0.0831463767370716
10 0.34373274638994644 0.049906577415411844 0.33020626923689633 0.05952150331588796 0.3134494920710722 0.035947732976126974 0.3269759656553788 0.026332808893630887
10 0.12384413115194093 0.07044333354736125 0.13724129056140555 0.051552258555144045 0.16227494350596317 0.06930558444613849 0.14887779103628418 0.08819665318996298
10 0.29552740911367437 0.12688200360616128 0.30621727249842934 0.1266938058887881 0.3065591509122214 0.14611281657859493 0.2958692875295128 0.14630101421987513
10 0.38337358303328983 0.09669728352828687 0.38897249053661653 0.10107652989844126 0.382415142651098 0.10946013294066705 0.3768162357989695 0.1050808873026582
4 0.41773719798482034 0.3719802261033033 0.43096677636231107 0.40482260316513713 0.3744733746535758 0.4275780059075037 0.36124393942805 0.39473574993900945
4 0.2783569411906228 0.3372870760822511 0.29093139058534234 0.3417758909675998 0.2795741833406282 0.3735894540405443 0.26699973805500576 0.36910064736429476
4 0.18540839646993845 0.15117129377481797 0.22559811040582645 0.14188087811271036 0.2378890252284691 0.19505012022300997 0.1976993162081726 0.20434052252088333
4 0.22494332390601812 0.0826856711194631 0.22577712339830214 0.04752512415180389 0.2598236201515647 0.048332504270919285 0.2589898329077869 0.08349303925989865
4 0.28679296280688504 0.04563028106711415 0.2700698797639234 0.07209815366850504 0.24009631714022817 0.05316009388501963 0.2568193989619658 0.02669222874113994
4 0.1171033880042387 0.11073053040722197 0.1395424353974022 0.1110188348884505 0.13917997351086342 0.1392295057632864 0.11674092612190634 0.13894120143683641
4 0.09425054899429597 0.16745906909458042 0.11377142985054434 0.17252895949071942 0.10580640075852443 0.20319683966313773 0.08628552159586889 0.19812695379750903
10 0.5492809292890115 0.2927837229721028 0.6006512774666817 0.28613184296505706 0.6140538817488732 0.3896325062043173 0.5626835406412738 0.3962843500952324
10 0.6311744279822733 0.4167148794529533 0.6056714855117207 0.379633749488904 0.6269503749447267 0.36499967403757205 0.6524533029921713 0.40208074701620333
10 0.6767538873468766 0.0971520568872648 0.6326185425646145 0.10113169131071313 0.6237225093040024 0.0024718155020989354 0.6678577943170012 -0.0015078163905425746
11 0.6691707254284438 0.000011559957231137585 0.7202117367178289 -0.0020554920645340347 0.7254095460499457 0.126292139232659 0.6743685353108049 0.12835918886627404
11 0.704422645069485 0.2683734979581517 0.6509364144699248 0.2658136183354887 0.6596391897949161 0.08398661781807658 0.71312489703746 0.08654648485755508
11 0.7894434377179778 0.44535746787134306 0.7444145982842656 0.46045147392491526 0.6944807727595617 0.3114935284456377 0.7395088899988878 0.29639965120307765
9 0.8174038760450912 0.5161397501183357 0.7665276061807162 0.5266758768903269 0.7403803426298055 0.4004237679899383 0.7912557296670002 0.38988773530285104
9 0.9218344514517867 0.4472143272422467 0.9032128234053971 0.4355281246938874 0.923825949499701 0.4026835715529206 0.9424475085653512 0.41436974568224183
4 0.8577282739969405 0.5201381759201453 0.8311110359327358 0.5198566168924921 0.8318973390532847 0.44554247701595184 0.8585142846147846 0.44582403449087077
7 0.8514639892898686 0.4670032009407333 0.8289717645677683 0.46913857196454783 0.8218493367090787 0.39412004348164104 0.8443413376442095 0.39198468324531693
7 0.8413670552386066 0.2526297744992311 0.8584203544141928 0.2476829167427151 0.8750087193091076 0.30486668780941645 0.8579554253469723 0.30981353300327313
7 0.749337463179927 0.14377156743669814 0.724861270602787 0.14595611774227732 0.7186165662394615 0.07598901670814198 0.7430927004292016 0.07380446905818695
13 0.6034260680615944 0.11723941643962209 0.6471567066126909 0.11355676433922744 0.6675845595375449 0.35612946799227757 0.6238539253399722 0.3598120883050844
13 0.5654664862925074 -0.000369362859026181 0.5703827203876699 0.0002183559399938783 0.5677561207579629 0.02218971077860526 0.5628398866666657 0.021601991999998245
7 0.7179487258501922 0.39932346748067177 0.6914701473640434 0.40413354263578694 0.6771074881760342 0.32507249169975533 0.7035858333047145 0.32026243852076725
9 0.24509841191331816 0.6669578207106884 0.29986266848220566 0.6598006968630923 0.33197423955482463 0.9054658047561712 0.27721002413034057 0.9126227143202005
9 0.2605784571848062 0.6102777099292446 0.22284571453087665 0.6029292332717563 0.24038862447093834 0.5128613667202764 0.2781207921234454 0.5202097857837261
14 0.01383468756205275 0.5482019576791631 -0.0010142681671823084 0.5468851676159651 0.0014869058803697044 0.5186832129925233 0.016335793333269066 0.5199999999999962
11 0.43254626539669516 0.6831767815345283 0.3820636976693095 0.7249712900440715 0.3296980871963342 0.6617284128059043 0.38018012509940036 0.6199342571429847
14 1.0000001077278284 0.7801780289999999 0.9653991933130328 0.7801780289999999 0.9653993837264352 0.7413311320000002 0.9999999875743697 0.7413311320000002
11 0.6193300605655168 0.6149057606617696 0.6473938508441961 0.5769629060507719 0.7191352103545796 0.630019143869349 0.6910717765357504 0.6679616758472712
0 0.8149198570507679 0.5513739259413312 0.8324952689901011 0.5321373228839008 0.8681769610569745 0.5647346742855676 0.8506016312338716 0.5839711981142023
9 0.7956466975668945 0.5199991228644966 0.7956476314785732 0.6103746714366682 0.7102555427078414 0.6103748882825465 0.710255271515166 0.5199999999999858
9 0.7839737037400027 0.7186897482545082 0.766156281810936 0.7327383728576621 0.7498988412785366 0.7121227396298643 0.7677161971614623 0.6980741551751339