14 0.5699218544995119 0.05937495141656305 0.6299219267309581 0.014374993763106015 0.6757031280575347 0.07541669097658542 0.6157030878690648 0.12041661280834788
14 0.3125 0.08333333333333333 0.35670416875 0.08333333333333333 0.35670416875 0.11764828125 0.3125 0.11764828125
0 0.19317938629728815 0.09394704717916594 0.1403509535402918 0.08374144231267291 0.1539683585488092 0.013252393749310285 0.20679672867925092 0.023457992216646503
0 0.12763947341284165 0.04228399366294806 0.1121125108504657 0.043910655953733856 0.1094254222704194 0.01826161071752482 0.12495238122767205 0.016634948615397115
0 0.13111808968301375 0.12208403790238408 0.11886820956385691 0.12864151138442637 0.10675952437270553 0.10602161008585827 0.11900939559870949 0.09946413952277396
0 0.16872389143964028 0.19432103812144272 0.15623812799231018 0.21722331408986129 0.12830296939864638 0.2019939095594854 0.1407887343573293 0.17909165568664728
0 0.16682559412470255 0.19718932291061697 0.18750994385140984 0.2163547154984884 0.16492033255235583 0.24073429240522273 0.14423600319992147 0.2215689209933766
0 0.27644924698097384 0.18809683763295001 0.27644233792386785 0.17641030233485636 0.2847047379536889 0.17640541783502778 0.2847116496874378 0.18809195046441116
0 0.2890616616639363 0.10296736569296254 0.2726648221528194 0.10601695253860247 0.26926293934786827 0.08772593459947368 0.28565977011146515 0.08467634859433755
0 0.51171875 0 0.53515625 0 0.53515625 0.0245594375 0.51171875 0.0245594375
0 0.49609375 0.109375 0.5234375 0.109375 0.5234375 0.140625 0.49609375 0.140625
0 0.9369618781250001 0.009985597916666667 0.94439168125 0.009985597916666667 0.94439168125 0.021799808333333334 0.9369618781250001 0.021799808333333334
0 0.9497878272937896 0.08635471524214745 0.9401097644285983 0.08458717188499554 0.9420818336287766 0.07378927094278723 0.9517598939687559 0.07555681406360276
0 0.9776649807398599 0.1532525723057646 0.9819792976113604 0.14478184358467078 0.9914028755010804 0.14958143359389953 0.9870885610438336 0.15805216025098434
11 0.24607280312466173 0.07608811347750405 0.24298993255695223 0.09275742304759937 0.22114750021830787 0.08871782342599667 0.2242303743348657 0.072048518476467
11 0.26184274228990034 0.10938466542182637 0.2339518065627999 0.10967908504705347 0.2337140227589316 0.0871525455693224 0.26160494002476753 0.08685812604032637
11 0.2722772516309533 0.12232088170434369 0.2617981904173803 0.1273128293742122 0.2554993312485294 0.1140903602273603 0.2659783877809332 0.10909841386871395
11 0.5389048526402576 0.04724824293000643 0.5379655065652287 0.061933284563847675 0.5219318973561258 0.06090767468873903 0.5228712452412765 0.04622263499538359
11 0.5474566398036131 0.020632322479072887 0.5361028669063899 0.018751243401708983 0.5394953026652729 -0.0017247375606621702 0.5508490749092516 0.00015634146198856988
11 0.9355480161096921 0.03363277769549984 0.9182004062769238 0.04868605522076069 0.9000081488452452 0.027721044605728752 0.9173557558212906 0.012667769181438922
10 0.27734375 -5.161654000088126e-10 0.27734375054876637 0.02083333347863319 0.245110944795897 0.020833332962508635 0.24511094531249 -4.0839378153538135e-14
10 0.37109375 0.09375 0.409566040625 0.09375 0.409566040625 0.140625 0.37109375 0.140625
10 0.421875 0.15625 0.45837865625 0.15625 0.45837865625 0.203125 0.421875 0.203125
10 0.7265927315247609 0.0502548269682223 0.7237424057871067 0.0848702062086674 0.680969555586671 0.08134816032707207 0.6838198947409637 0.04673279582588442
10 0.7645257562472807 -5.4622695457948525e-11 0.7645257563442556 0.009820962498019425 0.7375640952251388 0.009820962414628962 0.7375640953124503 -7.615161074490408e-15
10 0.6817415933157918 0.11968452609485838 0.6783683793589717 0.13752763144328486 0.6514053737030281 0.13243032738064425 0.6547785947692546 0.11458723147762266
10 0.7660965150051879 0.1266207132695733 0.7658245008898348 0.14212711279346654 0.7423441229481114 0.14171521195276818 0.7426161443631827 0.12620881988584498
10 1.0000000002440856 0.14454671458333335 0.9978711932180886 0.14454671458333335 0.9978711939093046 0.13424221666666664 1 0.13424221666666664
4 0.25773445987454124 0.21104158881673843 0.2176099227093573 0.18094849575720007 0.2404224999501139 0.1505317718952842 0.2805469809934493 0.18062483382240382
4 0.19661905411419411 0.020985548382519717 0.17984655539805772 0.023736954781306382 0.17610173270679752 0.0009086150185914958 0.1928742302587807 -0.0018427912883584115
4 0.41461168984926644 0.0969067691244791 0.38852121743832413 0.08892198182706239 0.4181788377244402 -0.007984779433010748 0.4442692671874511 -4.45401895822137e-15
4 0.4948299548093473 0.07015931999289186 0.5147145580777988 0.07513045557541333 0.5011075126947162 0.129558651827714 0.4812229109669488 0.12458752047642983
4 0.4997340038138418 0.08026833380237583 0.4891007682149393 0.07964096742545977 0.48996916837359095 0.06492250215172457 0.5006024005681411 0.06554986842900525
4 0.80859375 0.005208333333333333 0.8359375 0.005208333333333333 0.8359375 0.03125 0.80859375 0.03125
4 0.8608455838389091 0.11026342823285251 0.856773210036863 0.143860753768987 0.7918078262561039 0.13598619304123957 0.7958802353861074 0.10238890775537403
4 0.8500600910965659 0.05759213885531083 0.8656851149743261 0.03415464636324475 0.9125600981960815 0.06540466564763832 0.896935088942314 0.08884214527642843
4 0.984375 0.16031901041666666 1 0.16031901041666666 1 0.1875 0.984375 0.1875
4 0.9376898221810279 0.16059814375000003 0.9235723848704538 0.16059814375000003 0.9235723891379166 0.14744384791666668 0.9376898177675912 0.14744384791666668
4 0.8385941679525786 0.23525667190838337 0.8305617522464672 0.2484046187669576 0.8181494775220699 0.24082176947938133 0.8261818926866908 0.22767382956792476
4 0.7755491043097891 0.288019705769114 0.7886086776795764 0.28571719788611755 0.7911262423460812 0.29999618037254355 0.7780666693670355 0.30229868676083965
4 0.905426452902816 0.2991102505596337 0.9071154242458306 0.2846366133471035 0.9194693453174523 0.2860781921531652 0.9177803827680009 0.30055182135065955