14 0.06988646654951935 0.25747462889254136 0.044143625946048815 0.2532835457781389 0.05126664130750669 0.20953295697618665 0.07700940265624467 0.2137240335251038
14 0.06844115137391782 0.06573179106747438 0.07945693341957849 0.06588403562287329 0.0791266483245181 0.0897820486130996 0.06811086627988061 0.08962980410089007
0 0.07100905977654293 -9.863937862953662e-12 0.07100905981974392 0.00651359641779305 0.04991624914350723 0.006513596406525253 0.04991624916726778 1.508616443984661e-13
0 0.10227463920705304 0.05144444035928348 0.09852303564753129 0.05139127239396704 0.09858647912244578 0.046914626616778136 0.10233808242901432 0.046967794580294694
0 0.07500516942684499 0.053129219747861535 0.06911590769027498 0.05272461530895098 0.06976719839303769 0.043244700297814354 0.07565645930480969 0.04364930470813484
0 0.08525523552236791 0.18014018594182532 0.07522336037800414 0.18000154123259526 0.07542820118840154 0.16518035165775208 0.08546006848303023 0.165318996312594
11 0.06544173742577186 0.017550262425071222 0.0709134454928062 0.017026217593411285 0.07202812286800508 0.028664894186109964 0.06655641480426766 0.02918893899618131
11 0.07006543795580455 0.023225477981149007 0.07719271197174749 0.02304072866087527 0.07758912620238334 0.03833362454969981 0.0704618521873499 0.038518373856689665
11 0.08180942174635675 0.04358661802468425 0.0777166107739049 0.04353005338171988 0.07782482127049661 0.03570035559575363 0.08191763185413947 0.03575692023602116
11 0.0549562055161914 0.1791080533989242 0.05968387159862232 0.1789939060298662 0.05989013287955913 0.1875365874115249 0.0551624667981514 0.18765073475335953
10 0.07134663080887549 0.0975043123148592 0.08639444079926761 0.09771228141109813 0.08610676764942582 0.11852708595159595 0.07105895766051162 0.11831911692697379
10 0.10576088036884812 0.14538412077773563 0.09071343904122386 0.1451320089253767 0.09104433037202853 0.1253830434761768 0.10609175933359438 0.12563515522429958
10 0.05391666341608925 0.26610139662921944 0.06508061109536811 0.26571022034334146 0.06588914661028866 0.28878483219452933 0.05472519895181449 0.289176008098643
10 0.0758960205537278 0.2507495128358018 0.08175867341503817 0.2501738097218986 0.08315059251799539 0.26434808764058215 0.07728793970397874 0.26492379043265574
10 0.07899049920160905 0.2984977776741665 0.083969642016541 0.2985147191717301 0.08392645553351485 0.3112069641010932 0.07894731271858291 0.31119002261351947
4 0.08992109493772205 0.02613004468903844 0.10252134319716788 0.020378425307159324 0.11204403591852952 0.04124007366732704 0.09944378809461796 0.046991692375583684
4 0.04812783072623006 0.13191273459243286 0.04272273350557043 0.11989932263708601 0.06799908461823634 0.10852698361008241 0.07340418367368784 0.12054038973694983
4 0.07951821512187962 0.15757435070254314 0.08341060646375809 0.1673877398230265 0.06538659230636767 0.17453673355175575 0.06149420664064564 0.16472334924079524
4 0.06116569007713224 0.16145616061458767 0.06586025400326889 0.1612534292332331 0.06610892773312571 0.16701181362871426 0.061414363808921735 0.16721454498083854
4 0.045342487032826284 0.3334478747498594 0.048017653021702245 0.33348484601391964 0.04783964755267789 0.3463645139829761 0.045164481564256675 0.3463275427435383
4 0.07089245493909857 0.32669686103936973 0.08174308615730297 0.3260297327454419 0.08367086167152138 0.3573833068921669 0.07282023055370246 0.35805043409755494
4 0.11243452007147425 0.34163765110237176 0.1176093364888402 0.3425878311411513 0.1162209857303651 0.3501487133438507 0.11104616941702261 0.3491985336899198
4 0.1305779474373594 0.317775020175674 0.13520313935055128 0.3181014123280537 0.1346752037799206 0.32558237276156243 0.13005001187934795 0.3252559807290888
8 0.561459114711738 0.18509801236191892 0.5770538223316635 0.1897286344046952 0.5734507749407385 0.20186260455167251 0.5578560680582996 0.19723198423706967
4 0.5307049268367336 0.1316390519327843 0.5322435165189745 0.09664053926553806 0.5832876476804358 0.09888450650615299 0.581749090862445 0.13388298719340608
8 0.6025066273283528 0.19049557188477464 0.5990909894730976 0.20103725846328338 0.5829486233940315 0.19580698395925766 0.5863642640306352 0.18526530261999005
4 0.5124507102069629 0.14588774874890556 0.4897401483373187 0.15337428218608795 0.4784044216252141 0.11898725465544169 0.5011149526155805 0.11150072675446165
4 0.5936891188467825 0.09433560639405117 0.6110497032834701 0.08385361446019951 0.6296500700145771 0.11466000090976912 0.6122894902576945 0.12514198680379177
4 0.8013090350366383 0.1055718481412763 0.8217023847814744 0.10598003656565924 0.8212205316218615 0.13005362535343595 0.8008271818797539 0.12964543710596296
0 0.5887901822859476 0.01641351628579078 0.6074661284321792 0.017482964475443705 0.6063144839370125 0.037594314061207036 0.5876385377986253 0.03652486596186411
0 0.5723179287666653 0.05400999140050011 0.5690603652309392 0.03506236941716406 0.5961154118343757 0.030410941826822222 0.5993729779514751 0.049358560296383185
12 0.5140203691953502 0.23277733569763762 0.5141566311615406 0.2238265967412567 0.5442356622824036 0.2242844872108286 0.5440994098296414 0.23323521681067866
4 0.7738034230519588 0.1426841504662869 0.7637613901550822 0.15208787027672538 0.7440563342681799 0.1310453733566247 0.7540983605590554 0.12164165921590703
0 0.7350632350444357 0.04578750355405577 0.7314349321744658 0.037577190732851144 0.7391323128052818 0.03417556462312081 0.7427606157996252 0.04238587702593847
12 0.48274951774772035 0.21792266549680278 0.4829961145251218 0.2099579214711504 0.49137527229686384 0.21021734547963203 0.4911286777615942 0.21818208732314445
13 0.677710739821805 0.04957901185390506 0.6794964054149659 0.06138243952990393 0.6530449239643303 0.06538410721984746 0.6512592614242294 0.05358068222796805
8 0.6971149934989853 0.13517899372598438 0.7014162452491064 0.14512635764730947 0.6872619389689589 0.15124665388089517 0.6829606911691144 0.14129929331287225
8 0.824527565976723 0.23381625039035922 0.8200190030291878 0.24216482974539202 0.808413766938088 0.23589764457145068 0.8129223302191804 0.22754906914158404
12 0.06609590431469314 0.5591080465044572 0.09759883203810205 0.5594170478385502 0.09607976450911337 0.7142690712390701 0.06457683687142435 0.7139600745526835
4 0.2150898156404537 0.3598405985755801 0.21509015920833008 0.4203933471698258 0.15017937552670446 0.42039346931945837 0.15017926592179265 0.35984095427437046
7 0.14652845739431086 0.8576986486115439 0.20550839299801282 0.8486364610047089 0.22027946378204888 0.944748849197554 0.16129955778592375 0.9538109156667695
4 0.6933779446724202 0.9999998573183287 0.6933841626818094 0.8285089968362287 0.8917677510398789 0.8285164780960408 0.8917662334048373 1.0000025596628652
0 0.8957458171078088 0.3653896515277594 0.8924470008593062 0.48668875558935987 0.6603207298386451 0.4803736042723704 0.6636213125948416 0.35907631150229424
11 0.862161982673797 0.7917285542209825 0.6658632731550824 0.7175556346629838 0.7425884182289337 0.5145413575381524 0.938879575699616 0.5887127016640598
8 0.48256063668554816 0.8625670046679477 0.529025175924744 0.8630870850570564 0.5275470901237895 0.9951069819878005 0.4810825511092389 0.9945869113782921
14 0.6059188619118459 0.9169896064545178 0.4957754692451317 0.8996700399974823 0.5414261354368364 0.6094350002172675 0.6515623396447836 0.6267540009793252
5 0.48759418208601346 0.4129863414538114 0.6199515347752822 0.41446809534929263 0.61743953759742 0.6388348140086995 0.4850821871508515 0.6373530864811138