14 0.12539229608933056 -4.161233292090237e-10 0.1253922966469645 0.017914273735610223 0.0803144196016774 0.017914273234374098 0.08031442011167655 -2.2164490436448882e-14
14 0.24394764003147884 0.01688571996152896 0.2698745593710328 -0.0029419798838581806 0.29119173794560993 0.024932597660247323 0.26526482068379664 0.04476029524492049
14 0.1913989786245338 0.23666734518751975 0.17819652964169563 0.22764088604452978 0.1901507984039199 0.2101563951670983 0.20335323375843473 0.21918284782546324
14 0.20051456428097936 0.2609802550800565 0.210885420433101 0.2530492803762441 0.22196089245699113 0.2675317047383362 0.211590041402701 0.27546267361729443
14 0.23629869924548075 0.2679114467962282 0.23601957407674945 0.28057542161976196 0.21757787065780576 0.2801689468226072 0.2178570053506519 0.26750498171779347
14 0.24540948859021228 0.23156811753640302 0.25059490828061826 0.22760261924233957 0.25994474726974204 0.2398285815414245 0.25475932950394053 0.24379407764191124
14 0.2795415613999239 0.27940240564819363 0.2745256195718184 0.279333071461653 0.27481293510697924 0.2585481406620515 0.27982886829170184 0.2586174747883784
14 0.3067881708686855 0.28036877593833764 0.3105417022122765 0.28368123266386835 0.2994748959926028 0.2962213341067372 0.29572136694594064 0.2929088798151724
14 0.32577880100905077 0.25220923498051667 0.33206983606385165 0.2553514781249827 0.3240602135294921 0.27138708240767506 0.3177691799456852 0.2682448415066254
14 0.3340493250345844 0.06945581126236816 0.3337236745494465 0.0842304392817792 0.31730199455887487 0.0838684833999443 0.3176276478081945 0.06909385819628407
0 0.20335831919078373 0.053387739895689394 0.20281388095622788 0.06680668935814638 0.18759254367978428 0.06618912228860153 0.18813698368819587 0.05277017459479074
0 0.12169720657948346 0.07744541413673883 0.12202286136357543 0.06267078695679244 0.13875808865873296 0.06303965568493747 0.1384324365753855 0.07781428020884607
0 0.20638295827518505 0.12785811309195705 0.1946791044914562 0.12769633112932158 0.1948349385839947 0.11642299869977246 0.2065387874656608 0.11658478062855387
0 0.24148570370709876 0.12898042422453096 0.23312580649644588 0.1288648649231425 0.23332430092307277 0.11450545107220261 0.24168419373040706 0.1146210103433729
0 0.1782865105574274 0.1569949573729442 0.17259834651315487 0.14608409561946234 0.1873794058767544 0.13837833238161584 0.19306757041681522 0.14928918999254687
0 0.21644488406127493 0.1302142432475032 0.21625879853638708 0.13865688887518693 0.20452159529429537 0.13839818688275002 0.20470768280199536 0.12995554329830458
0 0.26800422185874595 0.1777871286044295 0.25575877416088133 0.18570638582979895 0.24417923165674438 0.16780123896530758 0.25642466893145865 0.1598819862764719
0 0.27414830420764247 0.18565072550845124 0.30257194140915544 0.1860436226024923 0.30214278448829646 0.21709006127719782 0.27371914729735636 0.21669716455725807
0 0.22127689496096536 0.20783239933707837 0.23067670776481464 0.2106328893781791 0.2261579140986214 0.22579995330637653 0.21675810191709388 0.2229994647279768
0 0.3318540549593081 0.24788992529786327 0.32169597418749163 0.25565821458079896 0.3123651084217727 0.2434570743341663 0.32252318142514014 0.23568878952169217
11 0.31692829295923275 0.05643679360016851 0.3303542334820122 0.04616926946166432 0.33817194107234627 0.05639179134958051 0.32474600156160705 0.0666593143430657
11 0.32533629911927164 0.06126056607524081 0.3301439142688878 0.06666697961223148 0.31995372996209426 0.07572851540429547 0.31514611561033234 0.07032210263144559
11 0.29261991614384897 0.050343753960734476 0.29643162239756293 0.057660330348050466 0.2793951826549801 0.06653576849391846 0.27558347784793114 0.05921919334440064
11 0.2401979899610751 0.08075705921414861 0.25275602753424664 0.07115327711745101 0.2606862899680209 0.081522978625174 0.24812825378626258 0.09112675915436605
11 0.21348515730005602 0.09207736494169824 0.21408250266347295 0.10218160061400847 0.19084853637900778 0.10355514305675294 0.19025119468903995 0.09345091082878663
11 0.17973565640909328 0.08693540755023538 0.17528363990174967 0.09883688688985526 0.15997422390341853 0.09311006587268746 0.16442624157502905 0.081208589131134
11 0.14624243623165967 0.12022014768336893 0.14647504869788008 0.10966684072650787 0.15983201703750183 0.10996124942443854 0.1595994070951292 0.12051455389054107
11 0.18468674556095266 0.24567761152056547 0.19471861750332664 0.24581628052922336 0.1944262359052118 0.26696792252739127 0.18439436396499786 0.26682925363323395
11 0.2235188302466895 0.23962077211853935 0.218677577400058 0.24639850675771852 0.2128643093554956 0.24224623242161228 0.21770556164210575 0.23546849955653537
11 0.2254780055354786 0.24156842454968327 0.23090651024187991 0.23479028737439542 0.23736024232528052 0.23995889157236397 0.23193173984191162 0.24673702669141523
11 0.2870352198249293 0.2819064068103004 0.2824308939580078 0.28253438952414517 0.28144252630522715 0.27528790765702954 0.28604684935214664 0.2746599251382479
11 0.29086428520213303 0.26535830792012755 0.29541126400511075 0.2672101834593254 0.2925515642126584 0.27423155499711077 0.2880045857322102 0.2723796800350707
11 0.3074680703194872 0.25778629369260064 0.3019772313082285 0.2588538950455361 0.30011181417307853 0.24925994117475808 0.3056026491620969 0.24819234022345354
11 0.3206727371306215 0.2074663670883904 0.315885938919223 0.20740019917171948 0.3159779864350867 0.20074134452877088 0.3207647826656057 0.20080751243175213
10 0.3123323088810821 0.08798231537166741 0.31209970237068774 0.0985356210651953 0.29563068306379137 0.09817262343347585 0.2958632919858246 0.08761932020014711
10 0.28987278456554577 0.15309147843466367 0.2827383907723515 0.16080091027124568 0.26733183380417813 0.14654360552439294 0.27446622458649017 0.13883417737060846
10 0.25480325699527384 0.1360297224607969 0.25505804694341805 0.14526453550342253 0.23808698698417174 0.145732761900967 0.2378322004913116 0.13649795221795893
10 0.22743317083529746 0.16907581075433978 0.22771529373596877 0.17838609191169374 0.21059406890651644 0.17890489338821994 0.21031195035902783 0.16959461645881801
10 0.18720374007011742 0.16099038369646676 0.19639349496230807 0.16087640212543172 0.1966824396051834 0.1841723358733166 0.18749268471447067 0.18428631737450937
10 0.32500552421470275 0.16558573380471123 0.32493736544950025 0.16854666061768103 0.31813274967282723 0.16839002294787314 0.3182009089385929 0.16542909664799474
4 0.19310018215412583 0.021057201763502547 0.18869308818534591 0.005806625682615557 0.22245602045404667 -0.003950147928589085 0.22686311484449107 0.01130042728509058
4 0.19795647813975847 0.021920050835719445 0.2010971392069223 0.03380982456021984 0.16782998280837091 0.042597273913273205 0.16468932403495273 0.03070750212039909
4 0.0805753167300054 0.05622011241127147 0.07576001890470252 0.04193402515944205 0.1067321831864092 0.031494488570698115 0.11154748258820746 0.04578057267699901
4 0.3196821062554136 0.008292798607746595 0.316994208480196 0.021181340084891254 0.2925917425127409 0.016092219520926456 0.29527964069859536 0.003203678666392194
4 0.234724278023009 0.2937754661118504 0.24426613371485928 0.2967065513542167 0.24043104412260163 0.3091909581128438 0.23088918919017942 0.30625987462711757
4 0.23107500867706676 0.32532293591073413 0.24128834574344182 0.3257371919024908 0.24065160380462203 0.3414353165545482 0.23043826675893797 0.34102106089336215
4 0.2579860163930334 0.31531023445998363 0.2519398857731403 0.3120053146876832 0.2570581461227448 0.3026420780709667 0.2631042718297749 0.30594699617944277
4 0.2788342875885519 0.3426077239478182 0.2706137948042624 0.34123661565378016 0.2724068820593857 0.33048654569515923 0.2806273658518421 0.33185765322381683
4 0.2861745337335151 0.2951844574562242 0.29527342987853444 0.2963398280271488 0.2933087974172395 0.31181147870810877 0.2842099014270616 0.31065610897021645
4 0.3063812446363272 0.32674605826370307 0.29896669139850474 0.3269860535310665 0.29857760462391525 0.3149656230701352 0.30599214916026085 0.3147256279436255
4 0.32738168770276843 0.3030864107057893 0.3202564925124989 0.30365603874244035 0.3192879638353361 0.2915414725371522 0.326413151214183 0.2909718448143974
4 0.31224822998945 0.3490038278813471 0.319624642847657 0.34880647162784495 0.3199156876495408 0.3596841868333551 0.31253927479622234 0.3598815429709074
8 0.8795975969251231 0.328074898207252 0.893253057181937 0.32834817486431084 0.892870518343102 0.3474627386744002 0.8792150580947009 0.34718946228684566
9 0.8675966537215345 0.1589196370283922 0.8613002965304304 0.14382887793801272 0.8865514994905652 0.13329331758488808 0.8928478598322727 0.14838406752574196
9 0.7979128635396364 0.16065030125886515 0.8195448333426611 0.15457408083113067 0.8240725744813062 0.17069317729265862 0.8024406057432998 0.17676939515473103
9 0.5926805007319444 0.2565841358094222 0.5788287525512033 0.24559149227497656 0.6001699558864857 0.21870009752503505 0.61402168206439 0.22969272747019603
9 0.6623728158403992 0.282742294283014 0.6508325677913263 0.26904116083149265 0.6675067467371036 0.2549970796268848 0.6790469871590403 0.26869820082613466
10 0.8354121668684229 0.07853984944486019 0.8599919955389623 0.07903176369581434 0.85939916106895 0.10865427207887662 0.8348193324019348 0.10816235803442124
10 0.8212150391416344 0.08026899723299825 0.8366429579707528 0.0933759023595084 0.8108398561329295 0.1237481977629887 0.795411944489615 0.11064130058497322
10 0.7505323989713588 0.17232679940929924 0.758088064702406 0.19043570859473985 0.7269648531107578 0.20342122688665282 0.7194092078167387 0.1853123349584003
10 0.7076105920222062 0.15211833819112805 0.7228792780518916 0.1662312409278781 0.6910609989573686 0.20065495482555365 0.6757923298790729 0.18654206963647815
10 0.6321358107234119 0.15567533468739025 0.6607082178668406 0.13528046759374773 0.6825488197414415 0.16587807866575233 0.6539764286625314 0.18627292686864835
10 0.561771465237257 0.18796127658493456 0.524961440563402 0.21341501876659633 0.5031674373775559 0.18189782756846948 0.5399774044616379 0.1564441133961773
4 0.6463994162762674 0.02717383435684684 0.6303981971686881 0.010349088542547907 0.6477952460588767 -0.006196419417321203 0.6637964644711474 0.010628325590027455
4 0.705834760893822 0.0002145195531218599 0.7057078137600001 0.008553048424030272 0.6818816949394204 0.008190315419479652 0.682008642197502 -0.00014821339688806214
4 0.8036132592236527 0.029205574662178723 0.7790334291022418 0.028713664071834195 0.7795109725250313 0.004851808944287865 0.8040907997498152 0.005343719506608968
4 0.8411273038193485 0.1933170405263971 0.8549203152101654 0.20977709688756904 0.7961214537959904 0.2590478718916736 0.7823284885575958 0.24258785887679327
4 0.6609971381166133 0.31061424981306046 0.6777383804469537 0.31195833519552946 0.676145866182992 0.33179326486055877 0.659404624001013 0.33044918078695207
4 0.7035318886033792 0.3231279051232853 0.6914676694628952 0.33648497707450986 0.6790249307483691 0.32524694200241305 0.6910891414191838 0.3118898811131159
3 0.8523724477894348 0.32295744386858466 0.8521548301896473 0.33725207369043236 0.8357324836408679 0.3370020595916877 0.8359501128427382 0.32270744154338016
3 0.7238049103511912 0.30038743324407624 0.71365688925016 0.2909768825278618 0.7284298228961461 0.27504666298992536 0.7385778333160715 0.2844572047176604
3 0.7313526434506912 0.30012988226394793 0.7416455430113729 0.31586140860916156 0.722922511329898 0.3281112148981104 0.712629630751394 0.31237970531423503
3 0.5953792437321681 0.2618912410920815 0.6124259630568076 0.2720654930328263 0.598682887209975 0.29509114219825927 0.5816361765354259 0.284916901826513
9 0.6544584588340285 0.23865702929647897 0.6565667846248289 0.22757987377046424 0.6750713245131692 0.23110179994453994 0.6729630072135251 0.24217894800578726
0 0.5085263150838273 0.10153687765359873 0.5140063778693502 0.02326349655566848 0.6572293125625492 0.03329073415165763 0.6517493689841558 0.11156400892149047
0 0.6044301025067398 0.3533671392663891 0.5876185558354337 0.33529797767572167 0.6138432634153332 0.31089935080886955 0.6306547831957232 0.3289684799928002
0 0.6904831558659907 0.35977653631281376 0.6904832380300832 0.3460301067801504 0.7623479816090821 0.3460304137886688 0.7623479525134371 0.359776790519475
10 0.8666860329112751 0.17623533389690796 0.8597619413735629 0.16801460942805183 0.8724553986620549 0.15732334898142464 0.8793794880639325 0.1655440700055754
4 0.29754521117013155 0.536596684935693 0.29506531386971346 0.5365822508957064 0.29519018437724753 0.5151310492249 0.29767007318434935 0.5151454832402236
10 0.2820724296143453 0.6409598282842638 0.28965466515887783 0.6422411771849182 0.2859882246199277 0.6639341264110389 0.2784059897675206 0.6626527803103232
12 0.2971810918195388 0.5991504270910339 0.2932457408534219 0.5991275223683382 0.2933041215362664 0.589098657309247 0.2972394653631909 0.5891215620111735
10 0.5258750371732503 0.6081437504937676 0.5298864757745605 0.5821078527888125 0.7147195768998245 0.6105811663208807 0.7107086432707774 0.6366166140692671
7 0.7530984430167109 0.8604616759776887 0.753481268483597 0.8227264724446438 0.8505911834087101 0.8237111818091222 0.8502088322653663 0.8614459128051852
7 0.994633919571811 0.859841847528958 0.9695661757807557 0.8590879031273418 0.9710557211645892 0.8095780095012804 0.9961231497206882 0.8103319491620115
11 0.6131122095749788 0.5434052898056329 0.6681221974914706 0.42706536416370805 0.9770373368032779 0.5731172554735048 0.9220313192571439 0.6894537816756405
11 0.8426452173741836 0.5804811836578606 0.9130782412307781 0.6958741165524177 0.6200517814169189 0.8746954288920694 0.5496238331147651 0.7593069203331761
11 0.3808803364719324 0.645339941121783 0.5231566127556562 0.6496193871256144 0.5197941775242043 0.7613922559109356 0.37751790434663235 0.7571128608748582