14 0.1587381589611141 0.10530448059557265 0.24264243478774006 0.13676833369796254 0.19084436261096016 0.27489616773084263 0.10694015583067085 0.24343244745287182
14 0.20727540966356628 0.44693632467102323 0.09877806640122344 0.46321014649502706 0.08264750699595425 0.355668782451363 0.1911434567160768 0.33939506570162586
14 0.07972111326466802 0.5550565451981432 0.1436490756960893 0.5848302655802725 0.09691047679280018 0.6851722300435177 0.03298270530922309 0.6553988196819809
14 0.200946573457486 0.6354523233165288 0.2534012096848528 0.63893876299407 0.2449126053895725 0.7666343083356149 0.19245797372457218 0.763147916215217
14 0.5766314098385692 0.460171442941599 0.6171586743180342 0.450040346670433 0.6283795215650798 0.49492391657393564 0.5878522697333892 0.5050549786804629
14 0.70164133362141 0.5475007470943924 0.6766404739379368 0.5662497877770748 0.6496089952476041 0.5302078211466145 0.6746097302740282 0.5114588496873634
14 0.6796875 0.5572916666666666 0.703125 0.5572916666666666 0.703125 0.6145833333333334 0.6796875 0.6145833333333334
14 0.6001049688326248 0.6517024223533263 0.6126056131519135 0.6423282105072476 0.6358596188742922 0.6733336619839401 0.6233590062350913 0.6827078371879107
14 0.6992187418981075 0.7343749540915049 0.6992187906339495 0.7499999949853176 0.6607641186118371 0.7500000273897287 0.6607641377970594 0.7343750548354064
14 0.7227194158158454 0.8021007445978724 0.7322919555516592 0.8087716261356098 0.7094298448380414 0.8415714064858278 0.6998573328124849 0.8349005583333168
14 0.6750717774898476 0.8701238679409584 0.6869170623211858 0.8847658831109517 0.6578628637537349 0.9082647592326933 0.6460176586149373 0.8936228180503778
14 0.600420456250049 0.9999999999999474 0.6004204712189676 0.989557384880162 0.6071411824589177 0.9895573971938033 0.607141178124948 1.0000000016747201
14 0.7109108835089728 0.9999999999299454 0.7109109017012543 0.9889680132223186 0.7223708650088838 0.9889680325589941 0.7223708659698787 1.0000000001101415
14 0.30859375 0.859375 0.3359375 0.859375 0.3359375 0.9166666666666666 0.30859375 0.9166666666666666
14 0.3085937421815288 0.9427082816643184 0.3085939162475597 1.0000000677288094 0.28345359111051494 0.9999999883403178 0.2834536301334083 0.9427084152343252
0 0.08580951869089404 0.4878311489579045 0.06065894533480787 0.4464765109322276 0.09673892798809902 0.42453525674554765 0.12188949220762879 0.46588977232036893
0 0.08800287264102735 0.3173843521699245 0.05305782013579119 0.2910148617764238 0.08574731171961503 0.24769567788401634 0.1206922534674959 0.2740651059947343
0 0.11288396556847147 0.8480394026002883 0.13324620323442105 0.8603158779012433 0.11525969993272156 0.8901421063349515 0.09489750499949423 0.8778656876137341
0 0.06853248643892584 0.9999999929530897 0.06853298034423005 0.9411995360328163 0.12276376684235402 0.9412000332062822 0.12276374484451935 1.0000000173644186
0 0.30859383683400665 0.5026041666666667 0.28381014541889726 0.5026041666666667 0.2838102156830473 0.45484989375 0.3085937373134584 0.45484989375
0 0.33203124095769 0.2499999634641582 0.33203130289348337 0.3020833415886294 0.3046875014914576 0.30208332840002894 0.3046874994637392 0.2500000101796809
0 0.4015850730802413 0.47884916257796245 0.42217680283476966 0.4792057110317391 0.4215409810692563 0.51592358308653 0.40094925133939796 0.5155670356248816
0 0.425042639768094 0.6035283106183824 0.41939014096442406 0.6291853441163288 0.3945326287126818 0.6237095595033348 0.4001851708733284 0.5980525869074707
0 0.4660105672190866 0.4732407415198719 0.44215730009091203 0.4681805732848668 0.4520672641200463 0.4214690796150941 0.47592038212769694 0.4265292315511139
0 0.42578125 0.5104166666666666 0.44140625 0.5104166666666666 0.44140625 0.546875 0.42578125 0.546875
0 0.4765827832333116 0.670094963723955 0.5038300810667806 0.6459475074813728 0.5348250106515025 0.6809165565598976 0.5075778232603625 0.7050638962256809
0 0.5832045447207292 0.7291663633461761 0.5832050713172521 0.8177084071576842 0.5258017586971846 0.8177082646996321 0.5258018311773185 0.7291668206910252
0 0.5954363727264536 0.5529695979948159 0.6077173188436973 0.5788092399493306 0.5794919059406993 0.5922226552210619 0.5672110424306993 0.5663830835939481
0 0.62109375 0.859375 0.648684578125 0.859375 0.648684578125 0.9010416666666666 0.62109375 0.9010416666666666
0 0.546875 0.9427083333333334 0.5703125 0.9427083333333334 0.5703125 0.9791666666666666 0.546875 0.9791666666666666
0 0.01965717260748079 0.9190019770914767 0.028298321644911084 0.9278373654832871 0.018271951815222565 0.9376407214059388 0.009630820467577905 0.9288053505394274
11 0 0.5729166666666666 0.01953125 0.5729166666666666 0.01953125 0.5989583333333334 0 0.5989583333333334
11 0.02007827405725493 0.7362498170252513 0.0025772265070145295 0.7231260784472167 0.025702713962232338 0.692292222880632 0.04320366185606872 0.7054159060435476
11 0.11268858617006572 0.7864583332252918 0.11268861127564378 0.7717992991298757 0.12646423334922474 0.771799323617906 0.12646423220621728 0.7864583337507484
11 0.07726806191408286 0.5143923078523511 0.04863888312729614 0.537789380373373 -0.0028339174132270273 0.4748106441632862 0.025795041713877254 0.4514137144191757
11 0.08867198360405837 0.16171874079394705 0.036588505347253886 0.18776035423742923 0.00065103938845823 0.11588533510798775 0.0527343682922492 0.0898437661570622
11 0.282116252050173 0.8581503463839304 0.30663399571767513 0.8641637621675037 0.292707920943144 0.9209292337893759 0.26819019403660604 0.9149158656362494
11 0.3100451442710437 0.8535703845149234 0.32399478541094595 0.8612128251063761 0.3057878602216988 0.8944379418672386 0.2918382461816691 0.8867955398029693
11 0.3153028224163563 0.9999999866559124 0.315303017567544 0.9687499285340953 0.3491994591930734 0.9687501520736269 0.34919942292879114 1.0000000509425928
11 0.3890425590468567 0.9059197371393943 0.40886974211923643 0.9221730042457135 0.3834164521884986 0.9532149415998726 0.36358935302371265 0.9369617667592773
11 0.2912077291325659 0.7307600279153363 0.30689080512763667 0.7358538782246268 0.2901573788559517 0.787364236750545 0.27447431747089013 0.7822704183120575
11 0.329076324396965 0.624043838064652 0.35335817755219523 0.6266778961707234 0.34761467086298126 0.6796172393211761 0.32333281986598195 0.6769831951014283
11 0.3588173498219476 0.4644432624355565 0.37755119998735154 0.4653469758284791 0.37408179247927364 0.5372619966481355 0.35534794264242464 0.5363582882115309
11 0.3391820958020162 0.42708335367162736 0.33918214188497586 0.37693683216899576 0.3632812441560418 0.37693687130282805 0.36328127190995474 0.4270833191460484
11 0.390625 0.328125 0.41015625 0.328125 0.41015625 0.3697916666666667 0.390625 0.3697916666666667
11 0.640625 0.453125 0.6796875 0.453125 0.6796875 0.484375 0.640625 0.484375
11 0.6342299350816347 0.5712512465630332 0.6189647867900021 0.5666533519966539 0.6255268651570987 0.5448692344820459 0.6407919582547947 0.5494671201638274
11 0.6161874733849118 0.5920283215852524 0.6327400551502933 0.5837013102328951 0.6423158338831172 0.6027341753783042 0.6257632627871317 0.6110611705896258
11 0.7074662024188001 0.7624186757668555 0.7010519997820666 0.774456856652704 0.6891614688754544 0.7681224397104698 0.6955756733998442 0.7560842777134641
11 0.6844310904857593 0.7769836935489846 0.6919418552143952 0.7884210471395836 0.6784260151135868 0.7972950267423576 0.6709152754937122 0.7858576953299193
11 0.6604108356945062 0.8318836339315379 0.6472413412545848 0.8404104627994665 0.6364713404045688 0.8237798638399513 0.6496407859374358 0.8152530562500296
11 0.5521384266947962 0.8750051209725255 0.5521384531444937 0.8600938981467722 0.5644588748992874 0.8600939222509294 0.5644588727259361 0.8750051208015222
10 0.014271371407517108 0.8314023775145255 -0.005226377640383362 0.8117337423102533 0.04052047867935471 0.7663933535947692 0.060018075115408465 0.7860618332650451
10 0.09570117855969329 0.9103144270726016 0.07549471695358534 0.9267481031436735 0.03649491446878983 0.8788063985398114 0.05670116117710222 0.8623728608842834
10 0.04519590117934058 0.9226792168627712 0.06551539246549964 0.9473167801355475 0.016927010503877682 0.9873779541168527 -0.00339223934383881 0.9627406163134549
10 0.34375 0.7923923895833334 0.36328125 0.7923923895833334 0.36328125 0.84375 0.34375 0.84375
10 0.43677401719014597 0.7232581099320481 0.4571921869421658 0.7124430275537392 0.4834579151707885 0.7620228739755567 0.46303979257879746 0.7728378878246203
10 0.43652015314228265 0.6143799675642198 0.45361280745567 0.6148839524448152 0.4520563446495771 0.6676649452616915 0.4349636904543104 0.6671609629761426
10 0.49886280313580755 0.5301501414905214 0.5160968108824591 0.5306860970132421 0.5144377440285552 0.5840295821791405 0.49720373640161597 0.5834936290798208
10 0.5273224473154414 0.4592358763386743 0.5260598109099419 0.4878223737227236 0.4829658651447062 0.4859189770741569 0.4842285860734137 0.45733256834101843
10 0.4575126515625243 1.0000000009370764 0.45751268474828066 0.9820757590369845 0.46672674263754743 0.9820757830298715 0.46672673437501544 0.9999999999999716
10 0.4867737078125174 0.86549689375 0.49225373045669585 0.8654937119584537 0.4922660154808227 0.8866473819517221 0.48678599283664425 0.8866505637342876
10 0.5645491125501394 0.9861522541703406 0.5649202788603134 0.999897464482476 0.5542901965693545 1.0001844070250674 0.5539190529509597 0.9864392188395563
4 0.19020748533068854 0.6531192806407765 0.18964483670094978 0.6983052266991445 0.11849982077421828 0.6974190224950934 0.11906279551897114 0.652233405937742
4 0.2057093823765399 0.5686854666521922 0.17397129218454666 0.5622668447069052 0.19517026389348757 0.4574549846623781 0.22690783050109076 0.4638735514246509
4 0.24341668315037168 0.383960407471908 0.2663706760394007 0.38787620268804796 0.24866026053450696 0.4916870974694417 0.2257062744271252 0.48777132968563186
4 0.27627508638784093 0.21142883145052552 0.24797311139491285 0.20612225518343905 0.26642839006944996 0.1076945908810479 0.2947302286490867 0.11300115388039546
4 0.18730853596264296 0.7843080197981346 0.21182402746160278 0.7816006818453303 0.22037654148925867 0.8590298457811063 0.19586105438872892 0.8617371572846481
4 0.1589322018535313 0.8661789125146588 0.1881725372066967 0.8630468286879158 0.19846376371037877 0.9590993496631351 0.16922343497947168 0.9622313913971733
4 0.7526774634205822 0.6352358003458204 0.7299262405546187 0.6353722918601159 0.7297225513356125 0.6014111994976041 0.7524736291090903 0.6012747084176608
4 0.8221997123431493 0.6107536533039707 0.8049243633299739 0.639994648548066 0.7813239362814102 0.6260532687103388 0.7985992830944042 0.5968123488325655
4 0.7562315637961774 0.7010771838990858 0.7424223870684727 0.6953537352066695 0.754171793184014 0.6670096819034136 0.7679808921557196 0.672733112355118
4 0.7922727229763495 0.7304876198701485 0.811962715370214 0.7253169314842106 0.8184183074196199 0.7498957864216113 0.7987283206563234 0.7550664599880806
4 0.7384754243728366 0.8010866680217315 0.7225138794808572 0.7851487276308579 0.7488583146888459 0.7587702448794346 0.7648197886561547 0.7747081145814353
4 0.7752028370110793 0.8092087973315697 0.7907335322270228 0.8261837335086786 0.7744203834809014 0.8411058031901999 0.7588897370226277 0.824130914115701
4 0.7210560570723601 0.8749185795251786 0.7434303576550292 0.8777694973232248 0.7406338092258693 0.8997118591306654 0.7182595102586902 0.8968609498563602
4 0.848503354338618 0.8563581196333168 0.8469373161717613 0.8792617830154602 0.82529007679409 0.8777819257195335 0.8268561756101462 0.8548783278447848
4 0.7994763233893991 0.9603495115446059 0.7983477096195202 0.9437651874535556 0.8203359484707562 0.9422692209722304 0.8214646112086257 0.9588534921531066
4 0.7368347020490091 0.9999999976423047 0.7368347617293693 0.9843098472778978 0.7580236859371325 0.9843099178260849 0.7580236765045356 1.0000000179633275