14 0.57421875 0.3403025604166666 0.616255428125 0.3403025604166666 0.616255428125 0.44022645416666667 0.57421875 0.44022645416666667
14 0.50390625 0.328125 0.53125 0.328125 0.53125 0.3958333333333333 0.50390625 0.3958333333333333
14 0.43788011769152035 0.4859832134056156 0.42925096947897146 0.540414193009649 0.37348765877675305 0.5315742815226491 0.3821169984836388 0.4771435382064998
14 0.36856493844663873 0.6145583487799986 0.3509314898424236 0.6273100078102419 0.32175531344682895 0.5869684796142718 0.3393886510497168 0.5742168783838842
14 0.3910304797620938 0.754766165974489 0.3759359408201135 0.7575959366551547 0.36691480214483363 0.7094829177408897 0.3820091807217523 0.7066531624779897
14 0.296875 0.828125 0.3125 0.828125 0.3125 0.8489583333333334 0.296875 0.8489583333333334
14 0.6599755606330291 0.9493119196688855 0.6053936931535873 0.9776151848028686 0.5603378438451045 0.8907481014607848 0.6149184562500523 0.8624452333333336
14 0.51171875 0.890625 0.53125 0.890625 0.53125 0.9270833333333334 0.51171875 0.9270833333333334
14 0.390625 0.9555905437500001 0.41015625 0.9555905437500001 0.41015625 0.9791666666666666 0.390625 0.9791666666666666
0 0.16015625 0.4824793625 0.23046875 0.4824793625 0.23046875 0.5494791666666666 0.16015625 0.5494791666666666
0 0.26179634417121633 0.507709022319138 0.28679713265887585 0.526458052258764 0.26867201950324215 0.5506247883261082 0.24367127083780815 0.5318758041259329
0 0.38132878515614266 0.5318757307748786 0.3588280527670804 0.5487498983577405 0.3357028273001106 0.5179162784057141 0.35820346535217595 0.501042163316178
0 0.24518131047284442 0.5945314957690977 0.2751325129236193 0.6544260694461592 0.2084651525613026 0.6877594271212133 0.17851446083182054 0.6278652897183253
0 0.21484375 0.59375 0.234375 0.59375 0.234375 0.609375 0.21484375 0.609375
0 0.2936791777744929 0.6313339132771503 0.3136592394243962 0.614677507284411 0.3360348834871729 0.6415147968152617 0.3160548737816953 0.6581711463255799
0 0.1774340151674778 0.6585531504139267 0.19772635937533778 0.7110188741105878 0.16013478500360634 0.7255559481392191 0.13984270376352015 0.6730904472691308
0 0.14453113303670762 0.7552083524706764 0.14453129440425982 0.7083332913117871 0.18871448372829036 0.7083334834969913 0.18871455355349553 0.7552083120889629
0 0.3046875 0.7552083333333334 0.33203125 0.7552083333333334 0.33203125 0.7864583333333334 0.3046875 0.7864583333333334
0 0.4161772085991515 0.8452968036659565 0.40599341184122295 0.8977751773073127 0.35132274889531345 0.8871679692418375 0.3615068347713759 0.8346899784861792
0 0.234375 0.9023477833333333 0.2578125 0.9023477833333333 0.2578125 0.9427083333333334 0.234375 0.9427083333333334
0 0.24934955825540328 0.9570937049678764 0.2305282064455696 0.966413670172275 0.21241629975384058 0.9298471010288061 0.23123746597639183 0.920527190719583
0 0.42578125 0.9114583333333334 0.44921875 0.9114583333333334 0.44921875 0.9375 0.42578125 0.9375
0 0.43359375 0.93432015 0.453125 0.93432015 0.453125 0.9583333333333334 0.43359375 0.9583333333333334
0 0.5078125 0.9375 0.53515625 0.9375 0.53515625 1 0.5078125 1
0 0.5102835945514244 0.8381960816676496 0.48147639280716703 0.8393911326377668 0.4787630959732496 0.7739928768839074 0.5075698336607957 0.772797835573855
0 0.5028007834956725 0.7761636253839753 0.48795376892758213 0.7757827339744495 0.4886215792934081 0.749758198858564 0.5034685041974853 0.7501390891184608
0 0.48012119920963414 0.6423019590631794 0.45443573985255625 0.6519329000455928 0.4309983594523601 0.5894328860250266 0.4566835301881156 0.5798020047940801
0 0.5186801486944432 0.6088414811698192 0.502733858582701 0.6105401992629368 0.49639089040510953 0.5510026400583936 0.5123370127948874 0.5493039309916389
0 0.49036991080663483 0.4814031362932078 0.4692058176540286 0.4744667114538988 0.48602769460455875 0.4231440943699292 0.5071916433001888 0.43008049369317025
0 0.6796874877405799 0.2604166368800957 0.6796875431638227 0.31724374202352995 0.6499847250569246 0.3172437101897629 0.6499847435976562 0.2604166783709947
0 0.71484375 0.125 0.7734375 0.125 0.7734375 0.21875 0.71484375 0.21875
0 0.7539062785217538 0.36458333333333337 0.7287607484863656 0.36458333333333337 0.7287608009714859 0.328125 0.7539062341546696 0.328125
0 0.7800338825685458 0.5742431792998318 0.8045622839011912 0.569644595674508 0.8116966709727649 0.6076947542457132 0.7871682740229744 0.6122933218333443
0 0.6748373188395362 0.5415368860307858 0.6465802241809797 0.5419525911883927 0.6458116950526573 0.4897081638399004 0.6740685587725466 0.4892924603767102
0 0.68359375 0.609375 0.69921875 0.609375 0.69921875 0.6276041666666666 0.68359375 0.6276041666666666
0 0.8594527459446226 0.4349994675725438 0.8819532767255396 0.4181251153735741 0.9050783843225645 0.44895872361759265 0.8825778914289231 0.4658330320035264
0 0.9648438524156973 0.75 0.9400760980493033 0.75 0.9400762013931399 0.7083333333333333 0.9648437263656433 0.7083333333333333
0 0.8203129920154879 0.9607439416666669 0.7269140587497986 0.9607439416666669 0.7269152102660428 0.8802083333333334 0.8203120365885752 0.8802083333333334
0 0.859375 0.8072916666666666 0.87890625 0.8072916666666666 0.87890625 0.8385416666666666 0.859375 0.8385416666666666
0 0.9702341069558997 0.8087087611390458 0.9607219640772655 0.8154533267968114 0.9495194633728943 0.799657063950432 0.9590315745026601 0.7929125143124888
11 0.11328125 0.53125 0.131119528125 0.53125 0.131119528125 0.5520833333333334 0.11328125 0.5520833333333334
11 0.140625 0.5703972708333332 0.16015625 0.5703972708333332 0.16015625 0.5985419166666667 0.140625 0.5985419166666667
11 0.12890625 0.6354166666666666 0.14453125 0.6354166666666666 0.14453125 0.65909878125 0.12890625 0.65909878125
11 0.2516930386520926 0.8938778343851778 0.2335824927080239 0.8889133706592279 0.23892398379052793 0.8694322470970907 0.25703443671568493 0.8743966973382442
11 0.5499054223423627 0.9887350431544818 0.5499054328124657 1.0000000045653132 0.54051342343746 1.0000000000000344 0.5405134289920852 0.9887350546221637
11 0.5599315285049897 0.9195756362384994 0.5451887536638651 0.9162814943690187 0.551474264184094 0.8881583221880015 0.5662169261968302 0.8914524509680453
11 0.586820569123006 0.8885967471522261 0.5730524621536688 0.8877869794624159 0.5750075100238519 0.8545550372290757 0.5887754954030697 0.8553648013298214
11 0.5945843302672529 0.8026746512184036 0.6060635225954911 0.8040099804947465 0.6029036497548077 0.8311684254170498 0.5914244582145329 0.8298331006840487
11 0.6294216991049097 0.7596625634438647 0.6202106347456038 0.7632135569313309 0.6094723083813278 0.7353636876598048 0.6186833167057557 0.7318127061990305
11 0.6441262465395994 0.8131988051766934 0.6471604545142782 0.8287577246369451 0.6352738515704459 0.8310752786420651 0.6322396704731545 0.8155163827690932
11 0.645783509225339 0.6483924917409971 0.6342310739655659 0.6537586147893409 0.6172884470056488 0.6172881727526996 0.6288408055266927 0.611922070550911
11 0.5643497851003758 0.4981940386100006 0.5544641041773275 0.5039759008292725 0.5427499959956776 0.4839488688434399 0.5526356500000702 0.478167016666641
11 0.5235711608210067 0.43969668271800727 0.5366715216584907 0.4353480876087391 0.5484134847348514 0.47071916037699063 0.5353131291473119 0.4750677442588561
11 0.5204383932112933 0.44128985378926594 0.5093556018262007 0.4391665974739424 0.5166060220750524 0.401323702755935 0.5276887603645264 0.4034469538584784
11 0.5523814089000325 0.3516269002319538 0.5353799976412574 0.34834324914046805 0.5415574304313395 0.31636028316039594 0.5585587871314601 0.3196439288483072
11 0.7289358976648828 0.8993862858036877 0.7190703595854302 0.906463428029108 0.7095769769674689 0.8932328628390304 0.7194424844734613 0.886155736341541
11 0.7275589657888304 0.8573600930880555 0.7180037595984459 0.858134213024505 0.7168159325461829 0.843475509171917 0.7263711025411794 0.8427013907080312
11 0.8697012160380382 0.70177862018934 0.8906604029450591 0.6961813249544798 0.9014680892150864 0.7366446596907945 0.8805089121817673 0.7422419292332644
11 0.96484375 0.5509228 1 0.5509228 1 0.5989583333333334 0.96484375 0.5989583333333334
11 0.9714855042043382 0.8656261935718316 0.9514838098456266 0.8806241884724144 0.9258580006568309 0.8464565202049558 0.9458595439811006 0.8314586092344439
11 0.947981983169484 0.3513344985798708 0.93998613838437 0.31799264225173246 0.9938480010924877 0.30507622058176487 1.0018439083038402 0.33841798342127877
10 0.30715608268781125 0.7142137149603374 0.27157413892632576 0.7127321716774859 0.2736275455424675 0.6634274699066437 0.3092091215056598 0.6649090055248377
10 0.3515625 0.78125 0.3828125 0.78125 0.3828125 0.8125 0.3515625 0.8125
10 0.41015625 0.7395833333333334 0.4453125 0.7395833333333334 0.4453125 0.7878411729166667 0.41015625 0.7878411729166667
10 0.2773438137451194 1 0.24459290939535094 1 0.2445930472181317 0.9720320583333333 0.27734367682501215 0.9720320583333333
10 0.427311788582756 0.5856715232075608 0.39272685772925797 0.5908662189138112 0.38490350764539016 0.53878452547202 0.4194881298302562 0.5335898534354601
10 0.40488397303670354 0.4635416922522321 0.40488408125895603 0.4114582811931022 0.44140624419537744 0.41145836509471395 0.44140626236480784 0.463541650602324
10 0.47265625 0.4947916666666667 0.4921875 0.4947916666666667 0.4921875 0.5393481437500001 0.47265625 0.5393481437500001
10 0.515625 0.7708333333333334 0.53515625 0.7708333333333334 0.53515625 0.8072916666666666 0.515625 0.8072916666666666
10 0.515625 0.8489583333333334 0.53515625 0.8489583333333334 0.53515625 0.890625 0.515625 0.890625
10 0.4921875 0.9166666666666666 0.51171875 0.9166666666666666 0.51171875 0.9583333333333334 0.4921875 0.9583333333333334
10 0.5984350827909566 0.3100230681999688 0.6255931895718732 0.30176876426530247 0.6428554589532496 0.35856282298534564 0.6156973632885183 0.3668171018731046
10 0.58984375 0.234375 0.6171875 0.234375 0.6171875 0.2916666666666667 0.58984375 0.2916666666666667
10 0.5859375 0.4427083333333333 0.59765625 0.4427083333333333 0.59765625 0.4739583333333333 0.5859375 0.4739583333333333
10 0.6487737247770156 0.7924522750870966 0.6279052649102823 0.7912819208771843 0.6302719764952371 0.7490907645674588 0.6511402296175675 0.7502611129632968
10 0.6640625 0.8177083333333334 0.69921875 0.8177083333333334 0.69921875 0.8489583333333334 0.6640625 0.8489583333333334
10 0.6562370976340617 0.9244619389486598 0.6842554859583743 0.9034537488131277 0.7040906426120728 0.9299008806051338 0.6760723397228503 0.950908972425185
10 0.7362994116265327 0.9999999964533677 0.7362995066720259 0.9840721410570713 0.7644742678722878 0.9840722875718974 0.7644742406248497 1.0000000751327816
10 0.6102586829409802 0.9661287480553228 0.6232879204052324 0.9651359965475392 0.6247656775691439 0.9845250422655526 0.6117364404343562 0.9855177909062646
10 0.909445524355192 0.8244043688503164 0.8839344698820923 0.7993779108743049 0.9280392493142244 0.7544279165310117 0.9535501047649859 0.7794541841542467
10 0.9757387644476694 0.6306924499877228 0.9516780913668299 0.6590467021451565 0.8916176640233289 0.608086717756162 0.9156782029248234 0.5797326762505554
10 0.8513196729568335 0.548046191302261 0.8340175537794039 0.5156072139083326 0.894774073103008 0.48320385100518687 0.9120762086806735 0.5156426521768511
10 0.8828125 0.3229166666666667 0.9375 0.3229166666666667 0.9375 0.3802083333333333 0.8828125 0.3802083333333333
10 0.6422335268096049 0.7021713207207034 0.6244915739030148 0.7028909596068753 0.6233611583993479 0.6750245726504158 0.641103007659126 0.6743049358686103
10 0.5751770243573446 0.8595658848748348 0.5652805159037371 0.8594702154132532 0.5654580220057142 0.8411145396710891 0.575354483329761 0.8412102089046193
10 0.8215646023705858 0.7856496759485181 0.8073177635488946 0.7887957956451334 0.8037491095461746 0.7726384225992169 0.817995894397427 0.7694923090814846
10 0.8274757059432432 0.9284023421587337 0.8396009825017927 0.9251226160759155 0.8440008917257273 0.9413849489418374 0.8318756182312654 0.9446646671547763
10 0.8809461013955797 0.9153267577632754 0.8705735031109043 0.9045432179098807 0.88025421071643 0.8952337652368423 0.8906267908877226 0.9060172851372781
4 0.27686124648914756 0.6939484703958754 0.26797009309996156 0.741080158228426 0.20965617398019276 0.7300808920682962 0.21854755729236786 0.6829495057207015
4 0.30369723434239404 0.6112746658710132 0.2615256177497258 0.5948215368614135 0.30497260411186744 0.483472718489815 0.3471434743055397 0.49992568528009385
4 0.4550279272327771 0.38921852067074353 0.4751501526421862 0.3843380866648351 0.48917847006418924 0.44217447201611504 0.46905625115857674 0.4470548876076716
4 0.4453125661990498 1 0.41628561093750704 1 0.416285744058996 0.9739135749999996 0.4453124714665364 0.9739135749999996
4 0.6864618144995802 0.45885661264982147 0.7398648937491998 0.46064966474222907 0.7364096031393501 0.5635519715580787 0.6830065244821526 0.5617589338002735
4 0.7588293653342362 0.7147901833085074 0.7213272603656833 0.6866675941456275 0.7600799503906046 0.6349975650373649 0.797581717622279 0.6631199665696614
4 0.7194008648702948 0.7083325170818224 0.7684209731938836 0.6960795052388535 0.781524514818102 0.7484940633363423 0.7325044337960662 0.7607470016293782
4 0.81640625 0.796875 0.84765625 0.796875 0.84765625 0.828125 0.81640625 0.828125
4 0.8298607958263347 0.8735029955923524 0.8566206034977313 0.8751964996410405 0.8545542958001988 0.9078393159623965 0.8277944888510547 0.9061458194289386
4 0.9313704916553434 0.9638022112324592 0.9137079778835187 0.9827353785615927 0.8913057197547687 0.9618423981209906 0.908968162507449 0.9429093156035685
4 0.8355710277436401 0.4666345150214798 0.8055703207746774 0.4441353410410103 0.8328905200133931 0.40770847208998623 0.8628911040484581 0.43020757776236795
4 0.7896041371627689 0.3061855035235634 0.8204261973471603 0.29462761902001955 0.8407631009123406 0.34885951023788814 0.809941058234358 0.3604173612984237
4 0.9537012929888533 0.25200502612525033 0.8940856530966812 0.2594568798546064 0.8841837087639988 0.18024016812710567 0.9437990402921059 0.17278833383428813
4 0.9351040853763379 0.5511106346382564 0.9504756632234148 0.5561034544018248 0.9446817753829464 0.573939592439841 0.9293102012053396 0.5689467806959215