14 0.6214758358385097 0.024164640798468258 0.6091050438809589 0.03150309225448749 0.5930209973674891 0.004389417581399722 0.6053917880316249 -0.0029490333861455736
14 0.7201705734370307 5.537191109678342e-14 0.7201705734411235 0.000023368749954842226 0.7148664078088132 0.000023368749954580825 0.7148664078129059 5.563365617308455e-14
14 0.6989029423284592 0.09143477773861475 0.7262266164718767 0.12777482385062758 0.6854618067752654 0.15842524423145588 0.6581381702168301 0.1220852322709043
14 0.328125 0.041666666666666664 0.40234375 0.041666666666666664 0.40234375 0.109375 0.328125 0.109375
0 0.111328125 -1.8440745003252557e-12 0.1113281250259206 0.004668004142963949 0.08250228748147492 0.004668004140009816 0.08250228750011956 3.363576346117069e-14
0 0.05445310495508693 0.14288301304213555 0.08695322706603292 0.11850812216284551 0.11851566007896963 0.16059146318972564 0.08601556439282376 0.18496632420327863
0 0.14003397589988253 0.2432907321964652 0.13106150719045218 0.2418952891799595 0.13249883024309383 0.2326537200334316 0.141471292977144 0.2340491625767289
0 0.19223632755927156 0.18977340553297586 0.18702173241661058 0.18177047129975665 0.19574043486102255 0.17608955062124362 0.20095502960975864 0.18409248253365865
0 0.20038540305813513 0.057116321669532115 0.2307226565549172 0.0573182659472758 0.23030611466606388 0.11989350059492107 0.19996886116746282 0.11969155648976251
0 0.5937500125465931 0.11718749999999999 0.5606812221352584 0.11718749999999999 0.5606812396872556 0.08443043125 0.5937499967645863 0.08443043125
0 0.5367267233449411 0.2428879077732401 0.5375745079909393 0.25428200942552603 0.526819756593568 0.2550822031689693 0.525971976914775 0.24368810617852776
0 0.6224055405717763 0.24286866467401996 0.6333086267887893 0.2432766049177264 0.6328655964837253 0.25511732775435214 0.6219625102768305 0.25470938769397705
11 0.08203125272552825 0.052083333333333336 0.05859374881265467 0.05208333333333332 0.05859375347893092 0.021381022916666673 0.08203124915519311 0.021381022916666673
11 0.21178161562500009 0.1991324874999784 0.19138402182261416 0.18828974298912973 0.22060145363286665 0.133325856744404 0.2409989988838106 0.14416858582165606
11 0.3491153468750099 -2.417627257229759e-10 0.34911534702484914 0.013156487574696205 0.32226562478899723 0.01315648735995326 0.322265625 -4.019255148125808e-14
11 0.7067326481368355 0.028846241611629325 0.7167288498833386 0.02328482811567085 0.7267061569497173 0.04121824443080323 0.7167099556311314 0.046779657318215796
11 0.5802137649056931 0.15128646318270844 0.5674392205611412 0.13667566451659902 0.5772651101718793 0.12808472668890983 0.5900396516394721 0.14269552124671595
10 0.16294443516881074 0.040814789892862295 0.14343447445901347 0.06642161329928731 0.09612232860376935 0.03037427114310633 0.11563228425802663 0.0047674578184018716
10 0.1809577067134569 0.16037908641088874 0.1584316734587219 0.1773436978903548 0.1236234799405338 0.1311247876902013 0.14614947352220042 0.11416019844947393
10 0 0.13218280625 0.0112754203125 0.13218280625 0.0112754203125 0.14677098333333335 0 0.14677098333333335
10 0.11816147398997146 0.26669879764710824 0.12793437289803933 0.2618181078484297 0.13330672634174334 0.2725752606099299 0.12353382902085741 0.27745594799662093
10 0.1985962712891478 0.24458537141718728 0.18634375385772728 0.2461493900494366 0.1845978527222769 0.23247220023156198 0.19685035803433948 0.2309081823820462
10 0.41027575262091887 0.006801828000939144 0.42278148459638487 0.008129492398537153 0.42118373334324133 0.023179265403880316 0.4086780013748239 0.02185160105178467
10 0.45747326352056916 6.10075257202491e-7 0.470902635070388 -0.000207395372453216 0.47126687284662694 0.023308740131753592 0.45783750129839973 0.02351674557069308
10 0.4288132988367579 0.11118859973169011 0.4293086136940474 0.08890310678134478 0.4728888891411316 0.08987170852747667 0.4723935895167415 0.1121571863893924
10 0.4918455186564188 0.2711994355384274 0.47766728821079596 0.24466870692091305 0.5111060897629613 0.2267990870148592 0.5252843239687763 0.2533297776302787
10 0.5611217453124482 -4.945608199782472e-13 0.5611217453134714 0.002398352083352341 0.555992249999008 0.002398352082327921 0.5559922500000312 1.7650583714602543e-14
4 0.03992187326525709 0.0014583327577656598 0.05992187639503754 0.016458331700743543 0.03398437550674771 0.05104166390421373 0.013984374354777174 0.03604166759603439
4 0.11186485314385664 0.07556679906344259 0.10894756267100547 0.1062578480799976 0.0759961225189727 0.1031256918991806 0.07891342521975275 0.07243465607192183
4 0.171875 0.0757782375 0.1953125 0.0757782375 0.1953125 0.11979166666666667 0.171875 0.11979166666666667
4 0.14718905842664753 0.16808957338830474 0.15556543209436313 0.18693619983229354 0.1288660106141606 0.19880260087030746 0.1204896549137402 0.17995598963199924
4 -2.5909230316756293e-9 0.18750000025089064 0 0.1669558375000072 0.008400876704513394 0.1669558411825455 0.008400878803399792 0.18749999915330295
4 0.7531414796876561 -6.451135134016432e-15 0.7531414796879972 0.0008691395829867664 0.7392745953119402 0.0008691395831175416 0.7392745953125086 -1.0388682795238676e-13
4 0.808701011934545 0.04064864742544758 0.804302345254996 0.06969827738981164 0.782477286405765 0.06639354668374824 0.7868759573286752 0.037343921769583906
4 0.7243107717486055 0.08964127329443963 0.747956382556481 0.07787154212491806 0.7624488427246661 0.10698709309768199 0.7388032357076781 0.11875681856109457
4 0.7352136337016191 0.19030802413768777 0.7345605634286585 0.17763113658741814 0.7468030869534914 0.17700045006920961 0.7474561613305468 0.1896773332566244
4 0.807224776090834 0.15605296029130455 0.8178827585132922 0.15574781028079981 0.8182202785930031 0.1675362907602072 0.8075622961747513 0.16784144068200743
4 0.8384630861019104 0.27290379019852423 0.8272601659920156 0.2780963125725726 0.8218521425050085 0.2664286954078923 0.8330550524786986 0.26123617577819525
4 0.7900578039111679 0.2986141111119209 0.7773094485644378 0.2983838888551808 0.7775831954761543 0.28322630319161834 0.7903315337180175 0.2834565252939806