14 0.08474108966765925 0.2853840704979428 0.07050003233405278 0.2859636741105021 0.06928712367414391 0.25616233532025984 0.08352814607349046 0.25558273241869905
14 0.05492506835207678 0.07393819943747024 0.07665126245228748 0.07423839051458457 0.07609668311727091 0.11437572171738647 0.0543704890205845 0.11407553081348389
0 0.0999185292043876 0.000011661349993104721 0.10306804701428973 -0.00004768155119109249 0.10316736489994582 0.005223436697912491 0.10001784709004369 0.005282779598978933
0 0.058087385443513995 0.0124798596040718 0.07364174852443739 0.0005898252176634919 0.08318427129836437 0.013073208907199305 0.06762990850086226 0.024963242948676596
0 0.06673441128555169 0.199981413828927 0.0770831945029613 0.19987078392990684 0.07727584579095037 0.21789195599745348 0.06692706257456393 0.21800258583298124
0 0.1216439758964043 0.18838397498479464 0.11799420825127527 0.18833354740414154 0.11807513691621807 0.18247632601597705 0.12172490335262864 0.18252675358827206
0 0.12113916602856989 0.2401567299877384 0.11733598531611733 0.24019459081847386 0.11727688545624915 0.23425793495140237 0.12108006453809139 0.23422007412878057
11 0.08914035197005887 0.02691873890340734 0.08223102219346856 0.018909397313263156 0.0995625718313704 0.003958183691176165 0.10647190118015715 0.011967524701404877
11 0.05469457530091404 0.28490103931637956 0.05111132974946031 0.2885883523245236 0.04496124401157431 0.28261198659209297 0.048544488287234344 0.27892467495284107
11 0.08876325700293819 0.21210585043605867 0.084341963842121 0.21475840093387213 0.07973806302936737 0.2070846818472665 0.0841593542299961 0.20443213210877564
10 0.11705564639441945 -0.00010420151849611983 0.12145663238356974 0.0000041691776109898975 0.12133084575191333 0.0051124246643963304 0.11692985976276304 0.005004053968489355
10 0.0764651651911663 0.15240247870923332 0.06931140039512229 0.15239802759565424 0.06932605916131251 0.1288449379011984 0.07647981677450844 0.12884938901255008
10 0.12230462951970367 0.17909045803541151 0.11238384447119643 0.175782769340572 0.11819629893841466 0.15834958333999283 0.12811707530829608 0.16165727046078995
4 0.08102014711732863 -2.916033826730937e-12 0.08102014712073924 0.002621374301021958 0.06689203776988961 0.002621374297152122 0.0668920377734139 -1.0927332947972494e-14
4 0.04865408332102561 0.32256990519646495 0.05788619699364972 0.31915007793145156 0.061856259654973655 0.3298672561287898 0.05262414698711382 0.3332870814508286
4 0.07005688597803328 0.30625589982536866 0.061381487249263955 0.299695873696146 0.06888633108053455 0.28977126331468317 0.07756172323229293 0.2963312857364221
4 0.09928864856226483 0.3014018733242769 0.09521461337476467 0.3012208630074792 0.09550498126395723 0.29468569979161036 0.09957901404015956 0.29486671005483334
4 0.09198320555117334 0.333866972436271 0.09157940306806722 0.33960876032163084 0.08777149942568485 0.33934097031374455 0.08817530294481912 0.33359918355095913
4 0.12328749192113264 0.34300291684420153 0.12746453884653874 0.3443990542734417 0.12538094329545402 0.35063265121590503 0.12120389659855846 0.3492365142713413
4 0.12910282481266222 0.3253616469793132 0.1290451889456108 0.31847112947834144 0.13390069117383518 0.31843051715030435 0.13395832866785895 0.3253210330090034
12 0.5951137970715763 0.27245462245865804 0.5941847650066165 0.3175798270944131 0.5504579105873972 0.31667952003850963 0.5513870293847276 0.2715544038311623
9 0.06510196692670434 0.440661106695199 0.07129710781475751 0.440703798919064 0.0709427857090077 0.4921167488398625 0.06474764482231876 0.49207405677236304
9 0.0704330863117093 0.47411234620032916 0.08379712608223144 0.47420444099817555 0.0835794748296621 0.5057859264814897 0.07021543506107264 0.505693831900782
9 0.08789757443207691 0.43013977618538524 0.09544364784494519 0.42985502156821337 0.09667771010219894 0.4625560531421899 0.08913163672571045 0.462840807125955
9 0.16247801599160994 0.9596058723894724 0.15942787002597925 0.9162326633399126 0.1904309412556131 0.9140530285573603 0.19348126461989068 0.9574260453491972
8 0.06220938677756749 0.6600292936869531 0.08066471603638092 0.6569423874064654 0.09395820174643177 0.736407185305566 0.07550287904041397 0.7394940651749312
8 0.07879470734019378 0.9490792769320434 0.07568596288319895 0.911639021937488 0.10388205983906573 0.9092984698374273 0.10699094027097544 0.9467385748722247
8 0.177002444083314 0.9729940415678946 0.17722526344118705 0.9542062024736744 0.1970792881743364 0.954441600630945 0.1968565242071918 0.9732293849565697
8 0.24762813718098187 0.9320827085046287 0.24828190755874857 0.9172989812226707 0.2658805061979592 0.9180770309512204 0.2652267740437537 0.9328607214843669
8 0.1738571405460334 0.8511075377255943 0.1638733950766209 0.8564065922846125 0.15566313993042513 0.8409413004993567 0.16564684856291478 0.8356422579021764
8 0.1531684206314594 0.6357983247666326 0.15946462645649717 0.6358244647179865 0.15932699714801402 0.6689703383919656 0.153030791323431 0.6689441985267024
8 0.12047645318011746 0.578455673453731 0.12805883812995944 0.5776438169078298 0.13153093122753035 0.6100682078138914 0.12394854666274568 0.6108800619629801
8 0.08909074100051839 0.5720084872254064 0.0961858468143646 0.5715407104635011 0.09829283450994808 0.6034955906861521 0.09119772882945654 0.6039633661075643
8 0.07195195048041114 0.37673923813191945 0.06596303903029366 0.37698870236482873 0.06524676924709638 0.3597937242211517 0.07123566914788171 0.35954426022912045
15 0.07170857268567943 0.816408757837113 0.08215984735591064 0.8168349560263899 0.08098307962393392 0.8456857446965971 0.07053180504863121 0.8452595480663239
12 0.07739139818158947 0.9027150058680049 0.06551894899098443 0.9058496823759965 0.061706667063617715 0.8914142833642286 0.07357907024652377 0.8882796132510287
12 0.14449224730640253 0.9221449502566548 0.13060592427450501 0.9272071912426928 0.12274584385363596 0.9056514310401703 0.13663208636762647 0.9005892062287578
11 0.15945074115882107 0.8689476549294515 0.15870380896706138 0.8858394330648015 0.14907002567804284 0.8854135252148356 0.14981697861730936 0.8685217688790762
12 0.1938377690805737 0.9672801292191622 0.21743486205764384 0.9703661803781632 0.21384514689748357 0.9978064345524615 0.19024805635660869 0.9947203961795943
12 0.27603388974728205 0.9576723037137693 0.2783955860319338 0.9339139010062342 0.2996646252568098 0.9360275813851289 0.2973030084453967 0.9597859107337239
11 0.17732021609140247 0.8677719993766961 0.17829416830909395 0.8554586268279659 0.18797068861363186 0.8562238407558213 0.1869967531815746 0.8685371976161164
13 0.14396910482662406 0.8727730033493154 0.1322327656540665 0.8907986256058114 0.11266290538674184 0.8780597462596855 0.12439923531758268 0.8600341797530326
13 0.10392519247045584 0.9095767275516016 0.09884521155834136 0.8961070620583628 0.11277460578503451 0.8908549926960404 0.11785459840950807 0.9043246307262727
0 0.0645711152575359 0.5176887055793933 0.06824571971071691 0.5177140275587221 0.0679469990823236 0.5610591387503384 0.06427239462993839 0.5610338168616597
5 0.07177715159355103 0.5225006378965472 0.08012967798424597 0.5225581956129762 0.07992519110632657 0.55222986784382 0.07157266471710955 0.5521723102672668
5 0.13545809443348844 0.43493368882681543 0.14002638834290337 0.43490828706867907 0.14028791307669053 0.4819383878177709 0.13571961916784403 0.48196378949247676
15 0.08302764532038509 0.48481697884793085 0.0920681467924851 0.4841264275704383 0.09417309508876315 0.5116817646755382 0.0851325937837828 0.5123723145069423
14 0.15587168247134287 0.5449192130858117 0.15137582236195612 0.5454562598890418 0.1500266769580776 0.534162926985332 0.1545225287457015 0.5336258806847114
0 0.12531258582419014 0.5159418496581426 0.13786481353372437 0.5121014331483638 0.15783370026645116 0.5773630951279549 0.14528148214151315 0.5812034898375429
3 0.08706808854776682 0.51053525398791 0.09855308090629933 0.5092663425738184 0.1031953613769474 0.5512803633484519 0.09171036973407354 0.5525492704240096
9 0.1423306903923276 0.6135557249422825 0.13682869843228218 0.6135178112848583 0.13705657968080232 0.5804539187236516 0.14255853849647337 0.5804918322667353
4 0.9658058079088505 0.4700078520959188 0.9634657728178126 0.5267074740706168 0.6914005597121786 0.5154763590132081 0.6937417041827985 0.45877787340621595
8 0.4927661823246581 0.4207931091363794 0.49364667330110024 0.38098358980849 0.6908865339285057 0.3853448151031308 0.6900065364731063 0.4251538561865954
7 0.5731698445571283 0.5332395686615412 0.5646258275833134 0.5014613411959541 0.6683142796432548 0.4735852831292674 0.6768584585987583 0.5053632411351336
10 0.3797216699801193 0.6616923094972067 0.4312133996023857 0.6616923094972067 0.4312133996023857 0.7238289368715084 0.3797216699801193 0.7238289368715084
10 0.6083239926000488 0.4507310267990127 0.6186995581593919 0.494467443276881 0.4277470169233766 0.5397617264954441 0.4173721938300332 0.4960259455888405
10 0.48927842118723675 0.5292646151942496 0.49334505961871855 0.552302071547565 0.3817340780126415 0.5720014824100399 0.3776676869185849 0.5489642442992517
10 0.9999999983564294 0.5640684250880755 1.0000713478070793 0.5799066323867088 0.9388335160386987 0.5801822642070097 0.9387622514910845 0.5643441413407724
14 0.4538946833214368 0.7502834183278606 0.4606102103368812 0.678203714657036 0.7789139376972116 0.7078502461763574 0.7722011721416493 0.7799274087205706
14 0.933643482042271 0.6779474353740985 0.9390848268476475 0.7536822525446645 0.768418797470872 0.7659398218579954 0.7629789686309323 0.6902064273501506
14 0.37194898011739497 0.779620230448586 0.3833081311047408 0.7464252324195509 0.5086990293834788 0.7893245358818705 0.49734049451228657 0.8225190125586223
14 0.3800221021050447 0.8218811381226432 0.37935047036000924 0.7808427314976684 0.6106146158844012 0.777055477989559 0.611287385995297 0.8180927426340885
14 0.8114538752047338 0.7581820847200497 0.8185934888363136 0.7882847577773113 0.6124920095293191 0.8371545197889431 0.6053532907735644 0.8070526204600694
14 0.7388037171923543 0.8394099667307019 0.7382241095173185 0.811447715271764 0.8150055456752625 0.8098562298888822 0.8155854172661066 0.8378182125076772
14 0.9999993736568058 0.7810079391125334 1.0140609631580446 0.8410085147052558 0.857139547591828 0.8777739183605564 0.8430793585802121 0.8177745445196383
11 0.3786193422655515 0.8861215665477188 0.3801759938447731 0.8532884731490868 0.4401191608535555 0.8561297096804639 0.4385627823106688 0.8889625410400357
11 0.3797216699801193 0.8863402391061452 0.41293419184890656 0.8863402391061452 0.41293419184890656 0.9188637240223464 0.3797216699801193 0.9188637240223464
9 0.6851961953415184 0.9037830374072394 0.6835196100436178 0.9279012478331626 0.6049519708572006 0.9224404070339567 0.6066287999913129 0.8983224602694745
9 0.7342767098515424 0.8900538131701523 0.7317596270632976 0.9072156487364723 0.6658573986394458 0.897551927404454 0.6683746092193132 0.8803902473979387
11 0.3797216699801193 0.8194191363128491 0.4110674711729623 0.8194191363128491 0.4110674711729623 0.8342573737430167 0.3797216699801193 0.8342573737430167
7 0.4946885711450477 0.8402438401767949 0.4916232503805986 0.8592907549374185 0.44558113624623275 0.85188234761809 0.44864654879518184 0.8328355465846751
7 0.5749604654458835 0.8426947425887438 0.5761854084267952 0.8601732670246631 0.5277872216825017 0.8635641814917173 0.526562395841097 0.8460857672703304
8 0.6941717210382876 0.4432824059924448 0.6958966759505074 0.38298460926329414 0.8883226122234191 0.3884883658608181 0.886598418092035 0.44878541621475304
10 0.6906007354242547 0.5462223377109626 0.6900335606090948 0.5531493534881852 0.652075695845383 0.5500416339252826 0.652642890656125 0.5431146402235087
14 0.45258917792511966 0.7817569090605493 0.4533788341065019 0.7473219088538626 0.649897806336071 0.7518260359071935 0.6491089594559298 0.7862602374253321