14 0.2581708489750554 0.24118468031956147 0.2539486308373853 0.2698188766525675 0.2279272981025997 0.26598198140930257 0.2321495399954756 0.2373478138342196
14 0.2234725799539774 0.16252411816994805 0.2407333848829012 0.16274588876728652 0.24034152258889208 0.19324495529201216 0.2230807176632652 0.193023184877659
14 0.2447237155753328 0.12759957980309927 0.25805990061576267 0.13776478073239815 0.2371633458586757 0.16517972849067697 0.22382716765628174 0.15501453537232363
14 0.2945045673620825 0.14298782650568656 0.3031349701310546 0.14309871220016712 0.3027888767605873 0.17003549485911768 0.2941584739926384 0.1699246092357186
14 0.2868494092556375 0.07491083316226356 0.29361265254181035 0.07010337539304864 0.31041530359459557 0.09374168956037222 0.3036520618434224 0.09854914555491924
14 0.2998625117558049 0.031664161043051677 0.29963260075851395 0.022823996412234298 0.32098166040793785 0.022268759391033604 0.3212115721579494 0.031108923228968455
14 0.3622052490684382 0.036746944002884765 0.35353335538775355 0.04291112411394025 0.3425114153232016 0.027405238655546678 0.3511833079941198 0.02124105903696499
14 0.5105476261513786 0.24543793946591527 0.4965701782406313 0.25537326281770933 0.48435125120568046 0.238183436105072 0.49832868363637317 0.2282481206060655
0 0.375087735588977 0.4515677861055855 0.36085703910589473 0.4410349312411278 0.37660336531280336 0.41976171962594 0.39083402726225813 0.43029455569493874
0 0.28623318185475455 0.5199999992791193 0.286233220397321 0.5018626543681513 0.31099639625472264 0.5018627018151834 0.31099639265960377 0.5200000117519082
0 0.33136707758592365 0.3698550152683552 0.3197723587428527 0.360599146375613 0.33266646629022034 0.34444749408324077 0.34426116846191235 0.35370335260571417
0 0.3620982825741521 0.3004811410565474 0.37411259582142975 0.29437638436419494 0.3830948668876317 0.31205322245103934 0.3710805573826974 0.31815797349395775
0 0.30194747447296777 0.33612245457773443 0.31065393769131333 0.3532019298679917 0.288823806981668 0.36432964852593946 0.2801173696997239 0.34725019538387675
0 0.33603605043651896 0.316689408938717 0.34492692840944983 0.32346609938995446 0.3315811684459504 0.3409748806753898 0.322690297004101 0.3341981976850243
0 0.36247072477965503 0.23826056368199136 0.34283601758875193 0.23921128506263523 0.34121524063368724 0.20573827708075337 0.36084990428548736 0.20478755674168272
0 0.3624557503840151 0.11239969417795448 0.39564279450382855 0.13427502214461887 0.3651099964857849 0.1805959879876871 0.3319229740505989 0.1587206870914326
0 0.26900493812809145 0.21790678938894598 0.27883316371537603 0.20332261024478096 0.29640977684971404 0.21516726302632821 0.28658156274491375 0.2297514319747499
0 0.3763857599454923 0.05669636369112312 0.36240839960987614 0.06663178687149938 0.34885944474058306 0.04757084847400553 0.36283680121221096 0.03763542727269618
11 0.5096969775933076 0.2606684533333334 0.49595092733500223 0.2606684533333334 0.49595093379627997 0.24716141212121218 0.5096969696571705 0.24716141212121218
11 0.46369528741468 0.3266347668843529 0.4578550542363473 0.31518631570510014 0.48243529431215393 0.3026474997279089 0.4882755297268204 0.3140959357137934
11 0.40781762637766406 0.32615742209775034 0.42871884242424585 0.32642595818181763 0.4284216327702097 0.349558160822261 0.4075204167272659 0.349289625057528
11 0.34533313824306333 0.40211999417175665 0.3350049666674977 0.39316219883221354 0.3609664078203423 0.36323052169198133 0.37129455090644115 0.37218829618940824
11 0.32635890094445585 0.45219920109901807 0.31166616607185915 0.4458293623913826 0.3235406494078461 0.4184412465393306 0.3382333333263432 0.4248110725543106
11 0.28591091167368177 0.44238350655750397 0.2747972132472114 0.4339127680046176 0.2883179188673921 0.4161744842210803 0.29943159552442467 0.42464521031959834
11 0.19901053302055516 0.20913546159865543 0.21253708304425345 0.19952062708480245 0.23098959143487718 0.2254800279810269 0.21746304993371268 0.23509485234931546
11 0.261333286774061 0.20390226053950544 0.2510850110293177 0.20152306729662323 0.2540051239196828 0.18894497114962858 0.2642533920609367 0.19132416347396225
11 0.2761266800433759 0.18662120623352674 0.26538540013666534 0.184919699372319 0.2676423596337827 0.17067212287115985 0.27838363124431 0.17237362906184117
11 0.30193486424388993 0.06810078201335837 0.2949586189816955 0.06825211884043612 0.2947318420104921 0.05779825221349263 0.30170808586706244 0.057646915401719075
11 0.30706786976406875 0.06550512382294175 0.31098761183363877 0.05748377076312212 0.3197403473587883 0.06176090775920243 0.31582060617586194 0.069782260063562
11 0.34583185722772214 0.07092647115397539 0.33791603819838656 0.07418359557800198 0.33221171674654215 0.0603203466143571 0.340127533669488 0.057063222679560856
11 0.4000361583794074 0.10524045781476277 0.3935818752196383 0.10982829665661321 0.3875328325591454 0.10131838297392738 0.3939871142329139 0.0967305448847697
10 0.46326887817622264 0.2650238982808796 0.45215533563793997 0.2565529615901583 0.4689863331992683 0.2344717799029415 0.48009985996782234 0.24294270757739914
10 0.3982060807564949 0.23809097364615303 0.3848816542071063 0.23622642648465741 0.39005316212592334 0.19927046958465897 0.4033775557930994 0.20113501440096446
10 0.3619946413998605 0.28848110451740555 0.3524462907232646 0.2806062348889021 0.3713736747930625 0.25765714910129894 0.3809220106649036 0.265532008940573
10 0.3063892123977894 0.28784296245543234 0.2967723676655396 0.27987724944733355 0.31646929750922936 0.2560980958515091 0.3260861268822737 0.2640637986238671
10 0.29840237927498947 0.32037766724715827 0.28564450559690613 0.3283078857486935 0.26838710465301574 0.30054554612765305 0.2811449483637034 0.29261533987141497
10 0.4240272200000845 0.1477069563636668 0.42090798092783643 0.1453330685503221 0.42845010984217424 0.13542293018575982 0.43156934779926814 0.1377968173639241
4 0.2325832984703311 0.11249267179649958 0.21910167873761566 0.10359409269013331 0.22898187730038444 0.08862534213924834 0.24246349145346358 0.09752391873311914
4 0.21654783734743432 0.06905836468964067 0.2029166935548119 0.07932342617093184 0.1898971558575795 0.06203458721386811 0.2035282956832134 0.05176952794346374
4 0.24235884083793735 0.0565212377818771 0.2545189219134727 0.06130891917663935 0.24979499620519618 0.07330705372269467 0.2376349154546915 0.0685193729350967
4 0.23893898474841535 -0.0009376872096860672 0.25110418898475473 0.0009489898958067914 0.2484737939317938 0.017909651771528284 0.2363085897068231 0.016022974708574268
4 0.27260021236008924 0.02619979479950431 0.28405402821147163 0.015366050541011363 0.29751417676914116 0.029596591180291468 0.2860603618401001 0.04043033451467104
11 0.9986150069205451 0.30412379465150635 1.0252906297283744 0.34164119834574846 0.9561273839157138 0.3908155654639712 0.9294519462024482 0.3532983291044954
4 0.4325605461650639 0.6411531455342934 0.5720984666021423 0.7390921424076377 0.3497387572255093 1.0558257560288156 0.21020457917336444 0.9578914790959506
14 0.27605347743269704 0.5244912447194712 0.3119903011338465 0.5837013972604462 0.20349831504699978 0.6495413761292803 0.16756225999995422 0.5903318933333283
7 0 0.6638702139393939 0.10633050545454546 0.6638702139393939 0.10633050545454546 0.7677178436363636 0 0.7677178436363636
4 0.764296002640549 0.9999999846221179 0.7642968444662301 0.9336588852047579 0.8433165668895981 0.9336596807328184 0.8433164948980902 1.000000016448061
4 0.9016033433400708 0.9360487314846195 0.8594148913198296 0.8927473953138593 0.9265498748507071 0.8273538212188514 0.968737816113844 0.8706546127775142
4 0.999999827697934 0.7790217293668761 1.0236678339808805 0.8033761673301814 0.976742621827384 0.8489692495590194 0.9530748140335845 0.8246150090934795
4 1.0000006336059641 0.7780179200000001 0.9447256563199744 0.7780179200000001 0.9447260891007545 0.6920563012121211 1 0.6920563012121211
11 0.9833662915465311 0.93341095437888 1.007472102599877 0.9539163334220564 0.9542554339252547 1.0164588208778513 0.9301498542074569 0.9959536908797583