8 0.1707745176111075 0.20452917887015948 0.2258540792815893 0.2054676148243723 0.2240393863845611 0.3119753171479579 0.16895982481844385 0.31103688510487437
4 0.9454351118307613 0.3731638816592785 0.9974069379634329 0.38517204908411434 0.9313060574808105 0.6712379091696309 0.8793343254918682 0.6592300205307158
9 0.7418633972491762 0.3303136598619685 0.768189238254422 0.3379490830464329 0.7528962600277964 0.39067502884121685 0.7265704285714492 0.38303962864138014
11 0.4993624191913568 0.6077623353557495 0.5521628013923419 0.4682720547698714 0.6729884902898675 0.5140035623007071 0.6201898913155901 0.6534923489034685
11 0.6495163601271088 0.1220822226345019 0.6956939471107262 0.13747214675155783 0.6361064434590844 0.3162625364120421 0.5899289024811196 0.300872709215853
11 1.0000004753450185 0.4539042296380091 0.9702903868575277 0.4539042296380091 0.970290709126516 0.17971728846153853 1 0.17971728846153853
8 0.2699343208452092 0.9533048776973768 0.2757030565438754 0.9541435373303202 0.27425017470375224 0.9641344199588384 0.2684814392704311 0.9632957615621157
8 0.235079756171217 0.8369277673893905 0.22454298395018668 0.8334873298320774 0.22862563680359926 0.820986366735018 0.23916237669789098 0.8244267985872934
4 0.25028852866671514 0.9015185361254463 0.23790675855093468 0.9357766946804388 0.20430243225894174 0.9236341681171399 0.2166842799646247 0.8893761794852767
8 0.21959675395044087 0.8334301970090606 0.20998254133280625 0.8320323800882701 0.21208980422284185 0.8175417335030292 0.22170398202217712 0.8189395478537604
4 0.2598493212806261 0.8867201098252638 0.27547874299989417 0.8857775473408933 0.27780469665685814 0.9243366207847201 0.2621752753838109 0.9252791782488502
4 0.18379409376461808 0.8971995127378646 0.19747412579431511 0.8957418898845749 0.20123230495187272 0.9310041350409324 0.1875522740588167 0.9324617506945923
4 0.07284162678263328 0.8792395749163231 0.0598646005273622 0.8775687877881786 0.06340218938055386 0.8500990033818311 0.07637912225027321 0.8517697844281896
0 0.1854198463773855 0.9864179601579437 0.19729957895981443 0.9877604735297689 0.1957642295739106 1.0013425105938372 0.18388449745873459 1.0000000000000049
0 0.2091687124202508 0.9745207387169941 0.2092488119448035 0.9950689454501223 0.19161962700286495 0.9951375996034186 0.19153958203196453 0.9745894472639534
12 0.27227444076947904 0.7968840975789534 0.26949012856869103 0.805844262314897 0.24987511383551464 0.7997501763369701 0.2526594383973588 0.790790033957202
4 0.09455549334654734 0.8434071937191331 0.10390764925705298 0.8399720007082754 0.11343718762736898 0.8659100176816402 0.1040850380475149 0.8693451983390195
0 0.10664458085989281 0.9653241348333286 0.10141406349941917 0.9655390293834523 0.10098333541941429 0.9550578952374731 0.10621383675265861 0.9548430010169722
12 0.2967133009593681 0.820477740553047 0.2938309985667047 0.8289948614598873 0.2812015516859674 0.8247217626009181 0.28408386119804163 0.8162046559283801
13 0.1617593030188118 0.9518565493505526 0.1581620085465829 0.9642251022450319 0.1419212814327011 0.9595029008278936 0.1455185938197019 0.9471343783818088
8 0.14275501165423066 0.8665123027967896 0.13867881222472533 0.8563719133958974 0.14866400407981928 0.85235900226035 0.15274020888625728 0.8624993773891408
8 0.07510237757344385 0.7386910660473941 0.08151295794982616 0.7339503258483032 0.08811507696270837 0.7428764386192985 0.0817045016958673 0.7476171728778782
4 0.9321097755230312 0.8719536610403152 0.9808774462675274 0.8819138988832178 0.9547186360383648 1.0099600519238952 0.9059510203303489 0.9999999999999966
9 0.7297921039827315 0.8291828542141769 0.7561183288390794 0.8368169928381135 0.7408252619889026 0.8895431737487167 0.714499059898003 0.8819090899535924
11 0.6295292257457277 0.6447023223100848 0.6757075258800569 0.6600903061468014 0.6240353258435789 0.8151305010959449 0.5778571566725077 0.7997427981034895
11 1.0000019127908217 0.9642342058823528 0.9582189887418053 0.9642342058823528 0.958220179131672 0.6670154490950226 1 0.6670154490950226