12 0.4053490679124252 0.16643555147521066 0.4451369992571017 0.13230784858977937 0.5076958169711361 0.20524167809164953 0.46790797289384045 0.23936928824718307
8 0.17407200195680161 0.37376594304032434 0.12209400304504925 0.4023331842581152 0.01875108470756004 0.2143061809056098 0.07072819544362119 0.18573925269783423
8 0 0.14885475809352516 0.05404273261390887 0.14885475809352516 0.05404273261390887 0.2516447257194245 0 0.2516447257194245
8 0.13164297046148477 0.8409704928084307 0.08278355347249544 0.8066529334040864 0.13348193839181022 0.7344860818972747 0.18234062164026454 0.7688032761896255
8 0.10373720885581861 0.9978201114624827 0.06229635823865465 0.9975368779202826 0.0629936022869515 0.8956439633595037 0.10443322888863804 0.8959271927045366
10 0.5799600526764834 0.8435657662643421 0.5550792967450207 0.8131175440003624 0.5942000253382957 0.7811565732115503 0.6190806757128939 0.8116046060198553
9 0.35396218930725354 0.8597312843624539 0.39102087156857124 0.8581597372681375 0.3933476370120843 0.9130143062266175 0.3562889555167885 0.9145858416604237
9 0.1569601140715804 0.8692408757294947 0.17356338175386554 0.825462368664868 0.20657887684330944 0.8379810127373765 0.18997584651765465 0.8817593185238082
9 0.2635699654296104 0.6902092356823648 0.24421902797575967 0.6665267658088607 0.276229863118715 0.640374311749662 0.29558074518138255 0.6640566824658352
12 0.8698356927784516 1.0000022797007988 0.8698434985053609 0.42403030563985944 1 0.42403726169066336 1.0000007042472134 0.9999999999866837
12 0.8951377500245599 0.7387131167626988 0.7311179243835113 0.7517531313358653 0.7073021811910394 0.45217423084688885 0.8713132195895241 0.43913456428008035
12 0.6669329152956607 0.587090855523747 0.6949170328508671 0.5912217380397554 0.6883706636739362 0.6355642740053361 0.6603865498925643 0.631433408719538