8 0.35979531215218685 0.10711731045618275 0.3118056801813509 0.1475090361701273 0.2409542719528872 0.06333021814301125 0.2889438201967778 0.02293855052859921
8 0.16862950042730063 0.3446536512948533 0.18697948761973748 0.27448681164889954 0.2841061522412929 0.2998864801738662 0.2657565634663115 0.37005298060343655
8 1.000000224508085 0.3511007547169811 0.9704962197665736 0.35110075471698116 0.97049646328378 0.1594778007075472 1 0.1594778007075472
8 0.8501915433400882 0.12830003012832372 0.8996670044427901 0.11092897933796168 0.9300030205274652 0.19733008130295 0.8805275770391745 0.2147010924060287
8 0.8814070298464003 0.25640967765930167 0.9259543173628799 0.2536554617288274 0.9325192641344984 0.35983547829254103 0.8879719776568891 0.36258968034825073
8 1 -6.168507233946785e-9 1.0000000047490403 0.06922146279716228 0.9677052668620263 0.06922145655051871 0.9677052738726388 -1.627549465905159e-15
0 0.8379515895256873 0.1630516965524994 0.9451845639691783 0.22320679691875078 0.827260198314093 0.43341412249127403 0.7200276964903196 0.37325966211551875
9 0.23427644294315542 0.4097304631368368 0.2434703566417511 0.42100293271152184 0.21807990915147002 0.4417104008974393 0.2088860211474639 0.43043795525738315
9 0.14885080788144478 0.5488945598940298 0.132133319842751 0.5228861530688204 0.15786037740997472 0.5063509246289052 0.17457785608257836 0.5323592677705475
13 0.12399273371966046 0.5404081818213651 0.1434591194541781 0.5441554323426048 0.13558856781151007 0.5850378162034535 0.11612218587481493 0.5812905791002683
13 0.1580688430152577 0.48181425664827654 0.16511819500851743 0.483475921081743 0.16165737523999724 0.49815684047831077 0.15460802388463435 0.49649517791451275
15 0.10572106397910375 0.6006792038178173 0.12539334543475888 0.6096575255638123 0.1107100989738683 0.6418260142715829 0.09103783584987468 0.6328477225269296
11 0.04515102851564734 0.5747373443402362 0.03884212747266247 0.5710010209268719 0.04695299092361438 0.5573069312872473 0.053261878461171364 0.5610432495650665
11 0.0845060218667868 0.6432583729631254 0.07883838547252253 0.6367638342528391 0.08793073260187612 0.6288301308713363 0.09359836373960206 0.6353246619965709
11 0.13163664970659283 0.5379055267037294 0.1221764168279833 0.5417717528849545 0.11755432199765892 0.5304629572148534 0.12701453821125597 0.5265967348803362
0 0.06818048070795157 0.5923421987294546 0.07868510531318407 0.5958579135549449 0.07035903561745727 0.620732652324486 0.05985441501809419 0.6172169460144307
0 0.07638604981661956 0.5742559149568345 0.06443792230379586 0.5674509332343001 0.07200420249751005 0.5541674427902232 0.08395230512894614 0.5609724155872884
4 0.814444793424741 0.35933774789878153 0.9063259065128477 0.4108070588564725 0.8398421074793987 0.529484031125864 0.7479613354424828 0.4780151978878145
12 0.978221338061303 0.6723723326389073 0.9101536687538783 0.6649741640430464 0.9312785995571176 0.4706435557597641 0.9993439550280527 0.47804159686752606
12 0.8002461861608481 0.9975426932991613 0.7338397112254142 1.0031062100078947 0.7091238899562313 0.7081329494164255 0.775525308213787 0.7025696449559754