12 0.07745349530569001 0.30024733490476785 0.12137988363963359 0.2897853549546851 0.14294142614494376 0.3803121747149579 0.0990150555320497 0.3907741040328602
8 0.25388231257943517 0.04925711990949504 0.28645034291025695 0.044566250282738806 0.29659786951663136 0.11501893883609192 0.26402984030278276 0.11970980408905856
10 0.6105577012594949 0.06839501302185445 0.8014507418831727 0.07314644925484938 0.7899426107165937 0.5354860415273898 0.599049563677454 0.5307347030562454
11 0.9738566341230808 0.27714929147931067 0.8567577714912886 0.2901695048576011 0.8245703150781765 0.0006834997987352047 0.9416678819875415 -0.01233664615861898
13 0.5782685162909047 0.3071957544263812 0.47618553872086977 0.29758775171618507 0.5047107437640079 -0.005472104567824398 0.6067922674125157 0.00413582782796818
13 0.8037124780780687 0.1651620644086087 0.779503927516771 0.16294928817604173 0.7928809198857607 0.01660153379790496 0.8170893644964963 0.01881430491214462
12 0.29056097704801687 0.9212664762108589 0.24415739241499068 0.9157282194022777 0.2548746841733873 0.8259570115549366 0.3012771647769341 0.8314952017985139
12 0.1729180009542688 0.6853587329233674 0.22670032476514734 0.6775117260424903 0.23989627059813756 0.7679409716628032 0.18611396461062668 0.7757878992072992
12 0.0939384283359459 0.730164012342339 0.1514737541509703 0.7370311698169172 0.13955682030768912 0.8368570077387748 0.08202150892213922 0.8299899326038894
12 0 0.7491397194570135 0.018341849428208386 0.7491397194570135 0.018341849428208386 0.8203407658371041 0 0.8203407658371041
4 0.22492565290087896 0.6602020367776891 0.27980683512475935 0.6541006628054463 0.2896994500464416 0.7430707530188801 0.23481827772206998 0.7491720685352408
13 0.07407088884531277 0.6941743087739661 0.09307707096843387 0.7159842725980364 0.04949653465314441 0.7539560966042821 0.030490499666711912 0.7321462723828666