4 0.0889699822471357 0.10611810962000189 0.08558615083666155 0.10559459891984063 0.094315486228993 0.0491706774446568 0.0976993136831652 0.04969418785963975
4 0.27318630867171123 0.3568818797157159 0.26014984186201673 0.356058417098762 0.2615835968625788 0.33336131782130557 0.2746200326687358 0.33418477945766867
4 0.2734520105198044 0.1816514065203965 0.28252287282907673 0.18178234319268177 0.2811795123476486 0.2748446181733002 0.2721086500439469 0.27471368191984197
4 0.2719289820331596 0.20658886453551578 0.26892613780466945 0.20662268541426376 0.26860379752656627 0.1780032383961593 0.2716066366991754 0.17796941754596912
0 0.2531593845403677 0.9688322320529069 0.23750973310404788 0.9937823452885952 0.21330918634214413 0.9786071558425178 0.22895882566388082 0.9536571484801102
8 0.15601704007644912 0.7102414907932704 0.154767568856073 0.7375011329056843 0.11673256426263379 0.7357579124282585 0.11798214411851404 0.7084983847315784
0 0.0984774510123998 0.8761736468975339 0.05043427624002561 0.8700213440956108 0.06402822237100736 0.7638943006452287 0.11207012490785928 0.7700465208176834
8 0.20034394828178392 0.6935739343696213 0.20425666588391778 0.7261327863900372 0.16337531631256752 0.7310446895813186 0.15946275824262557 0.6984859820785058
8 0.13682334899942816 0.661200380288255 0.14612617789202886 0.6625530219857321 0.14352817418625818 0.6804184242043577 0.1342253458341247 0.6790657850025371
8 0.08005064569590559 0.9276641364710676 0.08817848574597065 0.9267524627979403 0.08971927297614002 0.940485400507016 0.08159143322586715 0.9413970723874576
8 0.25141961863107554 0.9190048427377431 0.2611984806454757 0.9198145612218986 0.26000189399417195 0.9342618113056548 0.25022303218418074 0.9334520944783203
8 0.152247833082356 0.9994942526191086 0.08372851421188443 0.9719603189935632 0.12420570216886517 0.8712617902466383 0.19272313171575206 0.8987952957223777
8 0.12383259117052603 0.8831142678615165 0.11624666724230792 0.8752162065705548 0.1253176453916467 0.8665057645033654 0.1329035573546662 0.874403812560463
8 0.037877861611832486 0.9518657674220508 0.04409160843783866 0.9527691238623317 0.04264627638917773 0.962708086156906 0.03643252984875289 0.9618047310396264
0 0.6069231282199326 0.8150063359873967 0.618154481036072 0.9395000451274644 0.43125168010953985 0.9563536184205561 0.4200237322160092 0.8318630705648756
9 0.7704318652771462 0.999999995548365 0.7704324994112994 0.9667708987988786 0.8599523854421705 0.9667723421525999 0.859952196944846 1.0000009908239451
9 0.8760262804329386 0.9865684443968761 0.8249646984049832 0.9710456577167988 0.8524800345061294 0.8805620770589224 0.9035403202033194 0.8960846515837261
9 0.9268760973903909 0.8121903622695313 0.9141014717432654 0.9226058228778777 0.7891945078085882 0.9081560397997801 0.8019707036273758 0.7977423996772067
4 0.9635858126505354 0.6986185039873327 0.9586318364130193 0.731958713442878 0.8735873586890648 0.7193234258439822 0.8785415882382495 0.685983523472165