14 0.09062840706735642 0.5061458990435992 0.13603671350074364 0.49721672938908085 0.15955891116664134 0.6168254501313455 0.11415063196432129 0.6257545266394663
14 0.12761670395912006 0.33513621549876865 0.17718581562439795 0.3260110583171537 0.22987024233805187 0.6121824795137016 0.18030118628121272 0.6213074401573697
4 0.1625553682052896 0.08043208531585737 0.11706264682550227 0.08019490302799707 0.11748201520219936 -0.0002371821731522595 0.16297469230767092 1.7393658414253607e-16
4 0.2644224397887456 0.49702163432308144 0.25803211369441215 0.4966178371430836 0.2590238961271325 0.4809235955825379 0.2654142073948833 0.48132739229470795
4 0.23635369796375016 0.36909470775092834 0.22596831282885432 0.3640491268141052 0.2439676608262289 0.3270022562361475 0.2543530086751389 0.33204782654514564
0 0.7858771906263655 0.5135103079592447 0.880689838539638 0.5257810104031829 0.8625446280855158 0.6659703092504826 0.7677320088874922 0.6536997624145263
0 0.8233258176039726 0.10669245620230411 0.7567552981262224 0.1530882789594079 0.6856235788266076 0.051025843384656856 0.7521939373796158 0.00463010164339838
0 0.9051612889179523 0.058943136015622746 0.8943963739751553 0.09634510765655474 0.7570567402317465 0.056816384247033405 0.767821683257921 0.019414458703924838
13 0.5727330402795587 0.2891021242197789 0.639017872312138 0.32352249884686834 0.6001703308339756 0.3983301586326291 0.5338855970086342 0.36390993405565125
8 0.5794954329671782 0.4100511060272138 0.6076491763113836 0.4085889019339746 0.610383696054555 0.46123728194255964 0.5822299531414501 0.4626994809352594
8 0.8662204459668601 0.423760799511537 0.8883260638232287 0.4295117580289931 0.8781754518431626 0.46852648591043694 0.8560698398637214 0.4627755431564601
13 0.8101305084240948 0.20349383197726492 0.7987352515652901 0.1942327258371509 0.8117147186476359 0.1782624271870092 0.8231099669189916 0.1875235278004439
4 0.8740004576934552 0.18821002934985703 0.8936705874921245 0.1639823553404521 0.929821894809379 0.19333282851792158 0.9101518007536242 0.2175604694204853
4 0.9111942426499127 0.12927481139956207 0.9532016347026229 0.13406027564384054 0.9455057249642778 0.20161539298125994 0.9034983341874749 0.19682993693783263
13 0.13400868172595892 0.9089622253831993 0.13222271407903463 0.8536481116591106 0.3078325841235028 0.8479779656193162 0.309619809320111 0.903290777979003
13 0.18378701691915467 0.7707621778871063 0.15990391363095569 0.7177673306389928 0.25008525186547104 0.6771319151823119 0.27396851277512724 0.7301261796038855
11 0 0.6899834110546379 0.174996685520362 0.6899834110546379 0.174996685520362 0.842716084498094 0 0.842716084498094
8 0.8313764675722268 0.8581103649095472 0.8329809098243004 0.8899368587773703 0.7186317178359332 0.8956990705873821 0.7170277850901812 0.863873065515077
4 0.5114024739980323 0.887095529303511 0.5125907430141297 0.8679358261329461 0.5666107151232609 0.871285182797931 0.5654225927627294 0.8904447472449323
8 0.41919511843150303 0.7607337084683482 0.41843910575471455 0.7729262237455606 0.3851809694918984 0.7708642972215374 0.385937026336137 0.7586718293900184
14 0.4322548228051346 0.8961761160565963 0.431297207485386 0.9116200759215167 0.3489075206326788 0.9065121161446797 0.34986529921127385 0.8910683308578531
14 0.7308390617400846 0.9130176013908107 0.7438312891090391 0.8909009621221627 0.8109531413615514 0.9303210242802583 0.7979611935553521 0.952437421122412