14 0.5815158928652409 0.12202296123102575 0.519415498073613 0.14326980513658036 0.480425848674372 0.029310684583363156 0.5425260890938262 0.008063869085143668
14 0.46973714721480064 -3.753246188576229e-8 0.46973719428729055 0.13577915024987944 0.39604741382891007 0.13577909889931075 0.39604746485406395 -7.044431657772711e-15
4 0.21195727685449128 0.2673130709793646 0.24017430702383535 0.20813963383564996 0.32543108825552736 0.24879383646570755 0.29721431638995455 0.3079670538074537
12 0.8187078848342253 0.0006776874844486175 0.8324476804768892 -0.003577667028486655 0.8459530394702597 0.040028771955737896 0.8322132441098802 0.04428412587335346
12 0.81655361614105 0.10553169150086093 0.8674176762079924 0.08773001354751778 0.8885373292002896 0.1480741654873031 0.8376732799105184 0.1658758218370371
12 0.7542119243686329 0.07962045229837642 0.7995809774682812 0.0853287531823649 0.7865154048478189 0.18917222639760514 0.7411463541822059 0.1834639377794493
12 0.8810452581841446 0.13969647988755474 0.8920596481353869 0.1354766788547213 0.9046362524111373 0.16830351131421212 0.8936218643724487 0.17252330888530648
12 0.9001303105144416 0.2544498346311995 0.9166701098711201 0.25202480198931254 0.9231210868628068 0.29602235932868354 0.9065812884723528 0.2984473874574499
12 0.8190714583973886 0.2837322621910925 0.7941982138353296 0.2837206268354947 0.7942239652541048 0.22879893580320232 0.8190971038350199 0.22881057113411474
12 0.8600229657837417 0.37928138953203405 0.8386785157240411 0.3842545205485673 0.8303356102687758 0.34844843168948614 0.851679976435662 0.34347531087006894
11 0.8453087853060879 0.031509268048287645 0.8352015173537666 0.031082331498082927 0.8363831237019212 0.003109083028522307 0.846490390459735 0.0035360195575570874
4 0.6016738289097248 0.590059283058251 0.5733140236791314 0.6210425712913105 0.4772984398466633 0.5331649712674671 0.5056579883344057 0.5021820133204744
7 0.4779942941166837 0.4754632079423596 0.47388649275580974 0.500402866678258 0.40110193572979824 0.48841512089430167 0.40520984484339806 0.4634755959326978
10 0.1540761801189774 0.49146605415917627 0.03821838384851617 0.47319932555154026 0.04850720520471441 0.4079487652725399 0.16436397406016567 0.426215411581414
10 0.3374598356547267 0.43268232112128735 0.3490945860130523 0.3993345204769429 0.47992690071305333 0.44497798446378267 0.4682925180594566 0.47832547075369203
10 0.35377587112873243 0.4374741764967787 0.34746504274869494 0.45556144331457005 0.27514666460103854 0.4303300802011611 0.28145753717126354 0.41224290445386524
10 0.5538300420427049 0.6581306253889996 0.5431835587548903 0.6720538316420264 0.4895239235443114 0.6310275977573783 0.5001703684025642 0.6171044820508952
8 0.6189542347107135 0.683273943527676 0.6253820223488447 0.6556299658667111 0.6662419474464514 0.6651294205933423 0.6598142972810592 0.6927732790061325
14 0.26763765987539045 0.5854185273188278 0.22827086112943107 0.6522299366919886 0.07236788659247395 0.5603761829057163 0.1117346521964464 0.4935658272802696
14 0.2929905100877477 0.5969605494100815 0.32561169604241513 0.6718518011418785 0.23355478111307093 0.7119440235094924 0.20093448143234127 0.6370535238727175
14 0.002673688459708501 0.48155598123830967 0.047548899745152085 0.4713081181746337 0.0652262993110071 0.5487111662143124 0.020351109834109593 0.5589589652544893
14 0.10937558776583955 0.5774336723272263 0.08207796251576838 0.6107741092996405 -0.02635772132009606 0.5219997552021528 0.0009396729456057074 0.48865971939524255
14 0.2016402656080345 0.6397311989712939 0.1926777971965521 0.6629663160445424 0.0594286028190254 0.6115734106344587 0.068391201165241 0.5883386085874522
14 0.15159109011096916 0.6517456732777147 0.14724873124237092 0.6751296014742306 0.10051325294796243 0.6664518996623737 0.10485569699119424 0.6430680833199933
14 0.2956586375638608 0.7322564232746397 0.27712556518372367 0.7804009423326292 0.13642163021950182 0.7262447105040051 0.15495503598617688 0.6781009869438707
14 0.4254315067690868 0.7726540989984304 0.37829914037126855 0.8457592682915086 0.27755093143969134 0.780815586757685 0.32468315141795756 0.7077114322348759
14 0.29222916271794475 0.8045994603495649 0.28415335417037113 0.8304570260811895 0.2341207483676726 0.8148337848393334 0.24219664878216918 0.7889763857341529
9 0.03395522273751794 0.6633722714063222 0.02288719777004644 0.6782382158685217 -0.003799876477955877 0.6583716761159505 0.007268129543490431 0.6435057810638007
7 0 0.5796506220159151 0.01332941047745358 0.5796506220159151 0.01332941047745358 0.5999188202917771 0 0.5999188202917771
10 0.42276062986968554 0.5230163952177131 0.4163581716803719 0.5280870723955097 0.40476581989025817 0.5134512512879033 0.41116826591508016 0.5083805815649867
14 0.04850788332510092 0.5307048512631749 0.07490075368230009 0.5034006270949513 0.15186047569784478 0.5777849004859897 0.12546785711731445 0.6050888769650001
12 0.8792782239672761 0.39665705331642453 0.8897498929915173 0.3975540473140492 0.8778141713377181 0.5368851139335002 0.867342503443524 0.535988128886563
12 0.8410967591324834 0.7180981573176478 0.8603775108537093 0.717313459640012 0.8621899546747045 0.7618395681359212 0.842909203200179 0.7626242618688392
12 0.8504737501455111 0.6549027705225745 0.8327636356918902 0.656015585115944 0.8298279762287848 0.6092998123956219 0.8475379323044763 0.6081870027764877
12 0.8103051532373229 0.41458092650919387 0.794499693150442 0.41057196275373264 0.8032487445034349 0.3760803833043102 0.8190541401494329 0.38008933849730975
8 0.7785947210685435 0.6889504537860988 0.7891655111156979 0.6884343834417701 0.7909677281583072 0.7253440702750714 0.780396938262129 0.7258601385653237
8 0.950188696514715 0.5632190421655288 0.9737149411957944 0.5687631681578509 0.9471927840610306 0.681295894343685 0.9236665602142011 0.6757518291626242