9 0.38338205085369736 0.2661635883674205 0.362845434659107 0.20750898475711294 0.5319579900709641 0.14829839976241627 0.5524947699561835 0.20695268047298024
9 0.33960450431254685 0.4022205294066397 0.33748072372122806 0.4197285111074787 0.3077005608977288 0.4161162179201792 0.3098243695379779 0.39860826911127867
10 0.5499923583439568 0.03611474573998611 0.5448172793696813 0.09666703847268991 0.4048109228120893 0.08470131679781905 0.4099860738821235 0.024149083004101034
10 0.26985027870227896 0.017656408174043 0.3088656466896964 0.09206264622526716 0.21038594182459747 0.14370086320743214 0.17137069298348706 0.06929472711941873
14 0.618656097913231 0.1290487132390352 0.532179427884671 0.1892591491778034 0.5019799867014854 0.14588559947903162 0.5884565194194238 0.08567523024806402
14 0.48953066567082715 0.09324677292797694 0.5215260638692598 0.10647404853271286 0.5064243218031379 0.14300342807652403 0.47442892876449605 0.1297761618516687
14 0.43772771748786 0.12178013581738464 0.4698396288075628 0.13221103593149264 0.4569894200476483 0.17177062141888325 0.42487751295368525 0.16133973096675833
14 0.3224959935400875 0.2169537211257613 0.3509871403149418 0.2237506877694247 0.3421002417608179 0.2610016587048123 0.31360909816373805 0.2542047015146792
14 0.23407748767544945 0.18837701357103598 0.2746723202492376 0.1932244053371492 0.2679408720346146 0.24959662121144957 0.22734604108882195 0.2447492386143053
0 0.3353324211979043 0.27162905303113694 0.3319222973968863 0.24656019695500012 0.36185920126899873 0.24248794719070288 0.36526934991422877 0.26755677375024045
0 0.3285477825950238 0.2685668586855826 0.35484278141063896 0.2766239441199736 0.3465967070261513 0.3035350544776797 0.3203017125366614 0.29547797894485994
0 0.2097354871061725 0.31362523062717745 0.22827956364267266 0.31816930665086546 0.22167643164721085 0.3451153736276338 0.20313235731873647 0.3405713039237627
4 0.38199331686064397 0.11250926059205602 0.4152072720955857 0.1661159368520079 0.33170560848111563 0.21785181624409322 0.29849180245867046 0.16424527028378938
4 0.16151789538378125 0.15284307707087946 0.22337035300756725 0.16830926551041747 0.20215312398681817 0.25316029773934096 0.1403006806567646 0.23769415090285412
4 0.4008177562138826 0.25526212723133396 0.41250809913492503 0.2790426946374892 0.3571953002426653 0.30623327829823943 0.34550503006369127 0.2824527727691199
4 0.45226556117108885 0.34110781819013475 0.4623619408804416 0.3459834581939088 0.45612539027808907 0.35889750160660056 0.44602901295252195 0.35402186532998314
4 0.5188636097836934 0.2607592043795355 0.5492986479398496 0.25120890960067205 0.5615739012381482 0.29032703462091514 0.5311388705908939 0.29987731291493025
10 0.5486363227902302 0.9576417660622119 0.3589307469939058 0.9417221896121429 0.39226497168920105 0.5447091497360721 0.5819529305442757 0.5606279706641931
11 0.19175769068624504 0.7384534415970123 0.30551580583744453 0.7262972112636438 0.33467353846992864 0.9990974167226901 0.220915501834952 1.0112532028359236
13 0.5652427238237578 0.9999999687041182 0.5652487553974197 0.7615626343454992 0.699875335017623 0.7615672750858379 0.6998736343989549 1.0000002312896417
13 0.3617258272631716 0.8539535779461799 0.3857724212015228 0.8578245479523036 0.3653711335564367 0.9845264746988068 0.3413245560927862 0.9806555740820434
11 0.6834788561961886 0.5558860804778394 0.8070546729666148 0.39067270656881686 0.9446695892730759 0.4935986753637318 0.8210962903425525 0.6588097649505805
7 0.8078511110227282 0.8177010613918515 0.7543030807992182 0.8509573065479048 0.7086667585026589 0.777488943234205 0.7622139225928777 0.7442330524979293