9 0.31050759375000325 -7.598232191712041e-11 0.31050759380445925 0.007497207953400567 0.27719679484346216 0.00749720783898788 0.2771967949219061 -5.311899039295807e-14
9 0.24626337698168754 0.373453152954415 0.27285418985070464 0.35773911263019675 0.3253801822073683 0.44661765474446674 0.2987894446914652 0.4623315934092591
9 0.34678642927246983 0.5481711216152535 0.31322133530500196 0.5618295386147943 0.27806144074213535 0.4754318088181753 0.3116261009644177 0.4617734914301423
9 0.34066263132865515 0.21194425234739192 0.3277088956923535 0.21855507497103888 0.31093670071754786 0.185690775384008 0.32389041210933556 0.17907996024464706
9 0.6538458166774035 0.040854330265799474 0.6992970832349101 0.053797215571862074 0.6587065492748252 0.1963375915085047 0.6132552948498642 0.18339474179991597
9 0.6890900810296898 0.16774748526961913 0.7265150794607962 0.186252047775508 0.6747540124314355 0.2909357890264139 0.6373290610484901 0.2724313021582485
9 0.49311683166263265 0.1819622874617737 0.47099169531247753 0.1819622874617737 0.47099171221395864 0.1546742721712538 0.4931168174451841 0.1546742721712538
9 0.918100143436277 -0.0030673218300056445 0.9410308058428427 0.000689125753515505 0.9338996978945033 0.04421988399210334 0.9109690355811608 0.04046343691305492
9 0.8413182192618933 0.02518832344829389 0.8282804007106961 0.02389384064775711 0.8305857137808061 0.0006751152528175411 0.8436235310264237 0.0019695979840036607
10 0.4667368857213887 0.2409630420081253 0.42262513913908606 0.19954949004503975 0.453674460165189 0.16647770668990466 0.4977861397703691 0.20789120093445795
0 0.000988700897551098 0.31293283204850575 0.09677357824989485 0.31389617862764374 0.09542370314352411 0.44810790646841514 -0.000361173874580345 0.4471445673521445
0 0.015635629507073645 0.6164809839516687 0.034157523759404285 0.6153840689764984 0.035677190944170434 0.6410412716648829 0.017155296934447506 0.6421381839433494
0 0.3729825100609787 0.39582548566716586 0.38546698811455826 0.39780718950269667 0.3811632695573053 0.424918688106318 0.36867879231124334 0.4229369876707264
0 0.34233676130622825 0.48865644639921607 0.3274426042383993 0.4884384006250908 0.3278163693036049 0.4629113286979437 0.3427104710954154 0.4631293740665389
0 0.3599158034684251 0.1101156397885814 0.347089089631595 0.11532330047279021 0.33552066194533836 0.08682979282154349 0.34834736523441734 0.08162213455656112
0 0.450525037391003 0.046263566159443964 0.43671225749039877 0.05221943390514579 0.4162605131125474 0.004787991233913883 0.43007328849068927 -0.001167875446104604
0 0.5578796152344694 0.09597541590213102 0.5748216079614394 0.09224690675302867 0.5795527950692758 0.11374490622643418 0.5626108027669261 0.11747341406346441
14 0.0885354912885532 0.22314136238433255 0.10125148262648054 0.2584489340347921 0.04650762653716356 0.27816440882001037 0.033791727482025635 0.24285691533658763
14 0.11137344783617209 0.2463172641148305 0.1431023616424909 0.25094331389696334 0.13466986621222077 0.3087783709669564 0.10294095497454236 0.3041523326600019
14 0.2902931024625559 0.7083441721069601 0.175630391725349 0.7119336606615692 0.17152168363475084 0.5806513754065917 0.2861813915252469 0.5770619343866717
14 0.10836667117507659 0.6172523231486283 0.12146348113719796 0.6314818180075089 0.10817237957940051 0.6437134249523986 0.0950755950813118 0.6294839547510406
14 0.07577239695967819 0.6596988764405398 0.08973730855257145 0.6493472025320814 0.10150958289773371 0.6652264783496127 0.08754468908966828 0.6755781316053096
14 0.2794696685390363 0.2645545954058645 0.3149373614361366 0.2529810256782367 0.3376033108870615 0.32244009314774474 0.30213563546578825 0.3340136249973249
14 0.34004385937907955 0.26407898945840447 0.37466138448576203 0.2711381509981221 0.36206713199499063 0.332897667604612 0.3274496129840827 0.32583852629918886
14 0.3698107569964577 0.25535800830956623 0.38640425422295266 0.2605397304483456 0.37873234855624105 0.2851070319476255 0.36213885375718746 0.2799253153035376
14 0.35015805078125 0.4974119174311926 0.364328486328125 0.4974119174311926 0.364328486328125 0.5250545626911315 0.35015805078125 0.5250545626911315
14 0.3701304609375 0.5294484648318043 0.387261087890625 0.5294484648318043 0.387261087890625 0.5602845657492355 0.3701304609375 0.5602845657492355
14 0.15344070988919611 0.08958932253023563 0.13695475093936693 0.09625494651505119 0.12673993972703101 0.07099089079535136 0.14322588867196373 0.06432526911312862
14 0.14676574998020442 0.10165320325260606 0.16365353159108054 0.09912239825977417 0.1672081610333862 0.12284196213674556 0.150320379653067 0.1253727660936812
14 0.15310389219268927 0.04064514342328765 0.13691025582647853 0.02844445692481841 0.15190047774785853 0.008548352451929675 0.1680941121178421 0.02074903784348608
14 0.1464933203125156 -7.0276079522725675e-12 0.14649332033616247 0.006018012225430419 0.13045015428008355 0.00601801221325981 0.1304501542969092 5.6492117721150826e-14
14 0.4476493049378405 0.18236174475153294 0.42843084519961394 0.18265161497189716 0.42805206951413766 0.15753814641904942 0.4472705042671805 0.15724827638714808
14 0.48782974636060317 0.13344186727652152 0.4558673242695477 0.1263780120392126 0.4686428304361243 0.06857193907599914 0.5006051989562366 0.07563578834415327
14 0.5336092846155225 0.040911609790983204 0.5164418595668394 0.04262872666597239 0.5141274157903126 0.01948932208548164 0.531294837002406 0.017772205409917273
14 0.360008435546875 0 0.37765358203125 0 0.37765358203125 0.005843180428134556 0.360008435546875 0.005843180428134556
14 0.4765785602116921 0.5984539431513615 0.4620037609801102 0.5900461376812077 0.4737286370542506 0.5697234272054891 0.4883033883116923 0.5781312151352009
4 0.4299963888425964 0.06371215359831607 0.4671385558096972 0.07756338446721066 0.44590674567439237 0.1344964563868637 0.4087645851616344 0.12064523820362726
4 0.5437519312165477 0.13883281731062172 0.5008867564390584 0.1367603396793415 0.5048575833825453 0.05463284100388214 0.5477226503656993 0.056705315959264195
4 0.5301353369499111 0.19677265791439708 0.49934848500947737 0.19299420096771644 0.5058440567889875 0.14006911955878273 0.5366308255250942 0.1438475713466946
4 0.5917042783522675 0.22808402191094468 0.6329613834728889 0.22734879115204265 0.6342082343442144 0.2973138072135768 0.5929511293010137 0.2980490358946334
4 0.6991529657966566 0.4867584774157648 0.6779905344305917 0.4967536826353398 0.6480203345290647 0.43330302468296195 0.669182587646219 0.4233078690301141
4 0.644407200385217 0.6727577609030634 0.6761321584144753 0.6731412687587497 0.6755647978739034 0.7200682836769234 0.6438398398767049 0.7196847777278361
4 0.6034533578517767 0.05012710389637933 0.5668591687373237 0.07084173943245152 0.535804865517207 0.01598164107544983 0.5723990370524916 -0.004732988350124233
4 0.7347285010807809 -3.394868643344025e-9 0.734728506052079 0.05478957376192387 0.6891847253310743 0.05478956864577332 0.689184730309762 5.200593322950585e-10
4 0.7178727143337937 0.16766290486044788 0.7060711984833006 0.16808744725538538 0.7054337149813819 0.15036654527066196 0.7172352207030599 0.14994200305810584
4 0.8302227049977091 0.4000923305080461 0.8838552611331352 0.41091914329449997 0.8667796354512802 0.49550130645584656 0.8131470979486721 0.4846745572454851
11 0.7682976012507652 0.1255431166420932 0.7367955927802541 0.12230759606757426 0.7459280387171248 0.03339190478559787 0.7774299785036192 0.03662742176944855
11 0.804044292968797 -2.1262643814858754e-9 0.804044294933874 0.044749666701157376 0.7783166864352324 0.0447496647339595 0.7783166884526054 2.661547171646862e-11
11 0.8509175984070225 0.24466048553870018 0.7925068436251195 0.2556795753440214 0.7581064410962881 0.07332814831713483 0.8165167213074938 0.062309102288382205
11 0.9655230185694563 0.1579901740731295 0.929452289765095 0.16385662179892277 0.9163538471506172 0.08331901145043814 0.95242447355281 0.07745257203135239
11 0.8643259357104398 0.37325205637028763 0.8199998397813033 0.3734405161651734 0.8195043522440528 0.25684299783009734 0.8638299560645919 0.2566545390758484
11 1.0000000704156946 0.3446364464831804 0.9794609942563284 0.3446364464831804 0.9794610666640438 0.2721357767584098 1 0.2721357767584098
11 0.9009803655141013 0.4582604441294544 0.9333656937644719 0.47718495136336436 0.9020806428829928 0.530718738117735 0.8696953798779532 0.5117943192981255
11 0.8706372849984518 0.6554466127708944 0.906323005633908 0.6858031307660035 0.8498892278472567 0.7521337884899436 0.8142037692047097 0.721777553722115