8 0.09391478816110066 0.04371793860530357 0.10505016898252961 0.0450560668156826 0.10033217278771644 0.08431734711897548 0.08919679204325348 0.08297921941886133
14 0.07482521983297374 0.11220019312061708 0.05704899227134774 0.11285715027003952 0.055779562044563136 0.0785082057595788 0.07355577190730855 0.0778512489371119
12 0.16106017986646748 0.08844072228313576 0.1420215885414109 0.08769238015232572 0.14549790588091582 -0.0007483417349387779 0.1645364761430983 -5.46657835876542e-16
12 0.14337171804686477 0.12208283463891487 0.15848152834098528 0.1218035358421769 0.15981423707683007 0.1939013748169628 0.14470442679771622 0.19418067313249746
12 0.17471551854612244 0.2993405625053273 0.1433617294552505 0.29915209251315095 0.14397755614595553 0.19672297121197846 0.17533110485692305 0.19691144048621873
12 0.1707110274853676 0.17670066791498346 0.2033095143386845 0.17567640547301117 0.20809707913758757 0.328044261141722 0.17549859258519973 0.3290685175157635
12 0.17568724937450497 0.4082852849946025 0.21593946513769424 0.40957600593582016 0.21229320902989457 0.5232804753792308 0.17204099373282133 0.5219897648403302
12 0.14469536424962826 0.5420403826194894 0.13219514692116263 0.5408283821299078 0.13530518993559326 0.5087554173360804 0.1478053432527986 0.509967414700503
12 0.13404988089007475 0.43699145548803825 0.12648699765338733 0.4363017608706525 0.13031054670750564 0.3943769416156033 0.13787338995518894 0.395066634400428
11 0.13467866242297077 0.4490476880594741 0.1263336623401301 0.44947281178711973 0.12353216059852912 0.39448300026233724 0.13187710206182146 0.3940578780256682
10 0.21354639032131217 0.04122994767650212 0.2332307083474916 0.04145938086918301 0.23249589534543702 0.10450288775390636 0.21281157732153133 0.10427345472212261
10 0.33996034503343253 0.2336941122905028 0.30408888456247496 0.2336941122905028 0.3040889875103403 0.11519836592178773 0.339960225497407 0.11519836592178773
10 0.27988595611805067 0.48617723102866384 0.22438416788543236 0.4851836712821635 0.2266723128901731 0.35739839958876535 0.28217318136432823 0.3583919510494879
7 0.3399610075387045 0.8898438960893855 0.281460305680298 0.8898438960893855 0.2814610190565645 0.7892042240223464 0.3399602351737485 0.7892042240223464
4 0.732618346302047 0.9554512546940022 0.7334603759866241 0.9692439818559687 0.6704714484014858 0.9730879259608461 0.6696295534906085 0.9592953263533706
4 0.717397209718456 0.5571977716749572 0.7279140801271069 0.5591926696184099 0.7232675081893376 0.5836864485684499 0.7127506389820155 0.5816915549461286
4 0.7544637821147262 0.5790659094066534 0.7620209503253363 0.5638656784181862 0.8036701144898188 0.584570429733292 0.7961130197633111 0.5997705979122399
4 0.797682952402738 0.6047169759747479 0.7946204229021987 0.6096192006863452 0.7819878147321333 0.6017281931452526 0.785050343513717 0.5968259751364261
4 0.9363384935929844 0.6934916695877168 0.9253226664537806 0.6987747783648937 0.9105862320826645 0.6680520846928795 0.9216019934301585 0.6627689945228241