9 0.06664027567433095 0.16731192137318898 0.07770798208935048 0.16480985244765142 0.0925584444926244 0.23049897660221105 0.08149073976051113 0.23300104039599154
9 0.09473559277080312 0.2954657658051346 0.08157188773486723 0.297307870686553 0.07313355335918459 0.23700855255717745 0.08629719414921055 0.23516645224509358
9 0.11100440351594898 0.0912690688309369 0.10576796625048246 0.09226148173981315 0.10129329059066094 0.06865102992988278 0.1065297248276238 0.06765861731843156
9 0.23703434632216158 0.057500782452019235 0.25683114266371376 0.06340104535017722 0.23316407989591426 0.14280948340601232 0.21336728645678704 0.13690922816058612
9 0.23333983177917617 0.1401217487041884 0.25242242526951486 0.14514975295644053 0.23650845160261724 0.20554692392410376 0.21742586127243158 0.20051892803166588
9 0.16968434058480852 0.1053705849695462 0.161049448173344 0.10458299909752329 0.16270472219889598 0.08643507407410668 0.17133961001763964 0.08722265973460175
9 0.3400000020550351 0.11507613296089383 0.3335858527682376 0.11507613296089383 0.33358585557425613 0.0908579441340782 0.3399999998878229 0.0908579441340782
9 0.30833705059933436 0.08759004473302076 0.3030943157936008 0.08676007116603239 0.30522602921780617 0.07329460636752716 0.3104687623293785 0.07412457979909501
10 0.16718606971176087 0.13285584808024453 0.1514103683708754 0.13584596302168273 0.1436401907083109 0.0948509930226684 0.15941587036377314 0.09186088015800101
0 0.11250976463236384 0.21138005306762217 0.1176457252416867 0.21241203640044398 0.11453022182104178 0.22791700710026472 0.10939426137395003 0.22688502431299593
0 0.09645059732611116 0.2578357559335917 0.0906162574569862 0.25724766510099356 0.09213581463302489 0.24217274927155746 0.09797014781133839 0.24276083976403898
0 0.12376800536367227 0.033726316125861126 0.11873868320878955 0.03442775060035775 0.11600651236983595 0.01483794336100608 0.12103583379314387 0.014136508938547683
0 0.1611581380827829 0.015088844669685618 0.15570686191472305 0.015916609350898763 0.1533175357011487 0.00018160945323368222 0.15876881166559542 -0.0006461552119885142
0 0.1985282048275394 0.06855144916201127 0.20499186831898442 0.06828246213182576 0.20560802435454661 0.08308844965065432 0.19914436086605747 0.0833574366346973
14 0.030176678042266758 0.10316521773736263 0.017774824829757563 0.10241720428259317 0.020025847726856227 0.06509609057797898 0.032427688929828946 0.06584410366624455
14 0.027028775003827832 0.2780502341182349 0.07050692259656444 0.2786718564465045 0.06922765901310868 0.36814470555943496 0.025749511469257413 0.3675230860038905
14 0 0.2852477525139665 0.003975763448275862 0.2852477525139665 0.003975763448275862 0.29930820279329606 0 0.29930820279329606
14 0.08535691563554337 0.11091653749863709 0.09903694661522877 0.1095625824995159 0.10359517545089147 0.15561758500930825 0.0899151446601536 0.15697153873264577
14 0.10700543848213329 0.12625928350237883 0.12152444353932879 0.12966618129451055 0.11302771657756239 0.16587602971830115 0.09850871248897874 0.1624691347446853
14 0.12288165550660324 0.1430116432387062 0.11695453388654187 0.14297116337769822 0.11708589550300985 0.12373746196312105 0.12301301246191088 0.12377794180814494
14 0.09868173368124644 0.26703214025309546 0.10421210549645821 0.2675365545147063 0.10267841838356162 0.2843514371353305 0.0971480466172352 0.2838470232309913
14 0.10438325264794912 0.29069251059054013 0.11106891399936103 0.29130229415326636 0.109278639010995 0.3109303193338693 0.10259297773416165 0.3103205363218387
14 0.1526918052709334 0.0953651147942355 0.14521778752884984 0.09475646275904176 0.14655101461983122 0.07838499465167867 0.1540250291270695 0.07899364655445223
14 0.1650443125330412 0.03750636069459233 0.17862313391299267 0.03977782364763893 0.17290842830971087 0.0739403453804085 0.1593296070989254 0.07166888308141
14 0.1925071560632432 0.029529880121410484 0.18592718059665003 0.029343573719540543 0.18637640241649933 0.013477959523013006 0.1929563771678886 0.013664265914450911
14 0.13854366145233143 0.336767642191921 0.1444737327810799 0.33680229466092043 0.14437144324256224 0.3543064579317495 0.13844137191404116 0.35427180549466997
4 0.15771895616944676 0.06647879368803054 0.14175825179381718 0.06436060992465566 0.147553498321372 0.020692980108203366 0.16351419337320294 0.022811163239335065
4 0.17612158966846891 0.035976241977781 0.19278697509855647 0.03531055045540907 0.19481444055224983 0.08606748415644457 0.1781490551435354 0.08673317535999811
4 0.1826099522182858 0.12337275643478665 0.1701231718204781 0.12118896720643484 0.1762659313748145 0.08606518731889964 0.18875269808893336 0.08824897533468717
4 0.20385640455867815 0.15611943925567398 0.219891402894973 0.15739698204749275 0.2162682501954123 0.20287232692701493 0.20023325203680997 0.20159478574501957
4 0.22977914563170998 0.3354020979059639 0.22132794273977652 0.3368528138400111 0.2136260710235547 0.2919865438694036 0.22207723775591148 0.2905358311185171
4 0.20843833085166352 0.46902096210098204 0.19608243299296646 0.46789404869823026 0.19887069201377017 0.4373247533092947 0.2112265380117151 0.43845166433754706
4 0.21827119104057147 0.051614076703322534 0.20318610308243024 0.05487261267301775 0.19455630420407033 0.014921769155072654 0.20964138590215953 0.011663233900903338
4 0.2696910651690132 0.07643986784196287 0.25225606520336896 0.0772919869163816 0.2505315344396877 0.042006726083879294 0.2679665231629542 0.04115460728722121
4 0.25439057759820116 0.14623981280302273 0.24982127876194227 0.14592877312686903 0.2506175908310979 0.1342307152847922 0.2551868873862304 0.1345417548830259
4 0.2776808043847723 0.3143872668281852 0.2987236999108518 0.315265379954852 0.29639258172505833 0.37112582069427613 0.2753496863642795 0.37024771013070423
11 0.27563531597559177 0.1315899455847079 0.2629523378449221 0.12955165630451423 0.2718771396403099 0.07401856440330024 0.284560095865686 0.07605685188952531
11 0.2933310597663876 0.09122853260420635 0.2832902084584248 0.0903127067832105 0.28600059453231097 0.06059690873216269 0.29604143892038337 0.06151273423455501
11 0.29970022332213375 0.2173565703825058 0.27742862982063343 0.21788794915482035 0.27469547467899247 0.10333227436950897 0.2969669490745446 0.10280089697504347
11 0.3400000088726074 0.19249077932960895 0.33329464633493444 0.19249077932960895 0.3332946545917821 0.14151907709497205 0.33999999992295216 0.14151907709497205
11 0.2978874583786819 0.30130631261878027 0.2806058753782281 0.29977788966620883 0.2867953222561255 0.229797191113898 0.3040768090565962 0.2313256098289812
11 0.2915116338868984 0.3665149315180938 0.30821982017937444 0.36186040696862715 0.3187819214327874 0.3997731701304705 0.30207373943790117 0.4044276839731887
11 0.28699778615327887 0.5270218258033151 0.268309975387524 0.5274993812697445 0.2669980652974573 0.4761627497001038 0.28568572928168123 0.4756851961119203
12 0.7178552523547523 0.02754574056875883 0.8034074187811484 0.08314664226755282 0.6852911596894273 0.2648887719216473 0.5997391877417613 0.20928813461572365
12 0.7386305372413062 -1.0487741341623431e-9 0.7386305389682093 0.025779429550947874 0.6806073725924762 0.025779428482532566 0.6806073737931229 -1.0305742610445262e-14
12 0.6504462619366222 0.04852017499356608 0.6401964976703312 0.06240254396998424 0.615038691121299 0.04382779890837863 0.6252884543703203 0.029945432859824723
12 0.6123496803521675 0.06914315897023403 0.6243062029103612 0.04266282283008958 0.6790986381458879 0.06740291865536494 0.6671421349212778 0.09388323838553442
12 0.6139630447920581 0.07391398860064653 0.640255550609595 0.07513746277059884 0.6377639657782765 0.12868156724003996 0.6114714600113302 0.12745809407110234
12 0.6100951151337313 0.12536725670029564 0.6346720688138703 0.12774215100342792 0.6289154427453241 0.18731505519028002 0.6043384895526742 0.1849401642874956
12 0.834668642303086 0.1372109646370552 0.8855711784526648 0.21362775140990384 0.6754840347605295 0.3535667553900654 0.6245823003570194 0.2771506823727823
12 0.7323293400870625 0.40639180372647954 0.7088699556983329 0.4470796937116351 0.6098924054857662 0.3900146947344925 0.6333517906523412 0.3493270864018194
12 0.7285769505623421 0.5061074835469855 0.7347396108057183 0.47378917628203476 0.7925856350318554 0.4848187744495475 0.7864231383351807 0.5171369376400374
10 0.7437240220943977 0.3659485494633726 0.7615696879406642 0.3462940421807528 0.8017086985078095 0.38273746781339135 0.7838630952147696 0.4023919146211074
10 0.7179565292301504 0.43587668126225887 0.7288266458523367 0.4387060334427149 0.7258988854537165 0.44995355499285966 0.7150287696551914 0.4471242050279469
12 1.0000000355094016 0.23689716983240222 0.9772215262566988 0.23689716983240222 0.9772215666033617 0.1862612843575419 1 0.1862612843575419
12 1.0000000198557473 0.3163674854748604 0.9891758973773221 0.3163674854748604 0.9891759143459922 0.27915700167597773 1 0.27915700167597773
12 1.000000298595296 0.3948625944134079 0.9250859306607708 0.3948625944134079 0.9250860952564608 0.3410165234636872 1 0.3410165234636872
12 1.0000000580735104 0.4411178016759777 0.978283021298239 0.4411178016759777 0.9782830772417128 0.3989161346368715 0.9999999992450057 0.3989161346368715
12 1.0000005040209317 0.5497206703910615 0.9073279658216507 0.5497206703910615 0.907328269628465 0.4946200955307262 1 0.4946200955307262
12 0.8005079459261424 0.0015294677248296794 0.8211067348022425 -0.0008899168058852555 0.8250879940973164 0.03300676816669518 0.804489205267032 0.035426152485012026
4 0.6315666067889651 0.45610905879559344 0.6253424712529068 0.4959002495761298 0.5815624001232891 0.48905251057672217 0.587786637956583 0.4492614462384527
4 0.594453680767856 0.3271315768002671 0.5981831466676795 0.3133686628309808 0.6172495351054295 0.31853509656575835 0.6135200847803617 0.33229799717581937
7 0.8526210314221316 0.05402922798127068 0.8131482340318144 0.07274097083990311 0.7970147891529678 0.03870714600704916 0.8364875688539541 0.019995408004799767
7 0.8235844907507044 0.13963412177298165 0.8058473285269656 0.1045929719878587 0.844928648849077 0.08481083595994866 0.8626658145468582 0.11985195826366127
10 0.5530918309725621 0.05565998086355819 0.5426908117603944 0.02889219069344483 0.581266658459981 0.013902983370280429 0.5916676798194658 0.04067076686980857
10 0.5414623883891636 0.06883155945329208 0.5509821392942058 0.0969145552145403 0.508153210049727 0.11143291607109002 0.49863347959569637 0.08334993763635799
10 0.47138537401644953 0.05355236038295257 0.48474932940416693 0.05919933973704635 0.47594703503887104 0.08003053143451418 0.4625830803804547 0.07438355337784797
10 0.452035626006591 0.10573571560379967 0.47739015467925583 0.08337262104047356 0.5015605053984018 0.11077607458963033 0.47620598941807657 0.1331391557607016
10 0.4509822822556089 0.1283398858874835 0.45054105569829517 0.1534332148026763 0.4070271976713684 0.15266806572372466 0.4074684471298724 0.12757476020143166
10 0.5649477173184323 0.14617107729567358 0.5715667999878633 0.1716484093891091 0.5302058413842587 0.18239397590254916 0.5235867903325016 0.1569166709537648
4 0.5995919631378683 0.2576047109141931 0.5697855525847899 0.2550995388168521 0.5774818644852076 0.16353153460014394 0.607288102068992 0.16603669944134392
14 0.16871637657845895 0.7163226797481576 0.16213022238105168 0.7515348199102809 0.1305008401827763 0.7456196394437425 0.1370870904519279 0.7104076250934968
4 0.21177871735301323 0.6320935960444464 0.22218830174392679 0.6552871376136528 0.17403027929947257 0.67689813503791 0.16362083890624035 0.6537047158677154
4 0.17493425073280378 0.9857033185448428 0.1789477479269408 0.9595704342196759 0.2116944695303573 0.9645982256364725 0.2076811161812202 0.9907309814234363
12 0.09170109422234418 0.9567085590311195 0.09480748508406123 0.9302502759708006 0.1362386158929212 0.9351132163501807 0.13313239940373478 0.9615713406237909
12 0.17903280939913202 0.5681763983320782 0.17800551751054172 0.5736691498865507 0.1272122046397044 0.5641702036646906 0.1282395152625213 0.558677476227388
8 0.268522073483382 0.8171455908913019 0.2804528672502329 0.8316681796981542 0.25210261534425626 0.8549538323418495 0.24017189428457186 0.8404313112676526
8 0.3400001277125284 0.6895986251396647 0.3064649763008447 0.6895986251396647 0.3064650839656906 0.6532945932960895 0.33999998558249445 0.6532945932960895
12 0.5841175802387397 0.5994688744649442 0.6304908375788045 0.5720700573411074 0.6768122051062164 0.6504614780595211 0.6304391266733091 0.677860057936948