9 0.39771436583441755 0.7944703638165628 0.3229439992071548 0.7579576531281993 0.44497603972729394 0.5081010049385525 0.5197429076699791 0.5446126977656787
9 0.32697898047763374 0.9463762128049997 0.293164378738652 0.9349669513644254 0.32423362751057994 0.8429088758648975 0.35804740490470977 0.8543179859670987
9 0.31640645190407213 0.9602446483180427 0.2773435153783339 0.9602446483180427 0.2773440205518227 0.8746452446483182 0.31640601717606387 0.8746452446483182
9 0.3277770280660661 0.9834919940817013 0.2928794084406263 1.0168508549985509 0.24166914666284356 0.9632933820592425 0.2765663593750105 0.9299348868501832
9 0.400602314226262 0.9266682015553844 0.42199173657138545 0.9401707314762264 0.39254348602219125 0.9868067693621263 0.3711541478505751 0.9733043479923114
9 0.6910177798469022 0.503372003621271 0.7120728692862031 0.5056598538610705 0.7065043254236798 0.5569028677991305 0.6854492375538257 0.5546150270942576
9 0.7717355049019261 0.3128439481696483 0.8143071700051223 0.3112987587205715 0.8207824109767898 0.48969087529293054 0.7782107467687638 0.4912360479059159
9 0.9161840134029262 0.46500114182215385 0.8911398833572548 0.4644492548016174 0.8926706242874616 0.39499514932013113 0.9177145259000099 0.395547033818214
9 0.9177685195312506 1.0000000000000304 0.9177686391095676 0.9725428034611859 0.9368241835355775 0.9725428999248739 0.9368241425780752 1.0000000178277317
9 0.8575314303135428 0.8427095018639646 0.8473924594685514 0.8402754625519815 0.8527149991757597 0.8181092833165082 0.8628539140042903 0.8205433156111213
10 0 0.5637025657492355 0.0801496015625 0.5637025657492355 0.0801496015625 0.7431901070336392 0 0.7431901070336392
10 0.24649455247117658 0.46761621245993484 0.3331221828127582 0.5119964446516441 0.2254905631696147 0.7220646982364574 0.13886356534953848 0.6776854133681873
10 0.5937511217024394 0.8874829055303247 0.6253702998875497 0.9027663867946498 0.5949107473660433 0.9657660544364759 0.5632916659001239 0.9504827242245962
10 0.21226597797567592 0.27314392870018017 0.23636768809240039 0.2673103587981978 0.245309923277091 0.30425478627386493 0.22120821661928858 0.3100883463959756
10 0.3312149514616749 0.10833528018001627 0.4344599367630053 0.1473606676748608 0.37046470224504446 0.31666323835970434 0.2672198352789792 0.2776380791602977
8 0.02577452727666696 0.958297801103168 -0.029514915397726327 0.9358681471931142 0.015676996529805365 0.8244993133623756 0.0709648602563675 0.8469286082676895
0 0.18170771393681662 0.9445142637146715 0.1421791985648042 0.8807525182879397 0.22608267142049954 0.8287498146873675 0.2656111105246737 0.8925107181616077
0 0.4293006826567307 0.9970403082557979 0.4315505064429317 0.9985114578424897 0.4296145887805096 1.0014711487949681 0.42736476562492953 0.9999999999999831
0 0.4703924771549737 0.9323056977637465 0.4856738978901376 0.9311780625481637 0.48935156971697324 0.9810031756959252 0.47407014988607443 0.9821308026869463
0 0.5159870062967684 0.8619343984065585 0.531272569590783 0.8620248703937977 0.5309414548823952 0.9179545721030602 0.5156558915934966 0.917864100802262
0 0.6575655482752154 0.842185068187565 0.6735060058097133 0.8437772695249887 0.6682821474782941 0.8960645099410297 0.6523416916108999 0.8944723196721343
0 0.7036549298580894 0.7489864542729606 0.686933761855812 0.744275397986809 0.7012974461380281 0.6933022966077274 0.7180184310740287 0.6980133255759604
14 0.12767301927328845 0.999999996773113 0.1276731272789675 0.9729617332721814 0.14749747173345895 0.9729618370790903 0.14749744440769064 1.0000000196621674
14 0.28791545360377313 0.8664627267745274 0.2281460885440083 0.816058271359123 0.3320497997985967 0.692874449318597 0.3918177516512742 0.743277927015027
14 0.2859901445817741 0.6316749322574223 0.33201529552241027 0.6311379078012419 0.33274028013397583 0.6932638981196819 0.2867151292427934 0.6938009192120307
14 0.3323994057479922 0.6226348547998461 0.334943214167879 0.5625000426056603 0.38351373520447396 0.5645544588049187 0.3809702012683829 0.6246890078076178
14 0.5267591706839312 0.42822099484388876 0.5206878728223501 0.47925681477888976 0.47481305790017814 0.4737996622844344 0.48088449473902983 0.42276400322676916
14 0.5301759449054089 0.34438100971367175 0.4627824377197385 0.3304611987275118 0.477389613372452 0.2597429854656766 0.544782685169821 0.2736627499145416
14 0.360008435546875 0.979174749235474 0.3780982734375 0.979174749235474 0.3780982734375 1 0.360008435546875 1
14 0.5756627278461792 0.9042861665374569 0.5576142989235677 0.9036476845196026 0.5585437313230841 0.8773831062068359 0.5765920316462143 0.8780215859479239
0 0.5228496953814101 0.4622307478518462 0.5479609646585004 0.4823988698992486 0.5182023100064725 0.5194484929500361 0.493091104718701 0.49928044236415103
0 0.563006829996084 0.5148275159848328 0.5341102660493107 0.5057005744342209 0.5496039996203308 0.4566502306071072 0.5785003587253641 0.46577713730238157
0 0.6200038896698743 0.29925227390027986 0.6436611280485067 0.2767008762006527 0.6666241407345979 0.3007892871532778 0.6429669360171602 0.3233406504669863
4 0.42372222818858063 0.35901573813428744 0.4963405041042961 0.41498864403103825 0.4049473610834866 0.533552844349768 0.3323295783246749 0.4775805052633745
4 0.45507127378050427 0.12518460832735492 0.5451102725371584 0.0951448657521169 0.5843292495551395 0.21269630609847254 0.494290303882849 0.24273595081555474
4 0.5427260927039015 0.5042104247847103 0.5740985496570374 0.5239521445980028 0.527351331482123 0.5982333698396515 0.49597898623187575 0.5784917946437941
4 0.5952188395034455 0.7050979945251101 0.5991619310619853 0.7243710439999622 0.5819609543765409 0.7278896199419913 0.5780179050274228 0.7086166073787705
4 0.4355822221006065 0.8119004899502561 0.46963517691619927 0.7797987493397034 0.508834789083835 0.8213727574214336 0.47478205536060614 0.8534742704697696
4 0.46302227571322874 0.8547573052632442 0.5021315421805639 0.8569109264701043 0.4985289683560268 0.9223173393726882 0.4594197033972023 0.9201637372794221
4 0.5667334179687487 0.9999999999999564 0.5667334227536003 0.9976693012730331 0.5750782127628327 0.9976693138489242 0.5750782109374768 1.000000009617932
4 0.6520063067788442 0.920380606516711 0.6391361813025469 0.9202872557438521 0.6393170243205759 0.8953676152455531 0.652187061073846 0.8954609656965813
4 0.6942752239489209 0.9050457946894971 0.7368443458555021 0.9103019249986221 0.7278911680373312 0.9827938486981219 0.6853220560223008 0.9775377735824412
4 0.693000572265646 0.9999999999999489 0.6930007002572438 0.9816991949314434 0.7278906858845176 0.9816994340214553 0.7278906542966297 1.0000001422262461
4 0.773435556792947 0.7572135702786879 0.7318926858783925 0.7660312548490454 0.7158404809250669 0.690414938380178 0.7573826648892918 0.6815973293319032
11 0.8040443044551466 1 0.778550199218671 1 0.7785503637328475 0.9653221559633027 0.8040442031476687 0.9653221559633027
11 0.8632874207055465 0.8747516886272936 0.9039827095233477 0.8717795130091207 0.9127219128446313 0.9914067309885062 0.8720266297941635 0.9943788558956929
11 0.9139961789309154 0.7184412935051409 0.8815916621878159 0.716266527752487 0.8877532898527534 0.6244745390436468 0.9201572000507667 0.6266492843997616
11 0.9486520257271422 0.636512382769888 0.9223249554622726 0.6366452833826304 0.921922434442422 0.556873230062751 0.9482491236997248 0.5567403304104641
11 0.9024101057082135 0.6658601232464837 0.9656163677976792 0.6546159104615511 0.9990616553139944 0.842589316916842 0.935855460431867 0.8538332843787754
11 1.0000004733198011 0.9644272477064223 0.9645465607777624 0.964427247706422 0.9645471562929515 0.8543288593272171 1 0.8543288593272171
11 0.9702254193060753 0.2896938969551956 0.9702254721480585 0.22885348927466845 1 0.2288535321100519 1.000000018632818 0.289693868501542