8 0.07811882381952273 0.6966917819916794 0.07811940776718984 0.5621577234467957 0.13009759408350874 0.5621581716749933 0.13009768325491677 0.6966915550229857
8 0.15594170506983573 0.10173014569056815 0.20389060010654703 0.11069406437683837 0.1852901471105497 0.2101890651058534 0.13734125753569515 0.20122516810367072
11 0 0.2510181009174312 0.0283466875 0.2510181009174312 0.0283466875 0.340702498470948 0 0.340702498470948
11 0.047546554028826904 0.053952969009060964 0.07817176035757711 0.06649050470006317 0.05520746957927258 0.12258481979042965 0.024582269118354816 0.11004729448222055
8 0.290103313767645 0.2116863760784953 0.31778865733133443 0.2191099220088982 0.2869610905504487 0.3340756952901211 0.25927576081096504 0.32665218604655294
12 0.4781989687500072 -2.441722420455112e-9 0.47819897105614473 0.0612400097195664 0.4606703313164644 0.06124000718191011 0.4606703339843534 7.715329910893922e-15
12 0.6183145162752908 0.1669528138485534 0.5221179549437238 0.1622679865851074 0.5290731255419132 0.019458093756458166 0.6252693105689104 0.024142912040985606
12 0.5039609324844605 0.2910594450347847 0.47491960115610254 0.29156479580175676 0.47310781670375945 0.18744146010693502 0.5021489304742772 0.18693611121698755
12 0.4597343450667495 0.51071133798455 0.48015568869902836 0.3626039604378226 0.5822842278421376 0.3766851150727141 0.5618640347476003 0.5247914458999737
12 0.7737120831831135 0.38201703961979094 0.6739580908561038 0.4402081075197678 0.5785455888011484 0.2766517756804383 0.6782980608808202 0.21846127756731715
12 0.4676316846279178 0.608963555041587 0.44460723099075494 0.6079817035141312 0.44785777840070295 0.5317685224419765 0.4708819312692185 0.5327503676034542
12 0.47456990656712605 0.7785317368771452 0.5107221319445898 0.773846916835241 0.5216607296268876 0.8582421567511126 0.48550851395918926 0.8629269271861865
12 0.7055681958182731 0.6524030348132731 0.6474801475492313 0.649857291709949 0.6513825836638034 0.560834799845952 0.7094696847383375 0.5633805222772873
12 0.7018452621092592 0.9099347123565198 0.6559998079285378 0.9101044151463227 0.6556800967864547 0.823589659271549 0.7015245048447696 0.8234199584164976
12 0.6464696527144724 0.9999999788405862 0.5967809763793639 1.0023590149955166 0.592969044952838 0.9220796842578314 0.6426565619443636 0.9197206755475597
11 0.47484452679896094 0.1592396027201591 0.4549416207919421 0.15902037290730792 0.45594196285344424 0.0682068652758635 0.4758448124999859 0.06842609480122273
11 0.47305072320671115 0.2839964246263826 0.4518580217809358 0.28426355076132287 0.4511454959143748 0.22773124482827586 0.4723381054687934 0.22746411926605525
10 1 -1.3717704231757746e-10 1.000000000086402 0.012405033685785175 0.9808652557219375 0.012405033547239958 0.9808652558593849 -3.323042909990996e-14