8 0.3271686587181648 0.024778362106288712 0.32934320704055153 0.04763342922048857 0.2581989152851065 0.05440243855545363 0.25602437742554685 0.03154738075689894
12 0.12046851818035975 0.19868921893944896 0.17043832750061938 0.21492843539521075 0.14510541555296186 0.2928791057198686 0.09513562925599217 0.27663993946188314
12 0.18850217667511515 0.19763752637732696 0.19588021941251554 0.17428071639049436 0.2521770501859919 0.1920637690815354 0.24479905560076531 0.21542053798933433
12 0.2726085036651966 0.28290738979811564 0.295359539450601 0.1958985117838025 0.37713841027607486 0.2172816558921107 0.354387699024187 0.3042902559032805
12 0.15731622010252977 0.37346059684359845 0.17942456891671554 0.29659782810518315 0.2865232920090648 0.3274019585221958 0.26441547736385473 0.40426427031813617
12 0.38497628364245884 0.2267167377544297 0.389140929940595 0.2078126497685028 0.43161726387620547 0.21717021384363996 0.4274526497985107 0.23607427348178014
12 0.559912318053307 0.28967442019954964 0.5460002381340701 0.31694258921653534 0.504153145174314 0.29559290995669535 0.5180652339146263 0.2683247973507066
12 0.3415734693559216 0.4192825081681148 0.34157365230089454 0.3788925372996342 0.3928946036162415 0.3788927634438207 0.39289454665811263 0.4192826076272637
11 0.13346702269871002 0.15869246860987396 0.13783609771041938 0.14250895744540787 0.18481869147251473 0.15519278517595447 0.18044963852150886 0.17137627724267473
11 0.21824596721307898 0.18004921973095703 0.22350694285455575 0.16297062352180533 0.254098793160324 0.17239420215960316 0.24883783489110556 0.1894727834448513
4 0.8364691534645772 0.3107010677071554 0.8794605163844835 0.29834765221539455 0.9082130912609045 0.3984065848079975 0.8652217573305734 0.41075993137671074
4 0.2941598596618178 0.683776733513632 0.23232703980670522 0.7573472426200697 0.13698683194581918 0.6772284497300838 0.19881903551345204 0.6036589172088761
4 0.27970230183905187 0.8377712565026733 0.3507180119042914 0.8507175976324629 0.3217256842092411 1.0097116355184983 0.2507100505956714 0.9967655888215683
4 0.39137774448965956 0.5984066670896759 0.4140564882864055 0.5952273404706342 0.4203982279123011 0.6404589811775079 0.39771948698023607 0.6436382940566377
4 0.4560089619409382 0.8664394634998988 0.4823289736274319 0.867343849356886 0.4790547993694645 0.9626073010556201 0.4527347882548156 0.9617029271957516
11 0.37074257061794924 0.9999999999999841 0.37074375022143613 0.9440214513468068 0.4606110258670242 0.9440230016723455 0.46061059015767114 1.0000008110039895
11 0.33984807127501426 0.6811259432639138 0.3979495858251312 0.6691544318708904 0.4391340412264526 0.8690015956192205 0.3810326162947604 0.8809728190547966
11 0.2840368132962112 0.4376238745633857 0.34241244845907204 0.4271408703250203 0.3774084179718784 0.6220041544822121 0.3190328272218039 0.6324869908079593
4 0.3068761458200697 0.578625788455539 0.23705698702497102 0.6167048830030885 0.16364518297848463 0.4821125485460482 0.23346289505582263 0.4440339461031486
11 0.16936946721386903 0.7634521933184034 0.26191296188551405 0.779361073171271 0.22311624100461813 1.0049947002129305 0.13057288043023618 0.9890863084103039