9 0.34014050392465833 0.03796717522210756 0.35987415935130684 0.026050828397748787 0.39317841204683646 0.08120314143588146 0.37344476173950625 0.09311948127674144
9 0.38375462563271867 0.08352027541658862 0.4049584738830845 0.0642732573981872 0.446161836410397 0.10966562671350105 0.424958005011149 0.12891262719738406
9 0.230592099621731 0.05342926345290403 0.23960345405362204 0.046877185591956465 0.25281691116310867 0.06505020409348923 0.24380555786785862 0.07160228062491268
9 0.15595608608373368 0.2863357326907288 0.16029726314980053 0.3237505019252836 0.08576817534424208 0.3323975390871179 0.08142714294763209 0.29498290161122864
9 0.19738575333030894 0.3178387515878952 0.20992099830652933 0.3461026635181575 0.14138785957220534 0.3764962994409121 0.12885274602683694 0.3482324988355088
9 0.18703050607564364 0.1897264370878818 0.17292486075621127 0.18436717841799302 0.17971890893807085 0.1664853450414891 0.19382454098354174 0.17184460089684597
10 0.22414810215479974 0.18622951705612803 0.19373348134877233 0.18808353108555717 0.1912596688287067 0.14750112220848569 0.22167422746304055 0.14564711006889403
0 0.3510660827862466 0.12749969403913156 0.3505459128463144 0.13790431871954925 0.33407992514867146 0.1370811164730247 0.3346000983646036 0.12667649526074942
0 0.3899285379361572 0.0999577558300388 0.3996750811010088 0.10806583956696875 0.3905719025524377 0.11900852179786327 0.3808253611477994 0.11090043998428921
0 0.1705405420018451 0.057100693284394786 0.17863527786596478 0.04973714657060609 0.1909721646275102 0.06329905415217356 0.1828774299539191 0.07066259962628685
0 0.1243668872454009 0.22805783998522103 0.1351033535153192 0.23171328887788217 0.12981422930658937 0.24724777767757816 0.11907776407133497 0.24359233095636312
14 0.4809245086694318 0.02639283474477601 0.5489155269358434 0.04765818820776106 0.529722041097898 0.10902480385220213 0.46173103037824603 0.08775946504979017
14 0.3221382838715954 0.06163407024388477 0.3018358637699521 0.08393192663729968 0.27140814083645637 0.05622720363181803 0.29171055426832027 0.03392935564094943
14 0.3070165179179867 0.07929325191525366 0.30735134357746574 0.10809513809335797 0.27020951718827746 0.10852689796241319 0.26987470703238614 0.07972502713954596
14 0.27315669502536366 0.10024783848536663 0.27519410781314946 0.11383498188709758 0.2621896402760058 0.1157850115404518 0.2601522307692221 0.10219787107628694
14 0.39362993601116614 0.1266528107720838 0.4050844351837668 0.12215454970899023 0.41041162317253566 0.13571978359956377 0.3989571247125241 0.14021804334912086
14 0.40538353034003194 0.15949450625252043 0.4088124530441064 0.145370881759129 0.4254309250522965 0.14940547259836343 0.4220020089156833 0.163529091426079
14 0.201252555294559 0.15313624857143074 0.18830624592942513 0.15126865175134552 0.1907116832110205 0.13459413570164244 0.20365798322291084 0.13646173183924784
14 0.13017896345422741 0.18013604626561175 0.12678716048742444 0.15402995028667696 0.16139170016708704 0.14953403212531366 0.16478352247565908 0.17564010494697652
14 0.4193385239500458 0.24223323788404388 0.40566825916403104 0.24661132661264373 0.40186844208233197 0.2347468601239211 0.41553869537415267 0.2303687733812124
4 0.17176585207721473 0.11342848714377023 0.17842750128249918 0.1434283869344345 0.14547781545979888 0.15074499070864805 0.13881618965797315 0.12074511123744605
4 0.12924902649740488 0.2252658457569343 0.11070540149819408 0.19642839511293797 0.1425638157064668 0.17594243315945432 0.16110743583999465 0.20477985042110328
4 0.15823634294042677 0.21874294699143976 0.1608218216907744 0.19312145051411803 0.1892275175226814 0.19598784566248545 0.18664206380515225 0.2216093191751549
4 0.22511711237791587 0.28778501968089165 0.21461459830015883 0.3209607710270387 0.17693721329385426 0.3090334378149699 0.18743975929317003 0.27585774646206945
4 0.30895073531576145 0.3943834125742525 0.29294231082167244 0.40122238955983647 0.2759583561864929 0.36146865562594493 0.2919667105794588 0.35462969576976994
4 0.4407996499901401 0.3944596604412849 0.43387680382477356 0.420265572463351 0.4085482739554891 0.413471090138383 0.4154711463235117 0.3876652195451955
4 0.11349586317783178 0.36085730269061506 0.11516572283289861 0.3550516690889836 0.12486912745669088 0.3578425248064538 0.12319927155351706 0.3636481551983144
11 0.9122258568726238 -5.441601931238259e-8 0.9122259284264373 0.09970276193708762 0.7709796309922012 0.09970272086260039 0.7709796736967292 7.932469137134699e-9
11 0.7490734708974287 0.4361375408464409 0.7027232984487455 0.4174161403550428 0.7631926445016006 0.2677140352954596 0.8095421171751696 0.28643527812879616
4 0.23360319633889048 0.7348024518441559 0.2849295498850779 0.7537053116372819 0.2166841149925176 0.9389716940207772 0.1653580055584598 0.9200693100459317
11 0.4591362232318943 0.8197651100429294 0.42112209460537997 0.8285074717908661 0.40143820279899955 0.7429312178380745 0.43945156112329187 0.7341889486532808
11 0.4292118076384668 0.929680214741899 0.38498055910019957 0.9143948584290661 0.40727194610951756 0.8499072890013363 0.45150244313697385 0.8651925033470783
11 0.364150264306204 0.9100733237481039 0.31065762775199346 0.8909286256429344 0.3605036770655943 0.751686483706684 0.41399447101366604 0.7708308173704859
0 0.2438984151567638 0.9319892596641257 0.2646419649647669 0.9444869362051851 0.22367003224553628 1.0124723149702974 0.20292659289134463 0.9999747851413717
11 0.24061493144665747 0.9226739717534792 0.2215011278252632 0.9156558336425067 0.24160648564657095 0.8609129843980471 0.26072001567274583 0.8679310671531968
11 0.7885282373500786 0.6136527947965558 0.817776944446905 0.6135960513456292 0.8178698334555747 0.6614703655716122 0.7886211263599989 0.6615271087590241