8 0.2895395332230919 0.21929640762350627 0.2654361889929078 0.21040558169537749 0.29071692996512866 0.14186951717071714 0.31482018728422645 0.1507603253918731
14 0.2066750083063198 0.28813698794638787 0.1972389760991291 0.23691217047973612 0.2442057387186196 0.22826068183367995 0.253641844858862 0.27948540314299264
11 0.010766717534124837 0.45751570074614534 0.055993907526726616 0.45392027604771623 0.06569485728630298 0.5759401257025639 0.02046767195577104 0.5795355157576171
11 0 0.8525813639143731 0.013480662109375 0.8525813639143731 0.013480662109375 0.9656338807339448 0 0.9656338807339448
11 0 0.22717278287461773 0.028748634765625 0.22717278287461773 0.028748634765625 0.28969386850152906 0 0.28969386850152906
12 0.46742577487793824 0.16297700210177285 0.4178558988245413 0.1670354378067253 0.4044232466685571 0.002967855222972257 0.4539929359765438 -0.0010905733103665598
12 0.476199193777461 0.3347806420570785 0.43687252452104985 0.336302292065865 0.43250629007786756 0.22345538043409371 0.4718325879562144 0.2219337375418826
12 0.5419240256192097 0.4910535198488549 0.45876115922203553 0.4929777375208869 0.45507462424620826 0.33362595959373237 0.5382358268444705 0.3317017611758225
12 0.5411497172199233 0.26985924860712185 0.6255489944695682 0.2685397514575012 0.6293587338598172 0.5122128534512949 0.5449594575275114 0.513532331189347
12 0.6710432274885534 0.8207578492256723 0.5659666801750518 0.8101762694520747 0.5832062989062479 0.6390362104335872 0.6882789011395971 0.6496175913909914
12 0.5027493022223553 0.8373649398280986 0.5341500578466594 0.8397698417392353 0.5276604273102521 0.9244852146074646 0.49625967494318957 0.9220803401245252
12 0.4794668484179283 0.7345566605504589 0.4600861777647651 0.7345566605504589 0.4600863412789522 0.6651351498470948 0.4794667246901554 0.6651351498470948
12 0.47819119210475947 1.0003697814260923 0.45937072964227355 0.9999725715731107 0.45968077403142615 0.9852882657445164 0.47850115282608385 0.9856854747136888
11 0.4840336367525424 0.7534593268656765 0.46217553819462864 0.7586360792893564 0.4423917048828798 0.675114135238333 0.46424941336158554 0.669937430857178
10 0.6445312943251338 0.13340436697247707 0.5937499578918732 0.13340436697247704 0.5937500265431481 0.030581039755351692 0.6445312337988298 0.03058103975535171
10 0.9648440510101182 0.23853211009174313 0.8474855700435455 0.23853211009174305 0.8474860419986499 0.054499397553516835 0.9648435865390184 0.05449939755351685
10 1.0003817811633553 0.09139471537012749 0.911957491012231 0.0936536784426154 0.9095650097656289 5.093857107031414e-16 0.997989164221849 -0.002258961167074677
10 0.8542122373747816 0.5084264429676649 0.8503906852217824 0.7026435508657207 0.7015796069246107 0.6997135200129846 0.7054037676083453 0.5054990940840396
10 0.9697442685418309 1.0000000473991688 0.9697446034836048 0.9344130692769064 1.000000042340048 0.9344133149850913 1 0.999999999999966