8 0.2178408045397191 0.04165539798203249 0.21360545118977825 0.02216800139137209 0.25791058306526793 0.012538809633240762 0.26214593908025563 0.03202620207232348
12 0.14996671951030294 0.10792210437414536 0.19843974984610213 0.12367511584193475 0.18566753647439782 0.16297581377071804 0.13719451203144217 0.14722281582405766
12 0.21540682670411115 0.17879191417319787 0.22640595672226027 0.14746591074774432 0.2866740172516984 0.168626933703937 0.2756749503558922 0.19995288313506648
12 0.2683098820317582 0.2015538418708665 0.33170340186882186 0.1836502705591055 0.3529574908093309 0.258906344566686 0.2895639900036713 0.2768098671567179
12 0.2138060143176972 0.26689197214341154 0.2658575429461507 0.21367429403945573 0.359562773665175 0.30532416623026426 0.30751155415441644 0.3585415372204896
12 0.4019045382533477 0.41928250754581325 0.4019051832956393 0.33430976547784086 0.4965363511822716 0.3343105134060095 0.4965361692945862 0.4192827845914211
12 0.45468539132821206 0.2543037955417197 0.4591999024837605 0.2386078539129672 0.49699521359934806 0.24947842927297392 0.49248073018202376 0.2651743471459401
11 0.4604605368446073 0.24228245134844859 0.4712766694460697 0.2272169410521426 0.511842916527371 0.2563405365945065 0.5010268157664086 0.271406018291924
10 0.1026231008643208 0.25360056416140553 0.13493515371885678 0.2641013037130866 0.12180262676986331 0.3045107306257499 0.08949058259770482 0.29401001008969496
13 0.4483733183271852 0.7446880698593511 0.5466269454506119 0.8157793928677447 0.3618529251950804 1.0710882533359418 0.26360198991176276 1.0000000000000058
13 0.6908097839911989 0.4785529014630807 0.7438484091286455 0.49604034371167083 0.62894494524744 0.8444941064974882 0.5759066140223013 0.8270073140139658
8 0.6698883386468424 0.41928176316016436 0.6698892899016755 0.5279931851703314 0.5645101722420804 0.5279932946350536 0.5645100476193647 0.4192826994485643
0 0.5093976390907073 0.5724900132462102 0.5215808282578109 0.6390346486918177 0.45500773990409016 0.6512211594127187 0.442825026301648 0.5846769419211374
0 0.45719008908815795 0.4127602459793074 0.5090394445730908 0.42114757017663673 0.49866810674257067 0.48525797480249816 0.446818759647158 0.47687068790999787
0 0.4914494177442066 1.0175140174241017 0.4433167831738274 0.988202330594903 0.49674849081168304 0.9004879578611129 0.5448800235950557 0.9297992097664449
0 0.587608992433843 0.9999999999999823 0.5876092724306545 0.9665587531397761 0.6231251284101518 0.966559050030141 0.6231250264813752 1.000000118735174
0 0.19014059045946397 0.6426536898675242 0.2448847370724252 0.6520650332257385 0.20268143729458643 0.8975114164958363 0.14793735962109622 0.888100353253507
4 0.5150586728112785 0.4492538421828951 0.5437075064410237 0.45987732888109895 0.5023255409325884 0.5714653395448737 0.47367675752389005 0.5608419510579733
11 0.8615299830092908 0.768171627540185 0.7540413925028133 0.7859146637089394 0.6936863404492897 0.42030391776601106 0.801167147452702 0.4025615753699932
11 0.699873896595208 0.7241776558295964 0.8459608215636822 0.7241776558295964 0.8459608215636822 1 0.699873896595208 1