9 0.10295699632149535 0.4494752260030633 0.0669468216315181 0.4322919663304302 0.12688824873305293 0.3066818984489678 0.1628979362544669 0.32386502135774986
9 0.07557073370844591 0.501795692894763 0.060465819014211775 0.49664029870635934 0.0680436889115299 0.47443940397879 0.08314855545495448 0.4795947892404469
9 0.22902684101097748 0.3789229554764217 0.22060444667681622 0.3779985250214751 0.22413338454430232 0.3458481995981788 0.23255574904032983 0.3467726283993064
9 0.266061912281657 0.24850214206456223 0.2825275989284819 0.2496185105521666 0.27505289987584547 0.3598624427023113 0.2585872138126888 0.35874607992950874
9 0.31211800767027853 0.36622850735505 0.3022979294584047 0.36519170360373887 0.3064387001558089 0.3259741047449288 0.3162587377997852 0.3270109063339319
10 0.04282204419098434 0.3685489053330453 0.0007017150561523522 0.3482620849882512 0.058969685925376325 0.22728779408615774 0.10108957985039524 0.24757449046787994
10 0.059671627048601295 0.10170361014919398 0.06886836036039767 0.10120922002443097 0.0701293858559211 0.12466695399933844 0.06093265256106406 0.12516134392316033
10 0.09707783253008984 0.04269628834170977 0.1411189394569874 0.04702341431092325 0.1311817094701837 0.14816343216100678 0.08714060347688246 0.1438363125390338
0 0.0005566071910152459 0.45791821712488634 0.012491036063920546 0.4375162815459392 0.05426200720285124 0.46194933275723715 0.04232765854817444 0.4823511988386356
0 0.14434956229194995 0.5420259978870311 0.1389996969613776 0.542121661866628 0.1386656955903618 0.523444234923136 0.14401554472578937 0.5233485710882549
0 0.19309008938546413 0.5497017892643977 0.19309009543314914 0.5419067384773548 0.1991233619129389 0.541906743780775 0.19912335977653584 0.5497017906550854
0 0.21688278661679306 0.4944932306594169 0.20961635789763022 0.49234722556952293 0.2187807307748244 0.46131867550685673 0.2260471274551037 0.46346467555552123
14 0.05702632912630179 0.47397078466395925 0.024061018138240797 0.44870528749081107 0.07695666930294465 0.37969356543803456 0.10992172998157912 0.4049589176349393
14 0.06711168747415286 0.33582656743111666 0.0850072475958541 0.33732184818457306 0.08166658651452963 0.3773014607893044 0.06377102680653479 0.3758061832914899
14 0.10135855247517611 0.3458478313314905 0.0823063429144213 0.34209967768444915 0.08958719862084763 0.3050918487623339 0.1086393391473166 0.3088399954296275
14 0.14916051114846596 0.25052815057547706 0.16491861426140986 0.24859980885811955 0.169364505618546 0.2849301638148887 0.1536064030470925 0.2868585026497817
14 0.15610573846413445 0.1539949620891609 0.18060286570391781 0.15272668814187132 0.1833027942058152 0.20487621448866875 0.15880566714110955 0.20614448661560514
14 0.15488041950140996 0.5497017890457172 0.15488042447327643 0.5410704631042884 0.16151686836622048 0.5410704684316185 0.16151686815646826 0.5497017896012376
0 0.15718795326995405 0.28208299759913286 0.1706687683832797 0.2845321060574578 0.16535087249735625 0.3138030294117039 0.15187005826771838 0.3113539242615194
0 0.1806939306844697 0.31863332251382254 0.16773383225597627 0.31762827717356584 0.1700215892911956 0.28812866572028717 0.18298165236285513 0.28913370968128943
0 0.2094731591166692 0.2025603085138019 0.2210830508718118 0.19826034633848402 0.22868443438892427 0.21878380221451804 0.21707454419458827 0.22308376136434074
4 0.10555462485706357 0.19904243598350127 0.1467046410327839 0.202290964653854 0.1399092288935435 0.2883688809753698 0.09875921396997 0.28512036277913416
4 0.15841813886936507 0.06438192120051561 0.19315577593124544 0.06081512636220062 0.201408552856833 0.14119014681191194 0.16667091672047718 0.1447569371023976
4 0.1687704644916721 0.3123227393495291 0.18495208331023605 0.3213876324868081 0.16348724655301794 0.35970290727687415 0.1473056421647243 0.3506380344418505
4 0.1729572103178043 0.44315333397351087 0.17930948645505396 0.44363521940383605 0.17834930200228882 0.4562917203240969 0.17199702591278765 0.4558098353127459
4 0.12021066715033157 0.4639079929210835 0.1366765115766384 0.46287672781110945 0.1392771050615238 0.5043965759057717 0.12281126094217143 0.5054278378463299
4 0.13435319940606405 0.5349660384365515 0.12111979486996916 0.5380416883182443 0.11442911535846179 0.5092563601989072 0.12766246031901574 0.5061807175068568
4 0.24227337525735493 0.5116671380425838 0.22644397538226713 0.5122561859727373 0.2246906126531485 0.46514025567736034 0.24051990121540712 0.4645512098252522
11 0.2973030608221734 0.519950185975791 0.2844260236225864 0.5182002966790138 0.2921521163110583 0.46135044493935023 0.3050290446760755 0.46310032674158924
11 0.31449261286422825 0.47968097926430786 0.3042402715946082 0.47878044042794393 0.30851878641681196 0.4300745415250001 0.3187710589102153 0.43097507733130475
11 0.29616053789311536 0.5497017950727964 0.29616069970313674 0.49283422484339984 0.3202716828756138 0.4928343278833871 0.3202716300439761 0.549701788925414
11 0.6524938129679185 0.5497412957404133 0.6371487618285983 0.5494954897922443 0.6389304075586324 0.43828918320452154 0.6542752005586863 0.4385349870775355
10 0.5901373743331533 0.5497017737988601 0.561904679337772 0.5534403611314661 0.5545911618510218 0.4982146811537187 0.5828236127515538 0.494476110038712
11 0.5780874761451287 0.2682043391595853 0.6107429645870752 0.256736570152994 0.6404161828438646 0.3412315111113789 0.6077607180593532 0.3526992326691146
7 0.5980414751376202 0.4145935463272101 0.6174057676402072 0.4065926466852314 0.6407982103781933 0.4632053603615203 0.6214339365731121 0.4712062272696408
11 0.6497783379791144 0.5497017767966563 0.6249643061203187 0.5512274196044801 0.6175713526429263 0.4309894285516779 0.6423849365312435 0.42946379960996633
0 0.650260084222964 0.2962672279420365 0.7087363032017038 0.2958512282242787 0.7105422821229013 0.5497017892644136 0.6520660634081423 0.5501177821674312
13 0.6558455337562918 0.25645999935131064 0.7610898724251456 0.2268560457280085 0.846659121837547 0.5310492792975205 0.741415013324854 0.5606526612365351
4 0.29120828039276603 0.9424632832402576 0.2709090296548311 0.9398301285787616 0.27586887826248585 0.901604946270054 0.2961679123631029 0.9042380867202331
4 0.3027636457502467 0.7513598960500895 0.29445494536537353 0.7443556298131291 0.31308969200324555 0.7222541495576585 0.3213983594100682 0.7292583930329635
4 0.042073436844589196 0.8546636071161662 0.05376098757631098 0.8561773032365884 0.04953457697808972 0.8888027689840543 0.037847027515340415 0.8872890794775447
12 0.25795659408072424 0.8103263597744029 0.24670139150839532 0.8002348214427192 0.27270688458156656 0.7712362183256462 0.28396202643205015 0.781327709145994
12 0.25850963910238534 0.8454498435752135 0.24677759593294013 0.8386674133061204 0.26615654474005623 0.8051533903055283 0.2778884980015164 0.8119357876081299
12 0.34022019671374437 0.8129726331024276 0.3295785693006792 0.8153063528000883 0.32077340690511846 0.7751629129662021 0.33141493245568654 0.7728292048302172
12 0.22969313332328056 0.9632311553825057 0.20271741318924796 0.9599612234858478 0.20950243832191973 0.9040044905233688 0.23647773167203923 0.9072743963010638
11 0.2548045591056507 0.9904081585010038 0.24590795028393586 0.9977513457898953 0.22949032099950273 0.9778664608744264 0.23838688698356236 0.9705233019610139
11 0.2803630246287412 0.8792903753854524 0.26525611247245706 0.8750589610140137 0.27237537095015796 0.8496479225442721 0.2874821840562163 0.8538793222189752
11 0.2535290161775947 0.9204521545158784 0.24553779224606842 0.9194570437195407 0.24776313900781588 0.9015911533114356 0.25575432345829086 0.9025862616203468
11 0.25233321365010397 0.787489854237252 0.23219674696440507 0.7860134560720442 0.23451798671817414 0.7543610524502115 0.254654304171936 0.7558374451286964
3 0.1932149574511186 0.9685898043332368 0.16864996040396818 0.9654033301851626 0.17639177578814724 0.9057383500300417 0.20095635806580958 0.9089247970170035
14 0.13340889753374086 0.9932637521074246 0.11712034872152799 0.9997735625962992 0.10038465900163374 0.9579102222329304 0.11667301289514853 0.9514004555559301
9 0.1444343496558531 0.924397879527026 0.13096187556141103 0.9274095164716977 0.125164266042475 0.9014804399051813 0.13863664434120437 0.8984688140620346
9 0.12270222882716553 0.9520117209806949 0.11243227144393586 0.9495576461903668 0.11600945725115253 0.9345917891023352 0.12627937109584764 0.9370458584651669
9 0.10774784083548639 0.9489155990440492 0.10174695862474437 0.9476796797568134 0.10706906226062074 0.9218457946783917 0.11306990075729573 0.9230817093187996
9 0.17787681566346691 0.8675980241498826 0.16432252671052083 0.8686785734193129 0.16237270131784953 0.8442250196276666 0.17592690401204436 0.8431444738119973
9 0.15724035287553306 0.7818645361333452 0.1464719173386584 0.7804675759963711 0.15014667741536414 0.7521461433541722 0.16091504217854435 0.7535430988503505
0 0.16894095828877198 0.7759245006276088 0.1799793104245282 0.7751021648380455 0.1827142639857584 0.8118069467933658 0.17167591225745582 0.8126292789235445
0 0.16542855248485466 0.8088716059627049 0.15759945264483122 0.8078190630945004 0.16100789379106573 0.7824712903562648 0.16883694579144048 0.7835238299667209
3 0.23625408828536365 0.7543033019894304 0.2240021417837852 0.7533019814577757 0.2257278263864464 0.7321908569957002 0.23797971438068544 0.7331921751233035
9 0.17617921414989723 0.9996515683913618 0.16841332679609877 1.000173239294961 0.16740900851493734 0.9852266139110771 0.17517486078259026 0.984704944190615
13 0.18925537535130843 1.0015407267155183 0.17292379934588098 0.9939592890668127 0.17884145603375146 0.9812156592666043 0.1951729727069278 0.9887970808159524
15 0.30665628771316733 0.9583308743399916 0.31463096435265925 0.9562940368339579 0.3196634974550534 0.9759919547902346 0.3116888230696304 0.9780287861952095
15 0.312581440121221 0.9778300480547594 0.32091598083059125 0.9753414425044145 0.3263351105812262 0.9934852056759071 0.3180005728896731 0.9959738041507832
15 0.3396648200837262 0.7479742425447317 0.3335905313635976 0.7479742425447317 0.3335905520215192 0.7212384741550695 0.33966480445849356 0.7212384741550695
15 0.19677405628056022 0.9074030831968136 0.18493608489507096 0.9069006411426751 0.18680970253069518 0.8627691334591489 0.19864753327112794 0.8632715725266635
15 0.179292538930099 0.739813658300385 0.18665108110963047 0.7392606708399215 0.18774682230321105 0.7538391114301392 0.18038828022702091 0.7543920979707986
5 0.18482677793792845 0.7407678414621157 0.18954628955918906 0.7399615611746023 0.1927959661090881 0.7589801049044583 0.18807645493563996 0.7597863834150205
13 0.17807991905124254 0.7729376263072417 0.16267601712524993 0.7721688040590249 0.164301574083197 0.7396064279760377 0.17970536073198673 0.7403752473455929
13 0.14839841214302396 0.857998057247648 0.13565303256211791 0.8585577337814502 0.13350806231846946 0.8097194074820143 0.14625328411909777 0.8091597344135714
13 0.15586982188278853 0.8815321085533603 0.16570078543088584 0.8756891430032222 0.17988448653102296 0.8995479314311704 0.17005353945705792 0.9053908749730163
13 0.17477552827153886 0.9093359760990553 0.1677188046221545 0.9144704962446705 0.15113680655463213 0.8916863291025104 0.15819349240473457 0.8865518288853202
5 0.2113306804850481 0.9665829890625252 0.21666741088381514 0.975729866242904 0.20912681778543174 0.9801281306373908 0.20379010103658857 0.9709812652912848
5 0.1517691692737344 0.9999999999999983 0.15176917287021752 0.9968422049467713 0.15658063759826746 0.9968422099577575 0.15658063631281038 1.0000000026999678
5 0.1557678140312646 0.9784155636187672 0.15277014542243705 0.9826286856407667 0.1391803522765258 0.97296223491074 0.14217801765244076 0.9687491233365805
5 0.18644275023757473 0.8828347904742085 0.17568642734954665 0.8809237891319724 0.17793475463895447 0.8682718740458002 0.1886910414812064 0.8701828721074389
0 0.12091061798719238 0.8686494274815639 0.1237359630085848 0.8694807669519586 0.11984824109015335 0.8826902907399478 0.11702289671120525 0.881858952796104
8 0.04923178126534822 0.9116923869293909 0.0407738017365773 0.91059523274254 0.043028664940266026 0.8932169914244755 0.05148660422696594 0.8943141429678817
8 0.07088046221986133 0.9189076182015484 0.061925329999667156 0.9233533221990442 0.053364330967838214 0.9061129572708829 0.06231942303588767 0.901667265177761
8 0.07164902339422952 0.8419925932800638 0.08062680046623427 0.8384200048717904 0.08766921744427236 0.8561134688868733 0.0786914451875873 0.8596860484983979
3 0.20518093056148246 0.8385657073668799 0.2279148422696835 0.8355328425372683 0.2343262356703235 0.8835810244938631 0.21159232775460168 0.8866138700407358
0 0.21906428025181413 0.8042307607410759 0.18800938044353188 0.7997189189561508 0.19802252046486046 0.7308130597350865 0.22907692370904442 0.735324864927387
9 0.7953535475439821 0.9999999974475994 0.7953536394169305 0.9846635476100205 0.8240075315650301 0.984663707883338 0.824007506145108 1.0000000910989113
10 0.5047590604750667 0.7262772532662091 0.420138456536165 0.8127022894842844 0.293638224570941 0.6888602742461686 0.37825723731350536 0.6024369008106097
11 0.4493369563779197 0.8923535668324768 0.347826148634681 0.9016404790917389 0.33629777159057994 0.7756396153434841 0.43780534281040673 0.7663528518856839
11 0.4411132125729864 0.7742804374236312 0.4388161396648229 0.7875088807156863 0.3876259230139567 0.7786213015114907 0.3899230595344534 0.765392939158337
11 0.6008621935939118 0.792656329800896 0.5865848430340748 0.9121901565640671 0.4604773303582306 0.8971288918535079 0.47475636757405937 0.7775970053990279
11 0.7261950381755469 0.8411431511322177 0.6491678585571208 0.9001531001839156 0.5198943441378105 0.7314395671201152 0.5969188847801661 0.6724311441399555
10 0.7857714844996053 0.7861166890994269 0.7819776745938043 0.8296454659219411 0.6741784520303327 0.8202508619940092 0.6779727797419355 0.7767226564086608
10 0.9591414858352891 0.6960582537425815 0.9686377672074968 0.7682691653815121 0.7077140104496493 0.8025720883778763 0.6982201318240868 0.7303633646694677
10 1.0000000987141675 0.6624002435387674 0.9716776587747518 0.6624002435387674 0.97167780502798 0.6150607574552684 0.9999999837585847 0.6150607574552684
14 0.6938310111193005 0.6435286601362893 0.7197214906775571 0.5939374068241348 0.833497175589855 0.653329631192818 0.8076074337094497 0.7029202514112997
9 0.6314454256345243 0.8440726207429409 0.6946459155743696 0.9343311090040234 0.5397420774805823 1.0427657252503646 0.47654435217043556 0.9525096954944628
9 0.6820156929035193 0.8740579363753862 0.6749341244800462 0.8961468856897294 0.627749684279479 0.8810231792257568 0.6348313310329559 0.858934375211594
9 0.89962156419233 0.8447722691981265 0.9153633001835715 0.8693949440434112 0.8787478954345715 0.8927982883042229 0.8630063205106353 0.8681757551023548
9 0.9843950838971978 0.8748027800600331 0.9823277010215179 0.8921093614723737 0.9460010963248351 0.8877708284332646 0.9480685522194108 0.8704643322172172