8 0 0.2554836699801193 0.011660653631284917 0.2554836699801193 0.011660653631284917 0.3355049125248509 0 0.3355049125248509
8 0.05567034172020158 0.04948266707203972 0.03558240939582902 0.046537544994451736 0.04278280174958127 -0.0025744683266894167 0.06287072645466196 0.00037065315493796874
8 0.09159315325928219 0.08147197207330244 0.10354522963677937 0.08487118677186963 0.08590918882430287 0.1468815480979408 0.07395711395236049 0.1434823372263349
12 0.17007927576048587 0.029342589433967736 0.16348423125839417 0.028650298523197327 0.16656436408311492 -0.0006922908729744625 0.17315940782111738 -5.802027485326025e-15
12 0.19063787358106765 0.02468764568907977 0.22851884922874888 0.02893005200390252 0.2181465817326398 0.12154519932730976 0.18026560706550754 0.11730279737420683
12 0.16762267639444417 0.17270691690394546 0.15634544252066007 0.17180624436341305 0.16132749833332127 0.1094270140803124 0.17260470265989625 0.11032768545198768
12 0.179920888407878 0.32115720478912396 0.13810236231540785 0.3168986815014912 0.1467170190626348 0.2323066042550271 0.18853525379904568 0.23656511279737408
12 0.2636660688237953 0.29075438840476076 0.22230503828814108 0.29995617007872616 0.19539880899947093 0.17901708608386752 0.2367594795440482 0.16981534643025778
12 0.13643165174187288 0.3585388144231283 0.12735084615007963 0.35745533572350496 0.13280372878523394 0.3117556965705363 0.141884492892018 0.3128391727968245
12 0.1437789743358735 0.5171227759262418 0.13001957903918537 0.5173712205926805 0.1290497162668771 0.4636594291905582 0.1428090016374881 0.4634109855140004
12 0.2053404104533456 0.37409106025479893 0.22693072701258643 0.3730588259634957 0.22986551288408918 0.4344401753353773 0.20827519661531824 0.4354724057312562
12 0.1941810348882882 0.5303072463847104 0.21173800180065427 0.5309339859407615 0.2110456042895521 0.5503285278185839 0.1934886374301641 0.5497017892644118
11 0.1638587503484814 0.08862952684576163 0.15607724531946587 0.08786443360770707 0.16164812936597173 0.031204967029557752 0.16942962739017275 0.031970059953806196
11 0.15632337100760196 0.16358476460369234 0.1480849824752113 0.16290134841951076 0.15095389554119265 0.12831774346128713 0.15919227175311335 0.12900115914057295
8 0.864377666326618 0.027463885698745038 0.8548668293489072 0.05061648094341326 0.819852226018611 0.036232859591929234 0.8293630642458538 0.013080269383663577
8 0.8471074476536842 0.08568690061659413 0.8899742558681965 0.08754741937341985 0.8872474665793106 0.15037307768600117 0.8443806585329412 0.14851256102071725
8 0.7979040074272916 0.15701320514639155 0.8306452348429048 0.14945963903601805 0.8456633066293762 0.21455544924665365 0.8129220841332199 0.22210900114114407
8 0.8395126346622419 0.2898832565247499 0.87694715399914 0.2862802461549389 0.8860987042971828 0.38135988271350074 0.8486641877373131 0.38496287540894075
8 0.9012077044665148 0.4812756124423862 0.8831079767436449 0.5277038149964285 0.8045299773934858 0.49707260639908973 0.8226298214358394 0.4506446954813324
8 0.9215782411451983 0.380273337092145 0.9130895761677493 0.3804668659830219 0.9126722925160493 0.36216405169667976 0.9211609398963674 0.36197052300670013
9 0.4450234198237695 0.20197575724504244 0.4271514242742569 0.2400360613005005 0.3409722131941635 0.19956921318593238 0.3588442337287461 0.16150902221875638
7 0.8287853224682067 0.011611792520797451 0.830375685955687 0.04656605650262486 0.8056313222839435 0.047691881976945724 0.8040409626377141 0.012737621300486864
7 0.7960234513335536 0.08875882256462396 0.8173415013458225 0.07791126671300948 0.8355901141068216 0.11377407329834455 0.8142720687678775 0.12462162238255681
13 0.9210200193019773 0.3123691108884249 0.9085132516021304 0.3125253731171639 0.9075923750428956 0.23881999872282714 0.92009906636099 0.23866373696713564
13 0.6032796848980979 0.4037793920157023 0.5959414357120068 0.4262153320218744 0.5698160883406445 0.4176707768928125 0.5771543575418718 0.3952348757455282
13 0.5915781618527944 0.40967202966014493 0.5796379866483221 0.3940666215147077 0.5932518169024661 0.3836507720113227 0.6051919850846161 0.39925616400349045
13 0.6160506364436742 0.3423304700407514 0.6002268934240647 0.3458356297857856 0.594828337677086 0.32146504644251517 0.6106520420131574 0.31795989115209267
13 0.5924335178109459 0.3186584251514177 0.5842059971213303 0.3188922416742463 0.5838003592601808 0.30461891178489847 0.5920278688222425 0.3043850954201074
13 0.5478654338464821 0.05657347819207878 0.5344677662318418 0.05436371815842027 0.542008808668129 0.00864278543703833 0.555406470359344 0.010852544978193886
13 0.5040519053114849 0.07631446583566055 0.519872267716778 0.07641720485127969 0.5195655585351915 0.12364597090674495 0.5037451961296711 0.12354323196571791
9 0.3396648044692737 0.27198487077534794 0.3490221368715084 0.27198487077534794 0.3490221368715084 0.29107532206759446 0.3396648044692737 0.29107532206759446
14 0.3479588733349601 0.001157217506398606 0.3687091488890246 -0.011402550077152336 0.4105034486203749 0.05764674432692099 0.3897531768450335 0.07020650701701169
14 0.3968703448609858 0.1860111502708637 0.3504424699278843 0.13043232435072594 0.40064683364596476 0.08849430947972878 0.4470746638040737 0.1440730598250548
14 0.34992445522732396 0.2907378212599953 0.37267454384289067 0.2927514318912319 0.3699688987837817 0.3233193759130564 0.34721881055884296 0.321305768167661
14 0.449216958375132 0.242294990241622 0.48338737936512644 0.24836206591009108 0.45959136956309976 0.3823800834471308 0.42542095886142306 0.37631304699327495
14 0.4021735637609254 0.38792871213875085 0.40678849636333325 0.3572109776539125 0.4526522463115725 0.3641010947739244 0.4480374049230704 0.39481874742486556
14 0.42793729527875257 0.4188357237706147 0.44739923607505716 0.42191879683005223 0.4394589555014363 0.4720389641390937 0.4199970172378471 0.46895590170050805
14 0.4125592819434587 0.5034030396485961 0.41991163907937334 0.5292669075159077 0.37660134294787895 0.5415776278867479 0.3692490939157551 0.5157138524090263
14 0.4203512125858424 0.5167221687457122 0.4331419982988791 0.5340209442128038 0.40412454290310507 0.555474623907696 0.3913338133797879 0.5381758993783328
14 0.46689043511651107 0.20021864714695348 0.44727916325223305 0.20507387039298067 0.4406412418175023 0.17826214758638892 0.46025248414900943 0.17340692814407255
14 0.4582690946282355 0.1344620654337772 0.4394208028451203 0.13744873339834734 0.42848110324007394 0.06841053497616605 0.44732935699209975 0.06542386998792513
14 0.45711083977437283 0.07158404424088664 0.42819114745066145 0.06939923858347172 0.43304343677311863 0.005170971412518887 0.46196310736695523 0.007355776243894449
14 0.49468380884832186 0.05474752146241289 0.46450761803362184 0.054586778618378407 0.4647992542669499 -0.00016074280470346276 0.49497543072618555 -1.987846675914698e-16
14 0.5043195947853292 -0.002232690625553887 0.5240228906777702 0.00006776983863184734 0.5208375938634617 0.02734963113755573 0.5011342980027393 0.02504917079205501
14 0.49984530337769684 0.014386542332169983 0.5201633625571276 0.017293553465937608 0.51072653476308 0.0832506134508831 0.49040847597109405 0.08034360376697496
14 0.4896565726668314 0.06980865950288584 0.5138739538135724 0.07439502763457609 0.4894698969238789 0.20325505933176682 0.46525251904665765 0.1986687034172768
14 0.44287098068002706 0.1163718173896757 0.45079035022047265 0.11399486651150716 0.47576128151320063 0.19719081854161732 0.4678419140782353 0.19956776444015015
14 0.47284477612743103 0.19263225003993079 0.4902172743047686 0.19610197711502397 0.47714656048049164 0.261544470108263 0.4597740646820512 0.2580747510255322
10 0.7560057124862851 0.24182552633651908 0.7365453952606913 0.2451589739414046 0.7278626198836946 0.19447043694122848 0.7473228720670022 0.19113699502981993
10 0.7153202365094558 0.3494344608161373 0.7034806286944786 0.3955358641888645 0.6669004900770688 0.38614177828393675 0.6787401608986556 0.34004047158017436
10 0.5779242153215591 0.015958344904328556 0.5846425720967545 0.016005575481897218 0.5845332138410413 0.03156133844178258 0.5778148570658459 0.0315141078668719
10 0.6819183580624895 0.5396132426693163 0.6662006030135217 0.5494473445469077 0.6483964117867345 0.5209934556711491 0.6641141022737429 0.5111593804305699
10 0.8271721781798078 0.3592295128567116 0.8165221909106322 0.3614888994017156 0.8113974591221904 0.3373334785320151 0.8220474191774656 0.3350740949869235
10 0.7773915177128856 0.23459200425672005 0.7825172140687755 0.2272835137488009 0.7961586834729815 0.23685058648035892 0.7910329920144932 0.24415907260131478
11 0.4926481976648347 0.3803663842261592 0.5125368712787122 0.36867395547483417 0.543873789097006 0.4219751452542064 0.5239851482142512 0.43366752981461953
11 0.4850665964112295 0.2160831844102007 0.5197228894551245 0.19386761928011392 0.540480540695512 0.2262491234248225 0.5058242702403959 0.2484646597162562
11 0.5729675054950576 0.2230939686559893 0.5851887083194924 0.2055793187967542 0.6140411770934406 0.22571141878255488 0.6018199979851033 0.24322604743091636
11 0.6610189858777176 0.05565203844407235 0.6277456559387247 0.05730539523720535 0.6249433313481632 0.0009092828084942855 0.6582166472828703 -0.0007440736722182711
11 0.6712146021469607 0.1443716293026375 0.6596786774914563 0.10422320291111398 0.6907174309160382 0.09530481851000275 0.7022533696203936 0.13545322134665025
11 0.6868010953768362 0.24931809132229277 0.6727576483779103 0.25419330519311506 0.660311555145995 0.21834189286538688 0.6743549672366953 0.21346668562781232
11 0.5949868682511124 0.184792320289137 0.5857919772154219 0.18639740161648752 0.5824008343275864 0.16697100873477946 0.5915957158539413 0.16536592825686047
11 0.6682327756077484 0.37389686212013923 0.7101639828576936 0.41465261627071454 0.6484322686411588 0.47816099800471856 0.6065012903789011 0.4374054768244929
11 0.7528573909063425 0.1297102411990837 0.7702656109695454 0.15015031574479623 0.7466949572968815 0.17022460467008305 0.7292867523480027 0.14978454444992167
0 0.6105137229050115 -1.0806250333882882e-10 0.6105137229911861 0.013722519899543477 0.5940970506990197 0.01372251975899794 0.5940970508380587 7.629914624038211e-15
0 0.5560656788695724 0.1404887478469966 0.54117558950702 0.14508282874414413 0.5301245870024331 0.10926505112319249 0.5450146569639855 0.10467097339574497
0 0.5729693187395242 0.2043502303621598 0.5785468388935442 0.1938343831472716 0.5984757788868365 0.2044043991141175 0.5928982673401606 0.21492023894617054
0 0.5790962522307836 0.2840431926727344 0.5557369116958171 0.29788258186777294 0.5276872588444803 0.25053885794066716 0.5510465185456042 0.236699499318612
0 0.6227200952378098 0.21503444674781386 0.6268816396590182 0.20203999713616144 0.6551881389552818 0.2111051858823693 0.6510266093209793 0.22409962286331928
0 0.9116883987528581 0.3020563860398797 0.8684231005454421 0.3138059887404847 0.8337367648748568 0.18608303336001228 0.8770016587022837 0.17433348865995194
0 0.9208482323155067 0.4880693832539401 0.8973188652397539 0.4884656102560166 0.8961808726670597 0.4208850949311494 0.9197100219046206 0.4204888697507591
0 0.9364399357541515 0.44262809145127546 0.9178342866606499 0.4354455599618892 0.9433521581484001 0.3693477066125741 0.9619576615374399 0.37653020675942106
4 0.5553190612794197 0.0063493382475110546 0.5695768861305623 0.004924676545147816 0.5719583620375488 0.028758169192749664 0.5577005372040276 0.03018283080546399
4 0.6139831371734772 0.059309473780587964 0.6296651874516783 0.1105988288471146 0.5575672001091334 0.13264311636567444 0.5418852156658431 0.08135381706914449
4 0.6534707131792175 0.1925153856511672 0.6079349992203333 0.20269320644073707 0.5865667193029367 0.10709151318723116 0.6321022364465989 0.09691371525235565
0 0.6206928250777537 0.06892969690609578 0.6288269644728643 0.06830633915446602 0.6310729970429065 0.0976145599425065 0.6229388576751944 0.09823791746169384
4 0.5464577439138338 0.14595931658082 0.559547556636403 0.13717477847170223 0.5781812698274962 0.16494062574877913 0.5650914629039789 0.17372515683504952
7 0.5537864743012051 -9.315044709020106e-11 0.5537864743980663 0.014185902609877966 0.5385313177520175 0.014185902483386664 0.538531317877073 -4.360838645287869e-14
7 0.5136695159166038 0.05845380338524224 0.5266869788157464 0.06157476790682148 0.5203584032186654 0.087971053680229 0.5073409406492146 0.08485009009823635
14 0.4617840081035638 0.17624230946936753 0.4547820566962173 0.17925573589620789 0.44600695045517114 0.1588662011215679 0.4530088949660467 0.15585277638658526
14 0.4663288967782364 0.19562067228835525 0.46272962560783526 0.19647656975577626 0.4603464934381236 0.18645498715609188 0.4639457625307841 0.1855990899468536
14 0.34031477555811307 0.4297046562387292 0.3385447145209355 0.3925754012538757 0.4476368241980708 0.3873745910897265 0.44940712466757304 0.424503599207279
14 0.4218420047859581 0.46437500174702223 0.4385491700484181 0.46753092088855164 0.42791555639428225 0.5238202706842723 0.4112083948984946 0.5206643651396422
10 0.7611104245318074 -0.00993568487656271 0.774163510541598 0.05651634447837801 0.683546151968585 0.07431615235431156 0.6704930998882901 0.00786415184709071
10 0.7151333300394072 0.1359610054202344 0.7034472360370501 0.06849583923212925 0.7976919646409897 0.05217108652101424 0.8093781306552046 0.1196361662393511
8 0.9182615290920921 0.2257193712451681 0.9073106671148707 0.2260787221228422 0.906462318561239 0.20022628894139125 0.9174131620111439 0.1998669383697826
0 0.13603369556676626 0.6127509576622913 0.08730420662789129 0.6104288747073264 0.09030541846482265 0.5474605857513984 0.13903436297653116 0.5497826556719193
0 0.28415971859465117 0.7792901032458515 0.2502939702612821 0.7870246977930424 0.2320691955279699 0.7072403497941055 0.26593433795505916 0.6995058273246246
0 0.26972418513037155 0.6434663791458466 0.30164222126416007 0.6429217554157554 0.3035344230853525 0.7537995356261564 0.27161638713312186 0.7543441528997754
0 0.3050308000682662 0.5990332726584644 0.3395402519322488 0.6035020972493461 0.3305413157395378 0.6729858802333694 0.2960318697942057 0.6685170860271148
0 0.33872357482994175 0.7532344016687127 0.3478045990977989 0.7558799109063712 0.33612794164355364 0.7959541412838423 0.32704692274671743 0.7933086450888012
9 0.024031839911344832 0.6646835031688267 0.01447907019030481 0.6601657695593875 0.02156583943849455 0.6451827630324931 0.03111858229453901 0.6497004891765823
13 0.13129381973442378 0.7768111690154987 0.16118331896086602 0.7775815121153732 0.15971094276017084 0.8346989161457378 0.12982144374336713 0.8339285784614098
9 0.2837479606530451 0.772054408370406 0.2962479878135582 0.7759085698946906 0.28709307002679907 0.80559470181458 0.27459304916203564 0.8017405546719725
9 0.3252509647215902 0.7467731554460566 0.3343001186923402 0.7494057345931878 0.3259321191650315 0.7781645987737537 0.31688296899426405 0.7755320287836308
8 0.005195945001673863 0.7007563967640881 0.02580220582728998 0.7034433930079947 0.02057346026504092 0.7435357277957055 -0.00003279821089563484 0.7408487435134307
8 0.12088886574269964 0.7637309740689424 0.13491334178161196 0.7801686839277296 0.12104663530124071 0.7919973875152552 0.10702219686356784 0.7755597131364882
8 0.17114397758075484 0.5807547178974578 0.15985650477045965 0.5753307299698216 0.1677578763517431 0.558889419591479 0.17904531889439568 0.5643133989294302
13 0.33966485394978463 0.6782562574552684 0.32369551600402247 0.6782562574552684 0.32369555572552144 0.6507342196819086 0.3396648044692938 0.6507342196819086
13 0.3396648534068163 0.6979657693836978 0.32570428730309686 0.6979657693836978 0.3257043251799132 0.6683182107355865 0.3396648044692938 0.6683182107355865
13 0.23833968245537562 0.6853572118326894 0.23200136339755772 0.6846864206315934 0.23348760762246457 0.6706449390550924 0.2398259083360017 0.671315729276817
4 0.24672474099611463 0.5965946340784158 0.2584027626082843 0.5959076364268565 0.26043838430007327 0.6305065144790587 0.2487603628882198 0.6311935099053236
4 0.25721693719162886 0.5805851243440676 0.2802694150127536 0.5836870232874887 0.27554901220401007 0.6187639827300877 0.2524965363746787 0.6156620938178753
13 0.057801396284844486 0.6738670240654713 0.06714064045354462 0.6822120527519696 0.05304918329773045 0.6979800682428091 0.04370995663668964 0.6896350579827514
14 0.7873040010119894 0.5788516376249108 0.779560961235461 0.5834180463155691 0.7705519864022108 0.5681434786513063 0.7782950074480368 0.5635770770338155
14 0.8040786497416548 0.6471146635119425 0.8053293219938951 0.6245773427020673 0.8462826163139425 0.6268496627947697 0.8450320382887639 0.6493868939983055
14 0.6217147643189946 0.5474130176045153 0.6245982702647552 0.5807411106428017 0.5686812168975166 0.5855782883313974 0.5657978843129285 0.5522503563327497
0 0.3881824902913422 0.5495695956771789 0.40275396690185516 0.5532691615337982 0.3967767749163613 0.5768092599420439 0.38220530111732387 0.5731097017892715
0 0.4105682679751226 0.6143071975517047 0.40470148576855536 0.6113376338481081 0.40684877674357267 0.607095852460481 0.4127155546337917 0.6100654148506556
0 0.45422986508049235 0.5956341503241307 0.4531537510953285 0.5905261052790227 0.4604338173278393 0.5889925736765418 0.46150993379683314 0.5941006152938119
0 0.49615043910591794 0.5497017305171789 0.49615048374278103 0.5639331959800726 0.47223309481114484 0.5639332277989754 0.472233079040393 0.5497017911232813
0 0.7594974443835554 0.6048189057822155 0.7556598710799562 0.6208215822767839 0.7318080502094517 0.6151023294505272 0.7356456481809346 0.5990996894617002
0 0.6895849822179798 0.6782697034411067 0.6907759596986125 0.672596840489219 0.6986259499095695 0.6742446604856477 0.697434977797343 0.6799175187519323
0 0.7588979782603928 0.6929351531684439 0.7603032639356115 0.6870532368610957 0.7682948760469799 0.6889622858827577 0.7668895962520992 0.694844197103226
11 0.4683243754190016 0.6030038190855085 0.458870805790184 0.5913239407924373 0.4862017985790317 0.5692048516010924 0.4956553487608062 0.580884693556729
11 0.8488922642773105 0.5949061415474846 0.8558298395594193 0.591578022331098 0.8610461858846747 0.6024504907454473 0.8541086129347377 0.6057786063020982
11 0.734967894972101 0.6267672564612283 0.7417884115444622 0.6221346094440398 0.7484267854773634 0.6319069306744847 0.7416062731929287 0.6365395724423231
10 0.4497441256063439 0.5775631773265332 0.43492398631588003 0.587794369350486 0.41528153474394003 0.5593445415574593 0.43010161054644414 0.5491133801696876
10 0.40208805738814135 0.6234529356454659 0.4007770887742481 0.6287248525411038 0.39147261639345743 0.6264113771659321 0.3927835881909232 0.6211394650831207
10 0.44391607846182524 0.6224310183846812 0.4445628936028925 0.6154234105275217 0.45368365998092486 0.616265175377667 0.4530368513769645 0.6232727771788964
10 0.6795058506789928 0.5497017796865228 0.6795058563569683 0.5545238522680924 0.669736027414956 0.5545238578843305 0.6697360256982847 0.549701789264429
10 0.6371620241235405 0.5926577588736822 0.6396677684856513 0.5815686841132163 0.6711080044269693 0.5886723085273328 0.6686022971158536 0.5997613510894156
10 0.683166478703015 0.6619726261055571 0.6855337591129 0.6778868471726895 0.6600394314857567 0.6816786173979321 0.6576721979289459 0.6657644383437524
4 0.46928260111724285 0.5497017604532493 0.4692826242362571 0.5609762566260037 0.45316549889287217 0.5609762706825858 0.45316549114704685 0.5497017898780672
4 0.4284926192938201 0.5804489796512899 0.4263113028596308 0.5908395276902441 0.4049645433609612 0.5863585775745169 0.4071458744216443 0.575968049632077
4 0.9200674711147485 0.6179988723629269 0.9108115953622473 0.6305334034253829 0.8983094628486015 0.621302514339285 0.9075653317530623 0.608768001647569
4 0.8545511614686347 0.6290857980189797 0.8712437165642086 0.6221964642297336 0.8774256060029302 0.6371731056272828 0.8607330569888063 0.6440624286525957
4 0.8489072968629898 0.6782977757290085 0.8500108033565539 0.671928774756982 0.858969634363234 0.6734807848865807 0.8578661346011813 0.6798497798943419
4 0.9041987969596903 0.678150580377788 0.9053735730933568 0.6722691678938101 0.9131298332639517 0.6738182180840581 0.9119550625971442 0.6796996257768753
4 0.9118218541152601 0.7280015890142337 0.9127766541697611 0.7347121550169814 0.9039083833907853 0.7359737456587397 0.9029535907903892 0.7292631863564737
4 0.8680315985784546 0.7304018059744772 0.8771085742092737 0.7329408357437389 0.8750085082119767 0.7404472891024504 0.8659315334730309 0.737908261550278