6 0.4837358048467877 0.41774100277076337 0.4614447063670468 0.43464911820706026 0.42906194784711715 0.39195881765354856 0.45135294795443315 0.3750507579269477
9 0.22755488603490903 -2.0948082080425637e-9 0.22755488782172506 0.02429510280870591 0.15050159308225375 0.024295101083790228 0.15050159488396275 4.8995332916211134e-11
0 0.2975445484458987 0.19125403745581562 0.26197680918619426 0.1370088212969537 0.3617165394844051 0.07161141148994016 0.39728425382031674 0.12585649444017277
0 0.3932162624026887 0.2580073799110356 0.3428119476835718 0.20760641008352523 0.4044043414475027 0.14601086599716942 0.4548085126195929 0.19641169359664554
9 0.3917888085331924 0.0038650953345604 0.40508796879021247 -0.02655030525877859 0.5007706508349656 0.015287029542467514 0.48747149507642007 0.04570242596538982
14 0.9636758956039557 0.1416397994232422 0.9516590701758787 0.15491672033033613 0.9242714034693336 0.13012851220672578 0.9362882208672545 0.11685160162598321
14 0.8658986972991443 -4.278281748393676e-9 0.8658987025601164 0.052983052071034674 0.8196103547494431 0.052983047340174026 0.8196103593005546 2.1915042079710251e-10
14 0.831822612174733 0.4158473495808894 0.9021867773029726 0.41953473834410154 0.8977865130478904 0.5034971050287055 0.8274223497720641 0.4998097378965009
0 0.8698267437476943 0.19740740184978423 0.8362725133506501 0.19668915393395608 0.837264188496988 0.15036361529999695 0.8708183370907818 0.15108186234374302
0 0.690824636459979 0.22098732446962932 0.7026450547277818 0.22160679614123074 0.7018581193088949 0.236622429969963 0.6900377010665579 0.236002958622718
0 0.6970964955095269 0.08829572396575416 0.7094273705234855 0.08857112854567432 0.7090875103053804 0.10378787808220606 0.6967566352934682 0.10351247356366877
11 0.8147401048059919 0.18373502687342905 0.799640491015225 0.16634170183212313 0.8115580818698618 0.1559958167140544 0.8266576907484477 0.1733891345976315
10 0.9237388375205455 0.41179290451052253 0.9222073249829918 0.39448602824310963 0.9382652191376337 0.3930651100711062 0.9397967470649746 0.41037196924181996
10 0.9250010052070365 0.3436237788429896 0.92636033152462 0.325039211427178 0.9494984954487791 0.32673154278331473 0.9481391926267406 0.3453160880648369
10 0.8340251907799257 0.3184366426138653 0.8572100442036117 0.31926449193681966 0.8550524401754274 0.37968846546672463 0.8318675868868013 0.3788606188091474
10 0.7185909948968856 0.2568397648781533 0.6983483714802787 0.300472159454332 0.6684636226258363 0.28660782574652804 0.6887062608557244 0.24297549019008288
10 0.9553973022278797 0.20682871274026507 0.9542580338962807 0.20676900684939836 0.9544282982952836 0.20352017893905303 0.9555675663957572 0.20357988482385034
8 0.4576596440871299 0.5788470301576646 0.49715947725462684 0.5706966075770616 0.507638485188636 0.6214761950945519 0.46813866371746826 0.6296265791228521
8 0.3950806854560369 0.6239372946656209 0.4266569070787227 0.6075318104520572 0.45053687405720666 0.6534888922995252 0.4189607088065941 0.6698942936889886
8 0.35881648279575984 0.5956508253675717 0.2978353332656525 0.5876888897880433 0.3045478489805191 0.5362842235012102 0.3655284620369912 0.5442461236869331
8 0.24366535780256982 0.5875440661698142 0.20767687630518594 0.5854499191200635 0.2127717398442428 0.4979058686074494 0.24875969105698914 0.5000000000000018
7 0.481204088057666 0.680218169029518 0.4576248023529388 0.6799381278481296 0.4580239293699151 0.6463454129936943 0.48160305480291754 0.646625453222298
13 0.4179988462823303 0.5115338583719035 0.4134585200441734 0.5262239754939528 0.3649263982794082 0.5112250724409789 0.36946675673470963 0.49653501354496526
13 0.19722098024260504 0.8880303275332785 0.18038829043427995 0.8863848134257565 0.18337195420099306 0.855871406728532 0.20020450814058677 0.8575169141550375
13 0.1994150677463722 0.8814119250706375 0.1886926562225426 0.868556737907009 0.20337343104756656 0.8563144510894057 0.214095823080811 0.8691696057658673
13 0.25553233708581047 0.8769265972778149 0.23966697855178154 0.8744053349711209 0.24297764578068382 0.8535775720286706 0.2588429178267688 0.8560988273359215
13 0.26296387235345264 0.8875697617992261 0.2596822885647043 0.8971550287342444 0.2502779206422474 0.8939361448039117 0.25355951080098293 0.8843508907989912
13 0.4447802915653938 0.986896338243029 0.4448614273533167 0.9999532504339844 0.41201565043456867 1.000157176762737 0.41193457994575056 0.9871003294438219
10 0.390873030491548 0.7252042423058536 0.3780317641852662 0.7450122866024043 0.347243494937743 0.7250558362711234 0.3600847479674485 0.7052478726287527
10 0.2406733093771436 0.7306309471374696 0.27429781674027254 0.7342410183431826 0.26942088321720803 0.7796573860348711 0.23579637897432804 0.7760473338108609
10 0.447136691929245 0.9601713785799313 0.43933776193568974 0.9543531861766981 0.44466017624711185 0.9472208086268811 0.45245909256732375 0.9530389935029054
10 0.1400813781992838 0.7413157182896065 0.15013165187781397 0.7665224234575873 0.1333472032285954 0.7732134040973031 0.12329699157328378 0.7480067515041643
10 0.30373447814270094 0.5987304106448957 0.31769250321474374 0.5977395972235335 0.31879676543212554 0.6132940954916932 0.30483874051799376 0.6142849074850589
10 0.3702980277912502 0.6619921671171071 0.37728899289925266 0.6613176390627099 0.37884441063590657 0.6774361619513256 0.3718534456902489 0.6781106888916376
11 0.1946543307896036 0.9763390720999228 0.1743249486530658 0.986081172541949 0.1512769738468478 0.9379988885251785 0.17160608859376225 0.9282568636386279
11 0.2733839340475015 0.9999999997352622 0.2733841564922841 0.9698174427839322 0.307089019485943 0.9698176797360172 0.3070889496768814 1.000000084125082
11 0.3220257700967295 0.9238046415209434 0.3059713980444485 0.9227930288492726 0.3084591340058296 0.8833236961305206 0.3245133321825051 0.8843353033156125
11 0.45628516822887377 0.8542017489212705 0.48996265453035903 0.8701953264026696 0.47215513745902626 0.9076835252364636 0.438477707569632 0.8916900367511786
11 0.4227382732000251 0.8416606667401392 0.39592096005310395 0.8348663539142264 0.40668503190067895 0.7923896943706499 0.43350206591742335 0.7991839700889969
11 0.32695066738165224 0.7914515474063416 0.34083431689191457 0.7871303915379695 0.34918737929274357 0.8139631365944763 0.33530373637950106 0.8182842776059199
11 0.33930105521835685 0.911506210674747 0.34861187196963783 0.9060574296413401 0.35461540658297963 0.9163136066611796 0.34530459649363365 0.9217623786782385
11 0.18119623612597024 0.842994664878643 0.14628323616511807 0.8068025052353708 0.20969057818501824 0.7456482906902838 0.2446032310170949 0.7818400686935322
11 0.41476305282049 0.7516470014968721 0.3982860093092313 0.7370317470046123 0.4184340131442923 0.7143209499855 0.4349109919702414 0.72893615495231
0 0.4687477528366344 0.9499348812262097 0.4927508031855723 0.9443125153535168 0.49976220358018963 0.9742372942604338 0.47575916182279343 0.9798596348111992
0 0.4600637981695854 0.9240194687602551 0.4847165228532049 0.9164547427739712 0.4932188702914573 0.9441558061801841 0.46856615925617007 0.9517205009614053
0 0.3532496704328878 0.9681035527724751 0.36816064866798115 0.9604197581322526 0.38188174117783547 0.9870388858938782 0.3669707860535709 0.9947226462445569
0 0.32259082935547667 0.9023035601621431 0.33153091585120364 0.9022102145840576 0.3317881976672652 0.9268449055169904 0.32284811117654044 0.9269382507746527
0 0.29537300425795365 0.9540475138299676 0.2714229209839232 0.9652640848348825 0.2508714842848576 0.9213932655014896 0.2748212839400139 0.9101767723517143
0 0.33648688518292147 0.8304584956312805 0.3462001100067482 0.8314443793114318 0.3425855692139521 0.86704816671225 0.33287234507781704 0.8660622876025607
0 0.3588206005796337 0.524154057000426 0.40937283042353556 0.5039271478565893 0.4435589391932808 0.5893593375147793 0.3930067974205258 0.6095860880408216
4 0.43751399236191446 0.9655729516750708 0.45317121074617717 0.968392204566181 0.44990833020438004 0.9865079417639713 0.4342511138751206 0.9836886965910625
4 0.3961579213207642 0.9853443306342684 0.36168508018010925 0.9687207666544654 0.39908580705696295 0.8911836086446607 0.4335579315495579 0.9078069683419357
4 0.41733179599111736 0.8818574908878487 0.38386579638154217 0.9251667017926939 0.3309495428111404 0.8842864747976132 0.36441536561085286 0.8409776531419038
0 0.4101817364156659 0.8901125488271731 0.41420743466244403 0.8809721835088803 0.4329911045758763 0.889243096393623 0.428965436285921 0.8983834362839593
4 0.3577612278362494 0.9680980673265344 0.3424183543235131 0.9680639120758301 0.3424802372992417 0.9403012348368889 0.3578229869576717 0.9403353899497106
7 0.43996038888894873 1.000000000000004 0.4399604283253211 0.9908346271036297 0.45903765113803274 0.9908346950960969 0.45903763821127086 1.0000000414852217
10 0.5000005571954489 0.8487164119241193 0.457090261923895 0.8487164119241193 0.4570908071790427 0.7432128658536585 0.5 0.7432128658536585
10 0.4563629654817305 0.6733864485474539 0.5009008397747721 0.6909816473333485 0.4580689506370845 0.7993823598748458 0.41353120315477554 0.7817873910326312
8 0.43298362595464823 0.5139214512090003 0.44282208265587997 0.522106872628756 0.4314903608727718 0.5357258650492405 0.4216519147926192 0.5275404552258668
10 1.0000006303484952 1 0.901192639187343 1 0.9011938481753532 0.931639337398374 0.9999998717801191 0.931639337398374
14 0.6574739606517142 0.953096773040204 0.6789864598050599 0.8675926326519605 0.8894361470939884 0.9205256914053659 0.8679267194942213 1.0060271825377542
14 0.6727837721967944 0.9795597489824613 0.5584270616863023 0.9925748583146262 0.5478784574082738 0.8999013976564122 0.662232146355791 0.8868864618200272
14 1.000000252197765 0.8949423482384825 0.9645411464809968 0.8949423482384825 0.9645415249045755 0.8278167723577236 1 0.8278167723577236
14 0.9798068030603417 0.8865942308903224 0.9615499317601461 0.923823377471546 0.8464048082386171 0.8673692530308804 0.8646618036957534 0.8301407393256007
14 0.78145636420561 0.8766603453459401 0.7815987302094527 0.826107734126558 0.9687398949932913 0.8266331631152863 0.9685987596958512 0.8771845404608338
14 0.6477533849970314 0.8924400757840205 0.6348918587170829 0.8587194274224778 0.775377644040077 0.8051470098937153 0.7882394451461323 0.8388670063568571
14 0.6971456744810212 0.801108197829453 0.6918136919809967 0.8354425993845643 0.6399456328795168 0.8273890742042169 0.6452777963745575 0.7930548958673924
14 0.5 0.86730326964771 0.4733150717672743 0.7974660166703607 0.596698968019723 0.7503297622881677 0.6233843778203436 0.820165892151454
11 0.8998132651369133 0.7788165526333835 0.9103601010298235 0.7393227718165848 0.953423557800761 0.7508208747819316 0.942876960647709 0.790314450588702
11 0.9701712626264225 0.7206479546022242 0.9686971107682893 0.7487760639188105 0.922262094476423 0.7463426882667532 0.9237363843657249 0.7182147253173936
9 0.7902334348816566 0.7112177914285885 0.7894884606942014 0.725432799890645 0.7349230666241056 0.7225734052147149 0.7356681207919564 0.7083584815372089
9 0.700404827913303 0.7343923888889207 0.7063844857241293 0.7143679089523433 0.750293446037972 0.7274777376959394 0.744313908035906 0.7475021152501489
7 0.9622536964618575 0.8329116060905751 0.9642896720332601 0.8132313992002889 0.9971050763094809 0.8166255250440086 0.9950691894222246 0.8363056503994517
11 0.9210188348931752 0.8291763393342112 0.9216778093100402 0.8101418563596242 0.9492385568307782 0.8110958096360052 0.9485796502477797 0.830130226806667
7 0.9016836585316241 0.7928103704781723 0.891357306078703 0.8133695968690765 0.8624351392494418 0.7988455014090659 0.8727615048621828 0.7782863560211959
7 0.8100304765548572 0.7964254347613724 0.8081192205800107 0.7750379863339932 0.8408977728361151 0.7721092998227801 0.8428091043576842 0.7934966643185537
14 0.8910456430814975 0.8745645850955357 0.8878412521402197 0.9168547770674369 0.7519812530216541 0.9065613716571325 0.7551863584485545 0.8642719617871065