12 0.6763037251051855 -1.562018377950847e-9 0.6763037263208389 0.022002875018562577 0.6066109018411225 0.02200287356559616 0.6066109032258282 2.0690688486884e-14
14 0.6423199066019833 0.03372186390392168 0.6232442580623001 0.05422454971048144 0.5703769553607572 0.005036943460966798 0.589452600428217 -0.015465737611457872
14 0.7179712123636364 0.002950601191298815 0.7357505798987631 -0.01342334036950051 0.8126520907409258 0.07007884021004475 0.7948727335218564 0.08645277079153497
8 0.9057760363455145 0.18387145345851116 0.8676522242557212 0.2126022097593022 0.7846718407636217 0.1024934047995776 0.8227954889115381 0.07376274191926929
8 0.7430407020414123 0.13383616879970914 0.8165620320954758 0.10298082772566036 0.8535217773874137 0.19104703626888783 0.780000491495116 0.2219023036657301
14 0.7108388037705708 0.18740345948023077 0.6902889706652786 0.1992287682403492 0.6755323788427177 0.17358523237774728 0.6960821854607957 0.16175993327981025
12 0.7157394027630062 0.2709838177842966 0.7198654241561826 0.24446471002405734 0.7475923796572488 0.2487785681146895 0.7434663911859616 0.27529764657605504
8 0.8712047199937842 0.33386321486871734 0.8294872086057694 0.302504473945379 0.8659531856289959 0.253994102640941 0.9076705431393748 0.28535275760399076
12 0.7146055891953438 0.3739969755830792 0.7158789423450571 0.3308933495767184 0.7783629670337859 0.3327391358483608 0.7770897627632394 0.3758426168119124
12 0.7611084474962126 0.45661325054403257 0.753330649410259 0.4427764854685123 0.7737435966740804 0.4313028347246151 0.7815213954875162 0.4451395778477692
8 0.7617282724494316 0.3858852026051543 0.7588408058268215 0.4064610173891324 0.7266786333881328 0.40194776257469395 0.7295661333137105 0.38137198768091196
14 0.7426426478845087 0.4299398075175775 0.7454938623193357 0.4061253187462208 0.7758874765908104 0.4097640300537469 0.7730363133809988 0.4335784721277767
8 0.91486304555076 0.7116530824187842 0.9125130135709014 0.6829062488321666 0.9642511758175942 0.6786772636265346 0.9666013514469114 0.7074239386311422
12 0.78414377530828 0.5625858135504838 0.8046554571486695 0.5573040851335251 0.8117986194336027 0.5850419413288783 0.7912869424984592 0.5903236565249551
8 0.9909101984978861 0.3352687061352033 0.9564600519012174 0.3360682478789719 0.9552336826365035 0.28322565812120204 0.9896836582701098 0.28242611835841275
14 0.9555168009545696 0.22587831738442618 0.9430525194367192 0.23497448604107293 0.9149355618977779 0.19644694146107805 0.9273998172641313 0.18735078664926333
4 1 -1.738297606787839e-11 1.0000000000105729 0.005031856445335957 0.9851918990012791 0.00503185642411811 0.9851918990183322 4.615919751943329e-14