12 0.3175145469989502 0.2200237992109504 0.30281598481224137 0.22983998463143368 0.28498152493568796 0.20313536392890447 0.2996800649658553 0.1933191886275413
0 0.7316277433124014 0.3294925817796642 0.6005117627985328 0.38451269364148344 0.5143085397893401 0.17908804035926626 0.6454229565541709 0.12406825587778542
11 1.0000009223797406 0.24841038709677427 0.7373117442365356 0.24841038709677424 0.7373129590015424 -2.4848083448933725e-17 0.9999994545546542 4.969616689786745e-17
14 0.3958624396823325 0.5036207625088173 0.3841889159381253 0.566837906740139 0.23352420106118643 0.5390174476818733 0.24519831561565297 0.47580105393735855
11 0.853704089877283 0.7595581854369894 0.8399936640155374 0.7638571209525662 0.8324750077634917 0.7398821729412184 0.8461853603192822 0.7355832497909173
11 0.8080487230276958 0.7236630645045969 0.8157221339793068 0.7218504882408393 0.8196235795159055 0.7383643089485068 0.8119501697456144 0.7401768817883594
11 0.8077605468735101 0.6720103592141989 0.8165857544473738 0.6722630435193108 0.81576009872947 0.7010956463782598 0.8069348911885754 0.7008429628359693
11 0.8269301516367022 0.5630569716106565 0.8168275773753066 0.5643561153933319 0.8128914500158544 0.5337501185223653 0.8229939728391855 0.5324509780880796
8 0.7842824570192306 0.9138407491098667 0.7940660334814993 0.9142912957268402 0.792107738820846 0.9568042678283543 0.782324162548548 0.9563537239432429
8 0.8186292315419905 0.9329118565350976 0.7978288992561602 0.9339622713814871 0.7960589373356015 0.8989204100783695 0.8168590667933131 0.897870000356114
8 0.8286486195859197 0.9416255417790576 0.815018138546634 0.9355868828141151 0.8234319639352634 0.9166002603798564 0.8370623753845621 0.922638901565995
8 0.7986025113597179 0.9790464932211994 0.8068000754291234 0.9804283311484039 0.8033284743788727 1.0010170077141642 0.7951309113918796 0.9996351741368829
8 0.7759474909801156 0.8869169694561495 0.779762579198632 0.8879323618543862 0.7773635997806423 0.8969437584732398 0.7735485120555268 0.8959283673615004
8 0.7669901663521159 0.8883434117249647 0.7634109604292689 0.8876139715200394 0.7651938126147115 0.8788680052953559 0.7687730102037449 0.8795974446246911
8 0.7732820564835947 0.8642736427380835 0.7692874710684237 0.8649536359545071 0.7677053153133784 0.8556614152915356 0.771699891071421 0.8549814229152602
8 0.7595921426747054 0.848794231848579 0.763052918910148 0.8497304824222706 0.7607351535375528 0.8582960214199793 0.7572743777226378 0.8573597719261262
12 0.8499502097372442 0.6557442395124384 0.8603287813836005 0.6529371605584132 0.8660116985552122 0.6739457257541412 0.855633129321518 0.6767527985209797
12 0.865674026434931 0.7261114881099968 0.8785207208516113 0.7259913967883217 0.8788046766211437 0.756362351157205 0.8659579822107162 0.756482442066754
13 0.8884960132304514 0.6779839764873221 0.8759249727029328 0.6821163127148226 0.8645731046854053 0.647587176695463 0.8771440598927711 0.6434548556614424
9 0.7783893774151238 0.827239885427307 0.789386556490058 0.8134075327309421 0.8125030518541507 0.8317821106374659 0.8015059286612995 0.8456144117982256
9 0.8119006272225988 0.8533810599122722 0.8211820811137613 0.8390499636978582 0.8374408559448057 0.849577568726519 0.8281594428781318 0.863908628998913
9 0.8394540785030813 0.8696611669628084 0.8324897700217662 0.873052452051902 0.8250377792505788 0.8577525634498827 0.8320020615200292 0.8543612859219372