4 0 0.67114526953125 0.016510380084151472 0.67114526953125 0.016510380084151472 0.729399076171875 0 0.729399076171875
4 0 0.5754217431640625 0.11590435624123421 0.5754217431640625 0.11590435624123421 0.6809790546875 0 0.6809790546875
4 0.15893400701258997 0.528963259765651 0.14072237472703364 0.5025072657881574 0.22320655218584307 0.44573134314267904 0.24141813522498978 0.4721871412364315
4 0.02147884759858698 0.396429311357669 0.009484203531087587 0.38682810810281765 0.034513564959524956 0.3555606659794482 0.04650817397453011 0.3651618473594722
4 0 0.889297369140625 0.062659492286115 0.889297369140625 0.062659492286115 1 0 1
6 0.23056113001507583 0.8723821514468254 0.26619489762174453 0.9643415992350076 0.08801988814764172 1.033360498436869 0.05238911796425327 0.9414035845653201
6 0.3178533800420382 1.012627831513413 0.19843934815287412 0.8876326920908197 0.439649748567831 0.6572456761218638 0.5590590488253611 0.782235521359267
6 0.5018782677271929 0.9466227153893365 0.47952930921826464 0.9147791491490036 0.5322741477913269 0.8777703642216694 0.5546230247773565 0.909613645672793
6 0.3058320031625499 0.3740492139880997 0.26157241592409264 0.4562916648571956 0.12625043222647037 0.38346919989110906 0.1705100847777885 0.3012274714948234
6 0.0023672841334700934 0.27676599638925964 -0.019358159643502404 0.26327909744149647 0.013792915373983305 0.20987855917866013 0.03551828663057677 0.22336542897481357
9 1.0000000279526375 1 0.9876454978962101 1 0.9876455303036664 0.983839849609375 1 0.983839849609375
0 0.6785378896709062 0.9799838021842713 0.6764585148911237 0.9409454592026648 0.8153101307874522 0.9335506659126266 0.8173902506669037 0.9725882153718042
2 0.6120513078377599 0.8593846219494873 0.6071314461019028 0.889949451320437 0.5650681426421897 0.883180113469515 0.5699881427614173 0.852615456828792
0 0.7560921853809077 0.6984968728694029 0.7732650636207836 0.7781848887632096 0.6149226119016475 0.8122996923042243 0.5977514354818823 0.7326131574835633
9 0.8289287460984269 0.7854017251247276 0.8442989147896469 0.7118583361332057 0.938092974513097 0.7314573871115941 0.9227237400455124 0.8049999587250519
0 0.6180173294444558 0.6302543098375211 0.6221741611453808 0.7048000724405384 0.46074166925222926 0.7137984919677122 0.456586131062636 0.6392539469802055
0 0.4159916827101142 0.470240839476197 0.46171117152732677 0.41673813341697613 0.5754725509104901 0.5139435693153834 0.5297537039392637 0.5674456706465785
9 0.7524069760985412 0.6548972388027734 0.7361140186335433 0.5931605949479176 0.8202250183225033 0.5709653166212815 0.8365182923101884 0.6327014529989201
9 0.6623011968111996 0.5990115917268093 0.6680664074406195 0.5435129240647476 0.7623303220748312 0.5533039222724944 0.7565656126457725 0.6088021310543186
13 1.0016627410154797 0.5227850716960011 0.9969757494287705 0.6183777387120042 0.8456197658520068 0.6109556853985746 0.8503079428516003 0.5153642587523662
13 0.6363777611834394 0.19249878106593757 0.6127726141982066 0.28897032094637204 0.4974076230881792 0.26074226532342626 0.5210130351559883 0.16427111175055603
9 0.8062908086442349 0.3798947112032846 0.7692380898830606 0.45314740749313565 0.6722340605194859 0.40408265790497705 0.7092868504398666 0.3308304422652595
9 0.5472570879483101 0.40218841882534756 0.5107244457610705 0.32391229204923233 0.6116914972620862 0.27679110026479764 0.6482242480748255 0.35506677557969984
0 0.31888380381553816 0.12939502678005158 0.4755366197659896 0.12401697207740428 0.47786632692191233 0.19187662098810873 0.321213512236568 0.19725466666943728