12 0.4224736633398152 0.14289902385404557 0.4256251219524074 0.17005111563592407 0.3887511653489355 0.174330898433321 0.3855997333597543 0.14717883092691472
8 0.4031422902775148 -0.006197697214991844 0.41110568182728 0.042308999710726776 0.32271112111573075 0.056820795580790714 0.3147477480508769 0.00831411481307526
12 0.25091775192186105 0.17083504987630369 0.23683079762258785 0.12112301599120497 0.29955021744831356 0.10335023828487659 0.31363721317575255 0.15306220407260726
12 0.1529364619682383 0.09551243671050465 0.16756602598695736 0.10864434670874591 0.15097186248669914 0.12713094879843193 0.13634230371894773 0.11399904431330986
8 0.23953859160769753 0.1487681882744568 0.21441854777594926 0.15921819373985752 0.20163583385306083 0.12849085481945227 0.22675584662715664 0.11804085665563897
14 0.20418530680467484 0.13249619817576397 0.1715124356682054 0.13781208852129226 0.16682197595662274 0.10898330806559377 0.19949481257083335 0.10366742059028766
11 0.6658818396848574 0.24277442278523437 0.6907253447833455 0.21824934522136888 0.7078986895844537 0.23564538229859425 0.683055206305653 0.26017043791482086
11 0.6244251326971835 0.28671302378089897 0.6100927250668065 0.276777063011486 0.6205055932254027 0.2617570889013719 0.6348379850949186 0.2716930420054467
11 0.5728054604295494 0.24116699089123297 0.5885503300711434 0.2283389883513458 0.6065222962066628 0.25039707986357185 0.590777438904297 0.2632250687480309
11 0.5229072154297683 0.14600240387607774 0.4983687589356123 0.14416083542689906 0.5001734886895974 0.12011353353643182 0.5247119212281177 0.12195510108123309
8 0.6959030291229737 0.4524673065656362 0.7138782619889525 0.4389934610309431 0.7389751394890709 0.47247266538784444 0.7209999409486727 0.48594647125927165
8 0.7347573267563803 0.3886488034382234 0.7638236165661283 0.40681223404426015 0.7387499096939791 0.44693462913724075 0.709683661938584 0.42877125309315844
8 0.7831920219022095 0.3759703221103948 0.7990181198040318 0.38814570354508304 0.7745406438572218 0.419961047495599 0.7587145719703585 0.40778569570528334
8 0.7638506917580798 0.4764019209211057 0.7812176173650869 0.4695633533678145 0.7928682487560081 0.499148691792012 0.7755013318699184 0.5059872432312179
8 0.8189402623220303 0.3576038013171854 0.7960392195286659 0.3491073193276248 0.8078279178799903 0.31733383437606494 0.8307288882214152 0.3258303014559083
8 0.849980171950051 0.4711483946986631 0.8232192782655829 0.4697459917046545 0.8272075519321334 0.39364769070740924 0.8539681788618054 0.3950500867208686
8 0.6652749818002803 0.4443275889785132 0.6727476187122647 0.44482457191532443 0.6721349978715807 0.4540353768148339 0.6646623609907465 0.4535383941919813
8 0.6419145179789894 0.4548189301064802 0.6496108690244 0.4552222528818725 0.6491459331368787 0.46409375956478577 0.6414495821107948 0.4636904370401107
8 0.6406501797888495 0.4402802218357602 0.6326983075230146 0.4401473876533411 0.6328417196872351 0.4315630697953905 0.640793582884271 0.4316959039020211
8 0.6107010354928661 0.4436358222137923 0.6178097335103985 0.4422934495324696 0.6194627818977096 0.45104683873863166 0.6123540841073236 0.4523892106052634
12 0.6611877095405134 0.16904449907541966 0.6366139569510096 0.16691998193408542 0.6383791106610488 0.1465032267169817 0.6629528391581516 0.14862774280960034
12 0.737782888458355 0.1748355084637727 0.745252410372359 0.20162151485563495 0.7165032021579236 0.20963837792148451 0.7090337076444939 0.18285239507338982
12 0.8655586081231377 0.18048618799022298 0.8611918869291912 0.22543380044273392 0.7792321661356709 0.21747125438758294 0.7835989862782071 0.17252375535380154
12 0.8652447093650153 0.1798810677869895 0.8623325610026313 0.17972844990354955 0.8630428808065744 0.1661747683495629 0.8659550271003127 0.16632738617886117
13 0.6976767415075074 0.10728108524280715 0.708082514652574 0.12738835070108284 0.6676597167082718 0.14830754906789284 0.6572539644113249 0.12820030146498662
9 0.6293006449864151 0.3992668644986721 0.6206561142204237 0.38004531289277377 0.6707961876095396 0.3574966929129896 0.6794407355644125 0.37671818432937654
9 0.702305772357704 0.3659192560975273 0.6933754934595981 0.34877406434054364 0.7277369408336654 0.3308771305431459 0.736667224498774 0.34802228772947513
9 0.7348608833215167 0.349133938950157 0.7301524167331763 0.33989837534116585 0.7535205143569783 0.32798528787684417 0.7582289827458908 0.33722083889249344
7 0.8463216300814338 0.47734809756094776 0.8486059163334403 0.4742439255006836 0.85181563167896 0.47660571564662324 0.8495313464210312 0.47970988680720344
12 0.8368881385483746 0.2225640460744186 0.8542571614367489 0.23049872067895424 0.8454203880595514 0.24984211050011018 0.8280513688793008 0.24190744194953842
12 0.42119563002586347 0.6499619056535388 0.49517649620122484 0.653667401231349 0.49066227581545263 0.7437816489813454 0.41668141226261923 0.74007618888678
12 0.28868264359618934 0.6360641476864749 0.32557489121825256 0.648844086106882 0.2980202611962568 0.7283757473191363 0.26112806768105656 0.715595920720854
12 0.295668685377791 0.7899094307804282 0.3442774729147686 0.7905087869601318 0.34273236828823883 0.9157924967716261 0.2941235808818874 0.9151931503613676
12 0.17489910327969937 0.7220746313595179 0.21241340306369239 0.7393852657173076 0.1827113579701063 0.8037419088437416 0.14519714630716862 0.7864314169965168
12 0.053966404459174555 0.9382543402459089 0.0027041184737299773 0.9179687914732988 0.07086370161744071 0.745769441479974 0.1221238460401537 0.7660545179287119
0 0.47516755735523475 0.9371243455257946 0.4393433152108628 0.9233658573874495 0.46211676218683806 0.864084246292215 0.49794044338364074 0.87784261438294
13 0.257359921409261 1.000000000000041 0.25736192269528146 0.9364626036390237 0.38475954715886473 0.9364658478858502 0.3847587440249072 1.0000020533055558
11 0.9165584390475487 0.7847789159319909 0.9414040945526949 0.7602559296966023 0.9585771789513728 0.7776518086913075 0.9337315944889042 0.8021747234941555
11 0.8751032455529639 0.8287175881975936 0.8607699921828953 0.8187828262602463 0.8711822851196303 0.803763722775283 0.88551549186991 0.8136984620596149
11 0.8234823293348654 0.7831716267512033 0.839228287032256 0.7703449375728924 0.8572001848910986 0.7924029977396885 0.8414542668746208 0.8052296431354509
11 0.7763214343198115 0.665060640387291 0.773346751168674 0.688290793397189 0.7465595842609218 0.6848610370422014 0.749534322086788 0.6616309485539525
8 0.9481950555579033 0.9999999900244895 0.9481951296130546 0.9876952555291931 0.9780546200699973 0.9876954016680279 0.9780546016258995 1.0000000805102078
8 1.000000205045012 0.9798371355013551 0.9646971092607828 0.9798371355013551 0.9646973278756832 0.937749975609756 0.9999999895673 0.937749975609756
8 0.9159524859600197 0.9863330452528191 0.9234251307633485 0.9868299106059892 0.922812508726679 0.9960407348623528 0.9153398639921306 0.9955438702017657
8 0.8924255962059533 1.0000000000000457 0.8924256009593137 0.9969456592871659 0.8994864432074792 0.9969456687214107 0.8994864417344388 1.0000000061533194
8 0.891327691385527 0.9822856264018794 0.8833758107031144 0.982152823066248 0.8835192287824611 0.9735685112074207 0.8914710891250479 0.9737013143731419
8 0.861378521283882 0.9856411297236253 0.8684872776718748 0.9842990646652103 0.8701403359401638 0.9930525123642562 0.8630315800533026 0.9943945756210638
12 0.9118652540716994 0.7110497914420592 0.8872914314089257 0.708925568322503 0.8890566320733342 0.6885088832340772 0.9136303479583603 0.6906331017112382
12 0.9884600825076859 0.7168409683689503 0.9959307203498611 0.7436267216306528 0.9671812801492479 0.7516436252648208 0.9597107467458272 0.7248579615414971
13 0.9483531734953203 0.6492869228980135 0.9587601286598328 0.6693937022949138 0.9183381956007679 0.6903124732393219 0.9079313495121824 0.6702057872427433
9 0.8799781517615202 0.9412722845528851 0.8713321138221772 0.9220512419958048 0.9214722233057273 0.8995028433232026 0.9301183026605031 0.9187237384619115
9 0.952983279132809 0.9079246761517822 0.9440515879443865 0.890780139106014 0.9784130532549398 0.8728833077482601 0.9873447560802333 0.8900277553927876
9 0.9855388594484111 0.8911391184224895 0.9808296446693703 0.8819039296785351 0.9981390863698607 0.873079574923547 1.0028483047404961 0.8823147395446724