0 0.09175106499208141 0.12270236115203213 0.03882487176304039 0.11179108910712934 0.06329408851308926 -0.006898726298926261 0.11622017434501686 0.004012534394827279
2 0.2165295753859482 0.02232061470987915 0.22672213854025358 0.061326694585000896 0.1958627347970605 0.06939045965288697 0.1856701817694102 0.030384388477563078
9 0.2931800255187227 0.25797188427266654 0.25618767739979376 0.26172086104735803 0.2524684891399147 0.22502260264140103 0.2894607372969631 0.22127363098192362
9 0.4399493848035263 0.2802527303375537 0.46386728399318145 0.2586176632734622 0.5068200693028757 0.30610148115356123 0.4829022312951565 0.3277364853815517
4 0.48963133640552997 0.16884099078341014 0.5242578870967741 0.16884099078341014 0.5242578870967741 0.21673381797235022 0.48963133640552997 0.21673381797235022
4 0.7291097500685737 0.2464081396979171 0.7556356161969688 0.20979178643466265 0.7939019654378399 0.23751250806455304 0.7673761705656261 0.27412879715821914
4 0.8957506508625102 -1.5659799032360947e-9 0.8957506533420201 0.0385890860064533 0.8529962172248133 0.038589083745636306 0.8529962194028258 2.1721127636474773e-10
4 0.312335979165141 0.9302002976425694 0.3235971857017148 0.930350859635806 0.32319302082532886 0.9605719909828365 0.311931814299669 0.9604214296452439
4 0.28855583788401873 0.9523943799127156 0.29937838009425377 0.9536980048310122 0.2962481019264942 0.9796778715365456 0.28542556062166113 0.9783742516355917
4 0.2860941263168115 0.934052455029216 0.29595782840499396 0.9357484522040014 0.2909731712032908 0.964730685935634 0.28110947094285166 0.9630346959636504
4 0.2939623569363903 0.8763771361622452 0.29791269735460446 0.8757208910088661 0.2997241822747583 0.8866227522663461 0.2957738420956275 0.8872789964456756
14 0.29385080184329126 0.9999999999999667 0.2938508104697348 0.9917803842112284 0.29805487665464625 0.9917803901160918 0.2980548732718944 1.000000000660777
14 0.2921439578302625 0.999999988318132 0.27786930783713615 1.004761784696488 0.2703315701651263 0.9821721891154372 0.28460612578942346 0.9774104097954507
14 0.2666287758517001 0.9475609882690313 0.2627030370667853 0.9476129457199093 0.2625572842521251 0.93660287609738 0.26648301061663915 0.9365509187287758
12 0.31072102304267446 0.9165665558957979 0.320548426600908 0.9112638339004474 0.3321982190792596 0.9328485271231013 0.32237082830545205 0.9381512307943921
12 0.3063612025538305 0.8799463589384898 0.31214957011206934 0.880526039062505 0.30924594274881656 0.9095130588552289 0.3034575755341393 0.9089333810311159
8 0.8434788467742464 0.9081594585253558 0.829598179625691 0.9020097364219478 0.8564477072150112 0.8414216945938093 0.8703281628296509 0.8475713627839383
8 0.7628047535403084 0.8425002669582934 0.7391453917549597 0.8178050333112734 0.7848875947884153 0.7739904417540592 0.8085467835055624 0.7986854827553352
13 0.9290912612531201 0.32043922648541545 0.9545531987512277 0.33006445405485774 0.9390222338737431 0.3711475608934229 0.9135603083954038 0.36152235560296747
13 0.973170717322887 0.43125731195989664 0.9840346338759218 0.42535610849277156 0.9934353969002814 0.4426616025944715 0.9825714857486219 0.4485627983229526