0 0.040838425987544724 0.18744887412915193 0.013637758219033458 0.09758083913678127 0.14005071512508493 0.0593191225739447 0.16725150889419638 0.1491869334649089
9 0.23615450162515117 -4.45891640675879e-9 0.23615450721797515 0.036767107298382465 0.15561746608375415 0.03676710452513037 0.15561746947480515 1.7030041810896333e-10
0 0.14686102850942007 0.2660338607421921 0.046639889334414875 0.3525629270694348 -0.010757564281675513 0.28608428609585024 0.08946312488455987 0.19955554718536941
9 0.27687620939741464 0.13889375856928993 0.3056256296410993 0.20582893021276447 0.24248764955291335 0.23294697602794895 0.21373838206613982 0.166011933806183
9 0.2824425322407933 0.22845751098234396 0.2831763887800207 0.30262392982273173 0.21666220212830467 0.30328185422681886 0.21592854540642747 0.2291156305886065
13 0.4045815015924745 0.19902737105673146 0.3743081714925438 0.22826184977356437 0.29820096891035064 0.14945084916203752 0.32847420391703963 0.12021645852531684
13 0.7159227101340093 0.2581174841451084 0.6919451505769985 0.2175994663160229 0.8670128295541417 0.11399960849217065 0.8909903890506712 0.15451739987377136
8 0.5493656253422614 0.21258603930462194 0.5829464335703278 0.2473592142299875 0.5263824807781248 0.30198241705392326 0.49280178302149125 0.2672093495427464
8 0.5819210981886727 0.24187254027189115 0.5995672951173674 0.2571230280270492 0.5653964113938628 0.296660936278951 0.547750244960298 0.2814104811956524
8 0.6165112219773619 0.33830767519773164 0.5976004927994154 0.3144413828959523 0.6374163834440196 0.28289374686243757 0.6563270834907371 0.30675998176651914
8 0.7219143164113575 0.32949308581388675 0.721914824812302 0.2491060063404698 0.8188169979615623 0.24910661459829236 0.8188168350916385 0.32949334339961556
8 0.6701377038131113 0.23947329771189713 0.6340358840905083 0.21546600902642413 0.6996905485996194 0.11673668268884912 0.7357921916263876 0.14074389062520795
8 0.6749681748560761 0.09129324052117162 0.6895836760818383 0.10642794854095596 0.6409956957023724 0.15334884651859348 0.6263802136134018 0.13821415752821362
0 0.8883511274531202 0.2951867270951874 0.9023745559993586 0.2623451591863313 0.9573172164256221 0.28580519837460283 0.943293889570441 0.31864668020933096
0 1.000000032275011 0.14765320046082953 0.969346204494741 0.14765320046082953 0.9693462240689996 0.10486498847926268 1 0.10486498847926268
0 0.9088096797028129 0.07394817466227545 0.8988555533787803 0.043003025537363605 0.9430331728234478 0.028792419988135254 0.9529873050561264 0.05973755760579742
4 0.8510672788017928 0.32949308755764856 0.8510673488900693 0.3092300069190442 0.9111473712171119 0.3092301333812888 0.9111473602108617 0.3294931559104566
4 0.23529686935808058 0.7406713700330483 0.24776537870184256 0.758799912827404 0.20480863036027586 0.7883394402067962 0.19234024443778708 0.7702110073688341
4 0.2114038347474434 0.5782397704391314 0.18968444025097142 0.5489272400976843 0.2136478128292083 0.5311730564405736 0.23536717939282426 0.560485512919566
4 0.48086914733687536 0.6344673289032033 0.499456908799516 0.6559979207179308 0.46201290478325063 0.6883196033941894 0.44342525640956865 0.6667891186407038
8 0 0.5322582684331603 -0.003925101697291211 0.51812250017504 0.027602352063013313 0.5093689268558022 0.03152747621606977 0.5235046583527034
8 0.17579784454881064 0.44512730544077544 0.18001011244825804 0.4170178201998611 0.21941035187944635 0.4229216901071062 0.21519816679460746 0.45103110102763894
8 0.30257950025861646 0.5026370414582371 0.3203221658191069 0.5273535083890225 0.29011059000788464 0.5490389190935099 0.2723680061394589 0.5243225256062013
8 0.4823179254306069 0.5012558491896841 0.4512969428857332 0.525186347740858 0.4251340736562952 0.491273984978956 0.4561549242738465 0.4673435634589691
8 0.40656770464238434 0.683742300426772 0.4327994935346169 0.7035591521962481 0.39735695892363765 0.7504673875485022 0.3711252810918495 0.7306506633003096
8 0.32057149472393576 0.8576405958126807 0.29667826154161503 0.8621287680010713 0.29143944862789795 0.8342450713759296 0.3153325116804808 0.8297569155890859
8 0.12378784125371567 0.8145404648711998 0.11829367978373284 0.7989652138294446 0.13728033326117384 0.7922689950518416 0.14277451290479348 0.8078442077437118
11 0.16632562205631984 0.6023490445418477 0.13965018187570877 0.5754154361585355 0.1722916429594079 0.543090218942659 0.19896697651074646 0.5700237183114516
11 0.2518028964541372 0.6316073006840422 0.28704308935857625 0.597580519332859 0.313701740152851 0.6251866266699889 0.2784616705056351 0.6592132827771685
12 0.29912659769559014 0.7093615981052279 0.31186857324928496 0.7244809194206936 0.27401459372435966 0.7563774473587214 0.26127270701408634 0.7412582095701502
12 0.48768854150205243 0.6905626548049946 0.5070190804144659 0.7285745268036101 0.43368704708257155 0.7658602484835143 0.41435691426897847 0.7278487238850223
9 0.4670293728298702 0.47730335135659413 0.42721095180274915 0.4647924449693257 0.43713007468545584 0.4332252228405612 0.47694832585239055 0.4457361005191498
9 0.24716524844279775 0.4545771537319488 0.2464352540608843 0.4417577764017189 0.27777068897182744 0.4399734818178965 0.27850070908209545 0.4527928317075071
9 0.13380396408592787 0.7017368749353281 0.133897896439521 0.742682797057762 0.000024441587925139174 0.7429887274808596 -0.00006888557220463554 0.7020434150475428
9 0.09501900978227695 0.8169731573651209 0.1069782408193305 0.8361112452873921 0.05560233056007746 0.8682084016141862 0.043643268952791914 0.8490704621644808
9 0.09116857791457278 0.9490930571471785 0.06596121715108438 0.9142401415485807 0.154883926802313 0.849942566990008 0.18009111791479882 0.8847949660401216
12 0.364905036101959 0.36821569822601474 0.3165222687815685 0.4044314262411947 0.26167899799702354 0.3311656119538009 0.31006143329409497 0.29495006931275536
12 0.3865306030712645 0.44977659271507076 0.3897317616310829 0.5036648279457665 0.2470035148877514 0.5121416920243607 0.24380294950105963 0.45825401379140807
0 0.046952022977052366 0.9754043761640869 0.029227795944166246 0.9980161166230265 0.0038229521035191283 0.978108196158573 0.02154712709921114 0.9554965641232921
0 0.13525429965454805 1.0019474779193038 0.11278279091584409 0.9834417152787758 0.13317004971463575 0.9586929064706837 0.15564142385176183 0.9771985803016793
14 0.312370833833711 0.400648346547027 0.3375882244915829 0.425039421634119 0.30636069407580635 0.4573229903098221 0.28114337405145307 0.4329319868648674
14 0.3292209582647274 0.43315214438394467 0.32487458043658535 0.4092601304201901 0.3651137934095914 0.4019402804960081 0.3694602189998477 0.4258322320534472
14 0.30876048038055615 0.5571226261175026 0.3170846125674416 0.5837069263582401 0.2757257308618364 0.5966558674365648 0.2674017174358596 0.5700716683393006
14 0.38659793643819285 0.6330579238723636 0.3889008623062864 0.6574015120810591 0.3451380957476431 0.6615408350124239 0.34283528401988406 0.6371973524745672
14 0.43381234731816676 0.6010791204482372 0.4352319550256425 0.6323691838052372 0.3935176258183901 0.634261338109771 0.3920981459284576 0.6029713964431204
8 0.6051108043237718 0.4606611142171164 0.5418713005973359 0.37119533339337357 0.67147742892098 0.27958666375790453 0.734716670128023 0.36905160715908214
8 1.0000020042701863 0.655083069124424 0.875125569382476 0.6550830691244239 0.8751275706495107 0.4595419366359447 0.9999998381692876 0.4595419366359447
0 0.48963133640552997 0.8205897523041475 0.514466620967742 0.8205897523041475 0.514466620967742 0.8797009285714286 0.48963133640552997 0.8797009285714286
0 0.7255463191107765 0.6614831118230673 0.6764166426358997 0.617553026398665 0.7414105374809878 0.544874960030848 0.7905397115472397 0.5888046545560442
0 0.9116176237121181 0.9232339151823912 0.8087359725418537 0.9300001965033028 0.7999440782465399 0.7963227281905894 0.9028221320946841 0.7895565655270045
0 0.6615912119815448 1.0000000000000508 0.6615913424622022 0.9838967826880433 0.6963941655561712 0.983897020376701 0.6963941198151815 1.000000152908978
12 0.5945109309195686 0.4623611757400636 0.6732540545914389 0.4964005850060002 0.5971518591924223 0.6724302858275443 0.5184090638616681 0.6383914405468732
12 0.8100372515848449 0.5606004349727909 0.7695504515781977 0.525009485525153 0.825751710671284 0.4610826414429756 0.8662382000832167 0.4966733574340703
12 0.6104606171364821 0.9449554681252933 0.5600329190172033 0.9091435485676572 0.6092420942321723 0.8398685264143896 0.6596689779341887 0.8756800343486678
12 0.681207114119843 0.8917856739265773 0.6334052975503255 0.7918797350166231 0.7438331784603633 0.7390543785643751 0.7916353164761176 0.8389587869950202
4 1.0000001343656777 0.3829315587557604 0.9540113773119856 0.3829315587557604 0.9540115121637882 0.3294930875576037 1 0.3294930875576037
9 0.48963133640552997 0.6751861175115208 0.5362897684331798 0.6751861175115208 0.5362897684331798 0.7846593963133641 0.48963133640552997 0.7846593963133641
13 0.9972687116298857 0.7168220354080688 1.0116010897658043 0.8055108038779334 0.8931976917792781 0.8246400537178288 0.8788667153709184 0.7359525291497003