12 0.5066762637009106 0.5827398667471846 0.46631732233004186 0.5365643292444112 0.508456337780899 0.49973685984397664 0.5488151317846359 0.5459121854491549
0 0.5312828318424181 0.6532161560534553 0.478668143600089 0.6495756746794885 0.4820321475583569 0.6009656866145116 0.5346463496576916 0.6046061511555428
0 0.5906681576133224 0.7555538697872362 0.5740412689127652 0.7958782878728484 0.5220288923208045 0.7744357145591245 0.538655874287997 0.7341115615831921
12 0.6482771590360699 0.7279443556580701 0.7501444604843073 0.839149192898899 0.6592640998467232 0.9223795212387607 0.5573985805031043 0.8111764080463051
12 0.5902520468181365 0.9999999547046339 0.5902540126164695 0.8861780624403754 0.6870371417230672 0.8861798942815018 0.6870367589073112 1.0000002005318611
12 0.5968962309541439 0.9601296422432251 0.5634775782056067 0.969329151936311 0.5352940152985184 0.8669729244990856 0.568711730078121 0.8577735517013316
14 0.6060756225883779 0.9999998824072174 0.5791324655685912 1.010610266846348 0.5635308632272427 0.9710043262789239 0.5904737124824351 0.9603940097656272
14 0.7474501980303785 0.9999999603598567 0.7180110710587542 1.0039396720558913 0.7100105173773272 0.9441724810424511 0.7394491239737135 0.9402328047187003
8 0.7712626230133992 0.8815591569778296 0.7754194571738253 0.8073459781672313 0.8663076989448655 0.8124355703402694 0.8621517805224812 0.8866478813906028
8 0.7629272618806908 0.863115140776704 0.69663773713296 0.822485378184271 0.7396208621781852 0.7523714156524391 0.8059093593794842 0.7930007671325802
8 0.8164456052131754 0.5443063391618159 0.8340801652379923 0.6047040167143197 0.7624001414631039 0.6256300501700662 0.7447660506032889 0.5652327727787383
8 0.8170869309844875 0.3385128707229291 0.8280753635353904 0.4170904412386742 0.7350869353256257 0.4300930395842268 0.7240989816745014 0.3515159001483902
0 0.9888493201971187 0.39425138224652195 0.9693353867268115 0.4568271975087556 0.8962623119866748 0.4340406626019161 0.9157764120374168 0.37146514923878426
0 0.9186394286409723 0.554672585921663 0.9007043885425219 0.6088007268280926 0.8305414735774548 0.5855546310527664 0.8484766920481661 0.5314268380110867
0 0.9286946732760271 0.7475348867210095 0.9113687300347237 0.7955251210049621 0.8435712329792295 0.7710520387831502 0.8608973594672307 0.7230622037949641
4 0.9145953889320708 0.7064734000587171 0.9523155437698279 0.6428698374288531 1.0255590959385472 0.6863009747297931 0.9878396121051765 0.7499039529578654
4 1.0000000188947524 0.6517353994140623 0.9943362574221055 0.6517353994140623 0.9943362749323796 0.6185387675781251 1 0.6185387675781251
4 0.9215459298535507 1.0000004761329577 0.9215468228067039 0.8900584413409405 1 0.890059201171852 1.000000347293053 0.9999999999978376
6 0.9999999338311909 0.23362335510393 1.019234173449945 0.2697810355922569 0.9527066550552945 0.30516967013999924 0.9334725448533163 0.26901210122890606