0 0.06074814570354192 0.3294930831651612 0.06074824390634603 0.3015880632289594 0.1133760294781041 0.30158824312376814 0.11337600215574639 0.32949319070486943
0 0 0.1595219228110599 0.028333489631336403 0.1595219228110599 0.028333489631336403 0.2158107142857143 0 0.2158107142857143
12 0 0.009260489631336405 0.07770868548387097 0.009260489631336405 0.07770868548387097 0.1598991232718894 0 0.1598991232718894
8 0.14424533867349965 0.04432791371958173 0.1101669855650016 0.09533089240882654 0.019277351908272067 0.03460170628192056 0.05335569197950463 -0.016401230756989942
8 0.3368370244113521 0.22217462090063073 0.30066191641390105 0.26238723737737196 0.23857244207283657 0.20653244641131357 0.27474747093413043 0.166319935364107
0 0.3888520509664204 0.18273934093452482 0.3535697594186331 0.21681083429318615 0.3033943651411164 0.16485278258413177 0.3386765858564331 0.13078135491776563
0 0.2262818518389622 -4.226266634107936e-9 0.22628185485802987 0.03842756402492348 0.1776064959364021 0.038427561490956046 0.177606498847922 -2.7127895105373393e-14
0 0.8251675007595622 0.3294930697717171 0.6795490150905152 0.3329641532790082 0.6742411650359372 0.11025505284173369 0.8198578045410159 0.10678398876149162
0 0.811807032293359 0.32949287268185007 0.8118081134275599 0.18859024722275014 1.0000000423243591 0.18859188138219254 1.0000000000002274 0.32949335410261466
10 0.024416947044983317 0.6442162344612729 0.008611937856244367 0.6278516241257142 0.02649631626786686 0.6105809257302768 0.04230128990684534 0.6269454972560569
10 0.08991678983625206 0.714366042882564 0.11217900880910747 0.7107768830041471 0.11833625932990799 0.7489618657836734 0.0960740440657446 0.7525510101654324
10 0.1932197646867735 0.8495664659650628 0.1927648066347274 0.8756310360101209 0.164396051942731 0.8751358732919441 0.16485110540668302 0.8490714004589511
10 0.08329435586381351 0.49047531901566443 0.06243135714203163 0.47844870318282146 0.08361119608730405 0.4417098522511034 0.10447409511903061 0.4537364316264288
10 0.3168546788300546 0.42662008229845333 0.29877783246502077 0.4475972144715765 0.2620623155544308 0.4159596018283635 0.2801391183289752 0.394982534857127
10 0.44982353413445253 0.329492929073646 0.44982361838776797 0.35090968973258063 0.3975589372309969 0.3509097909424208 0.39755891083905226 0.3294930879336528
10 0.48963141600461313 0.5509040944700462 0.470257329799324 0.5509040944700462 0.47025742513778823 0.49470859216589863 0.48963133640552314 0.49470859216589863
13 0.0691611949317803 0.7624159057300444 0.08973829295689484 0.7452795110519302 0.1201073324873505 0.7817396544404411 0.09953032225905645 0.7988759535098703
13 0.09667020843596674 0.6092952877319887 0.07569355234318209 0.6395358551519605 0.023615255574213734 0.6034151063017831 0.044591865064944614 0.5731747149603816
13 0.0796008961416419 0.5576422682774844 0.09977548232461686 0.5415749537401857 0.10826130599514272 0.5522290235015981 0.08808673642408849 0.5682963195348958
11 0.08556198370092716 0.679367593324391 0.06139017405951108 0.6499132665413523 0.09173062736192605 0.6250175596266062 0.115902372405003 0.6544717719500792
11 0.15486992221792661 0.7104308496432752 0.12818445240475285 0.7361968693204514 0.10234754748364594 0.7094420058389946 0.12903290378278598 0.6836760905838595
11 0.22521442688889692 0.8204991878057181 0.19579517645570377 0.8366202889258628 0.17549565677370538 0.7995830799645622 0.20491465835925737 0.7834620634987626
12 0.3799683095014643 0.32648933199872326 0.3991758713557374 0.3463785756388786 0.3611350838245926 0.38311409787602885 0.3419275798574972 0.3632249111434772
12 0.30658096298668625 0.5311831758003903 0.3169890745130033 0.5020001995181913 0.3519229767523484 0.5144583549571795 0.3415149665621584 0.5436412454178419
12 0.1784664527847326 0.47641615820839245 0.19268757187319352 0.4591502665982961 0.20815952955274497 0.4718929535384185 0.1939384372983568 0.48915882012029577
12 0.4461866358894895 0.640513861932609 0.4301796841805299 0.6239400935956098 0.46483044232275006 0.5904783250015389 0.48083732421446257 0.6070520175809709
0 0.0009525886641768011 0.5251252202977402 0.05071317733779779 0.48720439050127373 0.08934117827061527 0.5378888263992935 0.03958076103106123 0.5758094601270985
0 0.17294780064514725 0.4239062788911705 0.13373221529923285 0.38329916471926345 0.17825291027338608 0.3403061747735792 0.21746836310160234 0.3809131434175118
0 0.10665738871159647 0.6354364157442197 0.11561231573148234 0.6166159030130419 0.1506216181255695 0.6332715275351289 0.14166677376283587 0.6520919699242758
0 0.21825124678105112 0.7183616627604421 0.20427510584204356 0.7312626381500771 0.17620123037443136 0.7008536905201869 0.1901773019758366 0.6879527728435468
0 0.3566637143051139 0.7467807763769351 0.3575886531021979 0.7168257751444765 0.3858179804147994 0.7176972914746956 0.3848931387773291 0.7476521983231773
4 0.8807539964035414 0.40005214800919153 0.9197683508931505 0.3887826411338388 0.9365260634349397 0.4467938113543416 0.8975117267422092 0.4580632744011363
10 0.5049768252439435 0.8307001512809322 0.4891763255330943 0.8304244090855218 0.48963133640552314 0.8043598824884782 0.5054317332788969 0.8046356237847296
10 0.6290665902405408 0.3816891583024913 0.6109898569970937 0.4026663800224701 0.5742743653123625 0.37102878439980824 0.5923510596045389 0.3500516209244079
10 0.8489649942388269 0.32949291006107106 0.8489651166976273 0.35722474002090315 0.7905694407245392 0.35722485234175155 0.7905694029374217 0.3294931062735588
10 0.8212761632590855 0.5112664116778057 0.7800679132795949 0.5022747084971577 0.7926187141013088 0.4447604265174739 0.8338266238554297 0.45375209127097577
10 0.9087778727401883 0.5317229775508784 0.8640777270084072 0.5159521542571966 0.8836550459667478 0.460467888506733 0.9283548272151165 0.4762386411749695
11 0.5374263427493133 0.7755682067022235 0.5080072447319708 0.7916895709462995 0.4877077334722344 0.7546523864979738 0.5171265963664382 0.7385311022493967
12 0.6187930294076978 0.48625233060684153 0.6292010061929432 0.4570693102109371 0.6641349227592173 0.46952746016712577 0.653727038578495 0.4987104021481662
12 0.4906785135175369 0.4314853480645838 0.5048995241536431 0.4142193697956187 0.5203714736352367 0.4269620443945486 0.5061504872945761 0.44422800000353574
12 0.7583985763275223 0.5955830249572192 0.7423917621846385 0.5790091297537131 0.7770424575375046 0.5455474161848912 0.7930492068766171 0.5621212410940307
0 0.48963133640552997 0.3294930875576037 0.515351319124424 0.3294930875576037 0.515351319124424 0.3746572304147465 0.48963133640552997 0.3746572304147465
0 0.530463187441228 0.6734307498172423 0.5164871690046766 0.6863318526464958 0.4884132850027072 0.6559228947532375 0.5023892384914461 0.6430218459835314
0 0.668875707587631 0.701849901160477 0.6698006222476351 0.6718949051243692 0.6980299619815469 0.672766415898665 0.6971051385203282 0.7027213233398745
0 0.805735690787742 0.6231567283213648 0.7918193486568725 0.608996074354818 0.8306259782523284 0.5708632114288291 0.8445422519009753 0.5850237942381826