14 0.2194369282539128 0.5108175011272805 0.2260302889568493 0.6707846680009015 0.035674490368819534 0.6786269084643363 0.029084000240459318 0.5186625524825831
4 0.3808007695977267 0.586758133260496 0.37944964829773653 0.6201236620801513 0.3333280280346571 0.6182560361071859 0.3346792846639346 0.5848906489242565
4 0.2389644344905264 0.5222980334900194 0.247267729955297 0.4957417664278041 0.2888830331007739 0.5087525001626166 0.28057984466227026 0.535308675836484
4 0.07670040086486551 0.44066725545325763 0.09031732057985664 0.4640486430129956 0.06481784289326242 0.4788980911425539 0.05120097896212883 0.45551675195311103
4 0.11228454567594781 0.2456518514358389 0.1454750973238106 0.1856090596191026 0.21467872176708624 0.2238629982496088 0.1814883653881907 0.2839056227731035
4 0.4685903449912985 0.12848449462978173 0.47122148358937466 0.19120842650468267 0.3758287836672025 0.19520972444160983 0.37319779676465714 0.1324859356671112
4 0 0 0.02461612762973352 0 0.02461612762973352 0.0064282587890625 0 0.0064282587890625
6 0.1740436732117132 -4.4489614414363827e-11 0.17404367327446835 0.005081737198701296 0.11105056796282042 0.005081737150345965 0.11105056802250601 2.2944875557266957e-14
6 0.32587097755958894 -1.2398320075584176e-15 0.32587097756027106 0.0011727636693687087 0.3129514025241633 0.0011727636707303134 0.31295140252461806 -5.612633160833255e-13
6 0.5082044982940488 0.2111801733201172 0.50109036175661 0.23219662326253965 0.454720212622874 0.2165003500934933 0.46183436597982563 0.1954839336034772
0 0.806998069844667 0.8070410052980581 0.7854667415140284 0.8522786132742716 0.6655114989478079 0.7951946992310699 0.687042990007626 0.7499578230464836
2 0.8812669585364574 0.7305248634963987 0.8701985821091966 0.7561337738779792 0.8247103679905194 0.7364764420248869 0.8357787891728776 0.7108676727086295
9 0.7719997998171948 0.556255975096357 0.7713296460133279 0.5885208263203732 0.7253134409352242 0.5875649849229316 0.7259837212723141 0.5553002627487521
9 0.9743334011837987 0.4151856982448493 0.9620349799030237 0.46934441894084405 0.8513662908766264 0.44421445728321807 0.863664993734119 0.39005613270957956
0 0.7719044407509728 0.2606035656230015 0.8113804871350112 0.3021759174269101 0.7371860600757145 0.37262668328819915 0.697710221313173 0.33105453544089963
0 0.7034377065243689 0.22405231101306322 0.7294520055488647 0.2759919049741934 0.6602305180573467 0.31066099496668664 0.6342164095430007 0.25872156347006214
9 1.013008632328365 0.264286945654805 0.9873089782588522 0.322693406800418 0.8361618641378072 0.2561872328665532 0.86186165675349 0.19778111088583697
9 0.7214397513185986 0.04346099821913007 0.7303839178986209 0.09012424605602666 0.6362893935288412 0.10815967578563017 0.6273452845929341 0.06149647673984938
2 0.8354828806516252 0.07511553815452339 0.8260635218290417 0.03368841976220924 0.9354214914246768 0.00882349145112679 0.9448408702604638 0.05025057572261543
0 0.8026881323604584 0.1001083842820176 0.8261360497881469 0.07329294809388184 0.8587235479687934 0.1017879910709917 0.8352756492954541 0.12860340943186233
9 1 -6.444674803150283e-10 1.0000000014351826 0.04774804687500282 0.9847726962387924 0.04774804565213643 0.9847726972824375 1.9288323845431676e-10
0 0.4373269613696493 0.040497818819336784 0.45124544485088336 0.010257906220878575 0.48908102648852037 0.027672434353836026 0.47516255078414815 0.05791234032140252