12 0 0.32725053658536585 0.04683186585365854 0.32725053658536585 0.04683186585365854 0.3819792804878049 0 0.3819792804878049
8 0.2775022291107234 0.16324095275113748 0.17192019450374119 0.13621991454782376 0.1952746344395564 0.04496574659890092 0.30085637038075674 0.07198674468532691
10 0.5 0.2392268021680217 0.5859506260162601 0.2392268021680217 0.5859506260162601 0.4285373550135501 0.5 0.4285373550135501
10 0.7420492439024429 -2.105875072297133e-14 0.7815487813849131 -0.027942858499724586 0.8585983621335345 0.08097304643469234 0.8190988453119417 0.1089158768730954
11 0.8539047214115953 0.3962705874204734 0.7779404074287868 0.3922895555836918 0.7883759295530126 0.19318199238954092 0.8643389614969692 0.19716299186700553
11 0.5 0 0.5534808848238482 0 0.5534808848238482 0.13372631165311652 0.5 0.13372631165311652
11 0.5749615404251927 0.1648609161261578 0.6539358648984717 0.08047163235600187 0.8100699030102305 0.2265859566156662 0.7310961495074935 0.3109746938438269
13 0.5846361927215185 0.0005784729163567725 0.6868382489284386 -0.04399826847536667 0.742717421474822 0.08411713409572688 0.6405154024319017 0.12869382718382613
13 0.5824738287461741 0.2572403259211089 0.5563726780497973 0.25712923212727395 0.5567530046497495 0.16779387460480544 0.5828540010276129 0.16790496806544014
9 0.1580344946344212 0.5995390320223447 0.1959228933490067 0.6015244402672287 0.19289983028318147 0.6592080147659732 0.1550114323968046 0.6572226175337205
4 0.5 0.6248362018970189 0.7745554010840109 0.6248362018970189 0.7745554010840109 1 0.5 1
0 1.0575602231544963 0.6289906287490886 0.9924182282869651 0.7362326658449615 0.7667328338128527 0.5991576176144899 0.8318747129873145 0.49191818599993287
11 1.0000025838634201 0.9381312737127371 0.8657406377010375 0.9381312737127371 0.8657433334959705 0.7903786951219512 1 0.7903786951219512
14 0.69305874122972 0.9999999534419916 0.6930643506228762 0.8804045955716572 0.9084610677805358 0.8804132434919681 0.9084591394904464 1.000004919104538
5 0.804109400967036 0.4999952931243154 0.8041114575161146 0.5813881469537431 0.5827365638217543 0.5813913224823085 0.5827360013549878 0.5000000000000412