4 0.3931830622423149 0.36078239273421875 0.3907505657518868 0.3323144996177012 0.4759179764100736 0.325037332527808 0.47835058762370863 0.35350509837895167
4 0.05198187336316096 0.3899381116035845 0.047991714311024225 0.3432373812550391 0.2021811446729771 0.3300632337785584 0.20617166080126026 0.3767635777320848
4 0.8207841818637007 0.34359938537219253 0.8369809783406481 0.347182002071465 0.8295116148268562 0.3809492205338407 0.8133148205596399 0.3773666106697814
4 0.9092998268365591 0.40782456872435485 0.9221738116569895 0.40486862890694725 0.928198954026584 0.43110851144485485 0.9153249709137299 0.43406444617658513
4 0.9988997466114142 0.27184125941323345 0.9820546986278487 0.2786859111800167 0.9704221986188486 0.2500582693304603 0.9872672100362934 0.24321362592352147
8 0.8273319545349977 0.469026540531828 0.8273320141997829 0.4478381268846261 0.8606003135786295 0.44783820882591074 0.8606003030973852 0.4690265732217518
8 0.706473778380655 0.36789504935871226 0.6878091643887956 0.37834276239581255 0.6695939684028644 0.3458029135185808 0.6882585222725766 0.33535522146852664
9 0.6760997552038361 0.4132507497548972 0.658552485798964 0.40391012169985546 0.677715754744213 0.36791187665756014 0.6952629554039049 0.3772524823344134
9 0.9674543003070539 0.4157484821144514 0.9901662292484161 0.4113339851528484 0.9974995949243066 0.4490609697321986 0.9747876692154023 0.4534754555184527
9 0.7601664498545233 0.1841695419177338 0.7643879408350358 0.20588695463713982 0.7513574836707448 0.20841981389200268 0.747136002510274 0.1867024098044592
12 0.8347188873434561 0.17007564027706348 0.8630932334442605 0.15682278973954705 0.8948840239795572 0.224886128960704 0.8665096967725958 0.2381389494126056
12 0.7362060215341444 0.1442121329555505 0.7430748908317355 0.19352372300825987 0.6948772669755954 0.20023729179637548 0.688008467213308 0.1509257637429261
12 0.7074084226184141 0.30994538826379425 0.6727554311422637 0.3155720841957017 0.6660048224756565 0.27399798814087134 0.7006576860497944 0.26837130283011834
14 0.9203305436872142 0.34681093839856714 0.9360325409218149 0.34154728308760646 0.9434574832509952 0.36369577818612336 0.9277554891821183 0.3689594268359768
14 0.9860891350153906 0.21056978535917506 0.9723838640803706 0.21470330316081893 0.9658789586237617 0.19313560135877134 0.9795842118072642 0.18900208642015437
14 0.8090190787094116 0.2923293723751711 0.7710862731112229 0.298999741186125 0.7641491619232283 0.25955058337631454 0.802081842017742 0.2528802258904412
14 0.7444181496914553 0.23996965602229095 0.7255955931168501 0.25444646481992433 0.703880148000394 0.22621277795616454 0.7227026728221517 0.21173598765119664
14 0.7640118235754016 0.4358474596976644 0.7572572281056864 0.4010996220822636 0.7913714619578514 0.39446854994713504 0.7981261145524741 0.4292163103599727
14 0.7658224080200853 0.4219728329015757 0.742137599136413 0.4265764629425635 0.7331842605323118 0.38051517167795107 0.7568689368592914 0.3759115549137798
14 0.7015974736444832 0.3353463436544818 0.682137553986081 0.3222208756835259 0.6926792428249655 0.3065922095996607 0.7121391365064937 0.3197176654914401
14 0.8535323025605521 0.08055300290532849 0.8374054630377259 0.08259557507734484 0.83492859237424 0.06303979853380796 0.851055425123036 0.06099722679195679
14 0.6633244047584412 0.1199094770053767 0.6396099793527128 0.12503270608196113 0.6322682745770862 0.09104945248913024 0.6559826745425426 0.08592622624654428
0 0.8924203428124429 -0.011708783723636512 0.955819371499274 0.0027108891487017286 0.9320042797027099 0.10741872636350734 0.8686052543370124 0.09299906452753999
0 0.820713146624712 0.020269058419626555 0.8314778614434317 0.07564849641857653 0.7573484194338107 0.09005779690998685 0.7465837444690351 0.034678392699116316
11 0.44086839212218365 0.9015202309001531 0.4641189503699934 0.9692611538207889 0.3351179283586134 1.0135232182936276 0.31186894700636003 0.9457836282329687
11 0.3235567654106717 0.8400686583251192 0.3376491357468012 0.8665378238854264 0.3129824534544241 0.8796674745561943 0.29889019596680555 0.8531984058583751
11 0.3358222565645974 0.7930150337737754 0.3584141023924303 0.809026189143127 0.3424656704692097 0.8315249554524925 0.31987387027197656 0.815513854679816
11 0.1884587500694579 0.6513915947577981 0.1672853289202294 0.6331277280141004 0.189756293352616 0.6070802404358661 0.21092963086789496 0.6253440466882442
11 0.3398373138934403 0.48967732660012186 0.3439972715453905 0.5110764740841199 0.313035072344519 0.517094948475908 0.3088751736726181 0.49569585287615076
11 0.4571286060895545 0.5298076746465924 0.4829115157627939 0.5221847507874054 0.4933025247249816 0.557327024397603 0.4675196247385429 0.5649499251357867
4 0.23845514614504282 0.6872377133918718 0.258870802239926 0.7057154398570983 0.22874701890395954 0.7389933360219177 0.20833144874484333 0.7205156995185902
4 0.23012178941610273 0.7041306930249832 0.21104438065117392 0.6995233920978899 0.22068914009366836 0.6595934608327338 0.23976639313923442 0.6642007421403014
4 0.15508958669931872 0.5255874163723404 0.23588044877044467 0.5098847577168538 0.2483950138724822 0.5742670370882038 0.1676041733077227 0.5899696096005016
11 0.346975507460229 0.7594578955851776 0.24608211890620169 0.6866796251458068 0.3122217892255321 0.5950040645261768 0.41311353351022717 0.6677814799178694
9 0.7772805103968494 0.9999999713089583 0.777282711027965 0.93523495377578 0.9311226414647535 0.9352392523289697 0.9311219092611509 1.0000027980894057