7 0.36319535340169296 0.1595741151673896 0.3559290891712408 0.21872525556557007 0.2537866816365977 0.20617776169103202 0.2610530904768211 0.14702679425965423
9 0.866731312430943 0.5526765631989459 0.8563510079260368 0.5529813058229451 0.8545498742361133 0.49163348477842067 0.8649300773211053 0.4913287436455671
9 0.8992348151691658 0.45283182104143277 0.885542483135282 0.45828102210888283 0.8680871570362569 0.4144230815617196 0.8817794122412579 0.40897389772559956
9 0.8766184521995228 0.2141698504852106 0.9072855896050669 0.20956694456644964 0.9250555391593025 0.3279578424070994 0.8943884071446746 0.3325607250359707
9 0.9605079081372878 0.38605552444081087 0.9254168894672148 0.3933382895448746 0.8996536909264705 0.26920546621337893 0.9347442530120134 0.26192275180723595
9 0.749663827690938 0.4245215470335259 0.7409010949085086 0.4240706060771247 0.7439622899431697 0.3645886814776877 0.7527249604711415 0.36503962083503105
11 0.775069598386267 0.4524215013879824 0.7863839979236218 0.45235830877173056 0.7865877998759743 0.48884586630269444 0.7752734003400974 0.4889090587537508
7 0.9272898952983724 0.2260058475411516 0.9164465974159839 0.2282563001175222 0.9051922581815006 0.1740304184276539 0.9160355192772158 0.17177996987950664
7 0.851000994152173 -0.0018575995752116447 0.8753036627579149 0.00003854747461423538 0.8722200145938359 0.039561258930844785 0.8479173460522134 0.03766511210034682
7 0.8155772098267562 0.13001695673979735 0.8386004179886868 0.13172051009259184 0.8327719117779679 0.21049106770313442 0.8097487039906355 0.2087875178157485
7 0.776235907385967 0.23319586259543124 0.7523700517443785 0.23333690450176386 0.7518989468811696 0.15361116148619142 0.7757646910116591 0.15347011990821172
7 0.7169040362493888 0.31880102027796753 0.733443259567025 0.3153685157367964 0.7480684717327222 0.3858362954661071 0.7315292524052666 0.3892687867615301
7 0.1742407717928245 0.8826716388856257 0.1775682239466505 0.9025048453051429 0.12959853701863722 0.9105506106321372 0.12627123317770383 0.890717535896099
10 0.20457011190660523 0.8846291601763453 0.20175786009519925 0.8432322849830551 0.3502224056837804 0.8331475656193764 0.35303540293591595 0.8745436404958415
14 0.8057450490357496 0.9057130465213792 0.8112229236314761 0.9914471354492329 0.7266345240957435 0.9968491087100968 0.7211577594835035 0.9111160611297516
7 0.6597813777583497 0.9321748459703998 0.6358822982182346 0.8924095688434193 0.6879363632214108 0.8611325368320766 0.7118354270703549 0.9008974867879911