7 0.06680054989726614 0.38140955076822425 0.06634062307068689 0.3441671559396014 0.14483214822200807 0.34319780011615003 0.1452922347502863 0.3804400311256984
7 0.20108282243222675 0.31159335484896183 0.20615280141851144 0.2721945570036437 0.2841646314644777 0.2822330813367766 0.2790948074540438 0.32163173843189924
7 0.3331668441310285 0.2482648467031355 0.332796619107512 0.20955729942971393 0.4114225384579413 0.2088052349964823 0.4117928689015571 0.24751267473424246
8 0.726801885160512 0.2212222188869011 0.7215519877771612 0.22140588334529707 0.7200405045384741 0.17820163724651575 0.7252903883901354 0.1780179730219526
11 0.9165305273888862 0.45315980180127274 0.8915498439157545 0.4526469920099881 0.8937744171010991 0.3442938043135286 0.9187547728616892 0.34480661074703844
7 0.837254666723652 0.18875703447293707 0.8580951865883435 0.1901435648434297 0.8527150439091429 0.27100967617459776 0.8318745244173442 0.26962314970688184
12 0.85180758552724 0.44184146344509767 0.8657569756027215 0.4395973644585507 0.8732546539343957 0.48620017551650757 0.8593052656192413 0.4884442669886959
12 0.8281452004582661 0.13526158564619942 0.8491744624535613 0.13882753838340117 0.8286751762032054 0.2597154109367573 0.8076459174245656 0.25614947106022623
8 0.8633860923217753 0.09639161589414659 0.8551489596302417 0.09499482878348907 0.8619220754849266 0.055052513636601526 0.8701592007697627 0.05644930011251431
8 0.7965181553133789 0.21982743357558654 0.806127149800318 0.21828679709191925 0.8126922675673995 0.2592329420152468 0.8030832736294542 0.2607735761670954
8 0.8162554466691745 0.2803928037805418 0.8107677889414617 0.2814998223233699 0.8080589045206352 0.26807176508039865 0.8135465561779256 0.2669647471671104
11 0.8006911614879755 0.2756335182789447 0.8154021219519336 0.2766122313083662 0.808425972112218 0.3814670669518937 0.7937150121626928 0.3804883589931567
12 0.7694522108827186 0.14003925998195071 0.7530403726162831 0.1377071515995927 0.7628494409668747 0.06867785381022244 0.7792612439635604 0.07100995966962877
8 0.8145996215698688 0.5380188185070423 0.7870709431916794 0.5380234651483875 0.787048705113989 0.404575731086887 0.8145768516552607 0.40457108449067597
12 0.35323952261546765 0.8526162792271428 0.3490998492102335 0.8976324117960296 0.27669607602945234 0.8909752192523863 0.2808361384091995 0.8459595231103623
12 0.12143920179369161 0.8637820674725245 0.1655116020318701 0.9149223442942254 0.11550824448920594 0.9580035555675883 0.07143633712132669 0.9068637454649072
12 0.5435458233170039 0.863836574928134 0.5355632487513731 0.9126386184562145 0.45682994399840027 0.8997626323497169 0.4648129353134891 0.8509611137544176
11 0.5281791754961205 0.6740086798208275 0.4737162592987261 0.7268824571760241 0.3974699640120889 0.6483544169938702 0.4519322499941154 0.5954812260230572
11 0.2339049653659231 0.8545431498382624 0.24157167173837024 0.8113810186765069 0.2998618989786337 0.8217326560043442 0.29219556227496923 0.8648944597057299
11 0.12973177165099514 0.8112137829930379 0.11345982808825283 0.8516606974678682 0.02718428686898733 0.816958163448417 0.043456404486391875 0.7765117166915955
10 0.27167247794602645 0.7266971236609573 0.27248892691693527 0.6930846869958682 0.31594344274310515 0.6941400083809771 0.31512715565111193 0.7277522871334389
10 0.10694027468173317 0.6107832896791777 0.11288305942753141 0.5833823593668721 0.15785307193573317 0.5931344875243698 0.15191041997991306 0.6205353020882283
14 0.5221271253850546 0.8046641951353962 0.47538081519985553 0.8113707691981624 0.46851080323790484 0.7634923143980165 0.5152565787468575 0.7567857794091781
8 0.5265516702160085 0.8091730939597596 0.5220206142736288 0.8365206043677159 0.4801518778950822 0.8295848755096236 0.4846830488104388 0.8022375104630869
14 0.36014933601836674 0.7897766064952233 0.36552929664799194 0.8151344489601199 0.3008064503624155 0.8288630207262798 0.29542672670572756 0.803505384769749
14 0.3016690103933115 0.6781875529805874 0.29307377179463856 0.6921026449588854 0.25893227948643016 0.6710165735943425 0.2675275128137855 0.6571015389604292
14 0.27615267549708733 0.6650312771572626 0.24768021504496573 0.6561266518399014 0.25901533509795627 0.6198876225267703 0.28748759998029527 0.6287922151027958
14 0.013578495005958757 0.858113106465123 0.02038323167323597 0.8386453983379015 0.05677917525599696 0.8513643839349144 0.04997455367981729 0.8708319944131313
10 0 0.6431784987951807 0.009993930120481928 0.6431784987951807 0.009993930120481928 0.6592933915662651 0 0.6592933915662651
10 0.9120642961640897 0.925940733362042 0.8288208605411 0.9695112778075649 0.7727740624776516 0.8624549157331277 0.8560152557619176 0.8188850828477525
10 0.6493975903614457 0.7357328457831326 0.7091362662650602 0.7357328457831326 0.7091362662650602 0.7977322987951807 0.6493975903614457 0.7977322987951807
10 0.773779241408306 0.6113499926828188 0.7688599844916553 0.6521470156797143 0.7067533215453068 0.6446588968649851 0.7116727881600582 0.6038621192469019
8 0.8000125785977161 0.823507303330896 0.7545340647878902 0.7946122086138296 0.7984605408903462 0.7254890549890962 0.8439383942347831 0.7543838703662593
8 0.6493975903614457 0.6530965349397589 0.6754482096385542 0.6530965349397589 0.6754482096385542 0.7180250734939759 0.6493975903614457 0.7180250734939759
4 0.7683928650602638 0.9999999999999614 0.7683931631471523 0.9860880177184942 0.8653234434906381 0.9860895516324986 0.8653233493887456 1.0000013293482708
9 0.6493975903614457 0.7927680759036145 0.763778265060241 0.7927680759036145 0.763778265060241 0.9158803590361446 0.6493975903614457 0.9158803590361446