7 0.5468465335126211 0.21012679740860946 0.5469704099097044 0.18406017146137935 0.5934860705256142 0.18428121715639154 0.5933622307707083 0.2103478061182753
7 0.4551663453744368 0.18502368493432916 0.45250613484211044 0.2116829539155904 0.3834674716816835 0.20479386636855687 0.38612773088107133 0.178134651286855
7 0.2947963401695688 0.18012395757596153 0.29174594876838 0.20707718161893118 0.22250679826015585 0.19924113285642117 0.22555723673883676 0.17228796278858405
9 0.9234668108379083 0.15763874120199528 0.8884746849985277 0.2095163844846464 0.8417846997148217 0.17802360337614395 0.8767768099457953 0.12614603286589113
9 0.682186682522115 0.19178701659291494 0.7125911139129357 0.18587710033915425 0.7287963858489093 0.26924627933175393 0.6983919596810892 0.27515617794488756
10 0.7159278617256177 0.2035851946902682 0.7763184493555855 0.15926411916141534 0.8241994474509511 0.22450460078244927 0.7638089614720229 0.2688255583926035
8 1.0000000506356628 0.4690265486725664 0.9436472168141563 0.4690265486725664 0.9436472779846099 0.45377885176991145 0.999999991183131 0.45377885176991145
8 0.8020504150453007 0.31716469805057557 0.860695790249224 0.3096701943109216 0.8687139292818529 0.3724109283641628 0.8100685591053889 0.3799054071015298
11 0.9068710028091118 0.2577776919007408 0.9763668009221647 0.24426943297239206 0.9892249118253176 0.31041894087793087 0.9197291258885798 0.32392716030576796
5 0.7196130469234276 0.3843289570815679 0.7413305153809233 0.3801077221980637 0.7489291112510728 0.4191992275549087 0.7272116457645552 0.42342045217439567
12 0.37337625034956545 0.4711229144114366 0.3769893795109738 0.4897091836033586 0.3334710851058844 0.4981683582440269 0.32985802544249054 0.47958215044250935
12 0.4242779162360648 0.46902642683357754 0.4242779541859818 0.4776888208446181 0.38108823036486683 0.4776889251399057 0.3810882193690759 0.4690265580301013
12 0.5995578431137574 0.5275805995575221 0.5311573447913815 0.5275805995575221 0.5311576266457223 0.4690265486725664 0.5995575221239733 0.4690265486725664
11 0.3138134967066435 0.5127933470922733 0.3595311805977417 0.5101450945580492 0.36255889734525226 0.5624091227854449 0.3168412145042794 0.5650573639652635
9 0.5066738070297561 0.6599298466398094 0.5262554877041339 0.6353988408487703 0.5545962917955194 0.6580187439222182 0.5350147078372629 0.6825496603590271
9 0.44639003193969984 0.7375283414506734 0.4517656646613659 0.7651781859740832 0.41070727697547227 0.7731591119630321 0.40533179580734213 0.7455094004147106
0 0.4539322399973571 0.6580802228902503 0.4717905386653456 0.6812906022795616 0.42944504036495346 0.7138668204964503 0.4115868831198668 0.6906565705507481
0 0.47401113995726973 0.7015291020604433 0.47775699245880787 0.721649183212658 0.44004464470037874 0.7286690419085425 0.4362988874927396 0.7085490445230362
3 0.29468028071255503 0.5704763807285796 0.32481266859292646 0.5642256153428249 0.3313704507467037 0.5958348011543062 0.3012380682877165 0.6020855486408236
15 0.5646754702944463 0.5587161413921075 0.5830709727388239 0.5839759237178569 0.5307625721629847 0.6220654046235291 0.5123672321612958 0.5968057690117582
15 0.3556900509505567 0.6930474216658948 0.37189683889835123 0.6810337663147753 0.3837484274175722 0.6970196017215341 0.3675416612633171 0.7090332317590265
5 0.36060750263152386 0.695175574348188 0.35257188809384843 0.685903879808949 0.3751257725116375 0.6663596010435583 0.3831613675746439 0.6756312668850175
13 0.41140893811825663 0.692602173459931 0.42458122096729767 0.7310160478315402 0.3792848167148577 0.7465456830455862 0.3661127713712631 0.7081320103902273
13 0.5574681361879357 0.7132588815851811 0.5734922175256543 0.7428050060130275 0.5088973877878971 0.7778311227998523 0.49287359260722496 0.7482852444078636
13 0.5742107450237199 0.6234853720965962 0.5967310959742917 0.6267024285426465 0.5899570804999712 0.6741165523772009 0.567436732774695 0.6708995111658302
13 0.5968461103918798 0.6267970554524954 0.607694287641948 0.6294364222158507 0.5964484937559291 0.675652355189158 0.5856003208332368 0.6730130008771246
5 0.5304554748867076 0.6099112782476083 0.5468091101906793 0.6010166639210992 0.5610506305276886 0.6271981199683917 0.5446970127514987 0.6360927093201619
3 0.5301410150153743 0.5370657927280594 0.49656158855054855 0.5847167467495041 0.4445410806254131 0.5480611358531287 0.47812043688622907 0.5004104279908008
0 0.4271100707383084 0.6114854500020003 0.4037102473482719 0.6824718926134082 0.30486141051994764 0.6498906986434867 0.3282616008294781 0.57890495724134
11 1.0000003844920684 0.6682590608407079 0.9526068635163938 0.6682590608407079 0.9526072835651576 0.5790365862831857 1 0.5790365862831857
11 1.0000015827621382 0.6164986980088494 0.8737406199904854 0.6164986980088494 0.8737421073253699 0.4690265486725664 0.9999999012251237 0.4690265486725664
11 0.8883857134940172 0.46902628389561374 0.8883858419676471 0.49172674713015757 0.8338883597501763 0.49172692067152307 0.8338883219026911 0.4690265486725285
9 1.0129016944857767 0.675202540482726 0.9919576893702242 0.7308085741352843 0.913420423679554 0.701231267631257 0.9343646395358292 0.6456257194369306
9 0.87712092728691 0.592681777505149 0.9441373578461025 0.632569825821744 0.894570855725874 0.7158360415403744 0.8275547122698299 0.6759483786663566
9 0.8902946572841302 0.6012410298741813 0.8531873893044803 0.6763990617279798 0.7370371354464851 0.6190584804599706 0.7741445803879969 0.5439013373865877
9 0.8568156053034954 0.4690256289558607 0.8568165024037171 0.572551109960617 0.75812663977797 0.5725512510164062 0.7581265567770288 0.46902659540054503
0 0.7825828265794144 0.5403090239932166 0.7463251266866564 0.6148453781745539 0.5817189275039709 0.5347796799235293 0.617976828224414 0.460244477164151