4 0.6953217773130973 0.2645811858387836 0.6764508767778352 0.25717344896703076 0.687953957967693 0.22787045137227033 0.7068248179365355 0.23527817925132613
8 0.6964473086283078 0.3155826150442217 0.6842211081107052 0.29182402448257055 0.7180085294806986 0.2744374219456531 0.7302347359834584 0.2981959727579826
8 0.6289262346837177 0.34477587105705676 0.6131270561575093 0.3413619411331317 0.6165957690515143 0.3253098539016727 0.6323949220387703 0.3287237809711831
4 0.5995575221238938 0.2628865630530973 0.6202730862831858 0.2628865630530973 0.6202730862831858 0.3523672013274336 0.5995575221238938 0.3523672013274336
0 0.22485150291322498 0.6301162993832523 0.20075662184831344 0.6322365585322736 0.19537179757537615 0.5710484849075588 0.21946640889984792 0.5689282377132567
10 0.4030457730408443 0.8185844937801631 0.38292662710148306 0.820498985795703 0.37829680748075134 0.7718530629876883 0.3984157180908596 0.7699385822065221
10 0.3331402963098071 0.707006730871715 0.32055407172344985 0.7078061239931277 0.3181295108880704 0.6696367874851756 0.33071563485680144 0.668837397568319
9 0.36919866111873034 0.661725018663613 0.3343803755587942 0.665038491905535 0.3257011646006731 0.5738441754434644 0.36051884686628455 0.5705307313229568
9 0.16998334213849375 0.8387620647810555 0.1941515909051077 0.8212217394955984 0.23755066172634542 0.8810068375659471 0.21338255789930827 0.8985469933237851
11 0.26067381515929355 0.6856851717211524 0.2762024976326529 0.6842074318992556 0.2802446453865741 0.7266775969152228 0.2647159638773928 0.7281553299596238
4 0.23970184179177068 0.4862725170297717 0.277796192477922 0.4727843141592738 0.2993940555182917 0.5337779293675854 0.26129973893011993 0.5472660643630113
0 0.2969874443367644 0.47439740023395 0.3342224530737212 0.4728477814289777 0.3364423868134736 0.5261854811513631 0.2992073784914737 0.5277350936350349
8 0.5995934562666889 0.7074564671742088 0.5992663106096643 0.627768927099078 0.7256620606730166 0.6272497033700228 0.7259902240435849 0.7069362287768802