4 0.5995573391006701 0.3213675622752221 0.6039851367373785 0.3422069329846349 0.4330879354042736 0.37851578405485964 0.42866035956035375 0.35767660697717035
4 0.20696837278762814 0.3766945287610593 0.20524041288649642 0.3564693687142808 0.3921665055916037 0.340498523368345 0.3938946546635407 0.3607234909426924
4 0.05578383323233993 0.3896132706823728 0.053854982097846005 0.36703923245781556 0.16293559030464166 0.3577189637138124 0.16486456817415274 0.3802928585923097
7 0.29518211116283055 0.13663165636211985 0.2877166978967125 0.17591221172586427 0.19292902314680305 0.15789744487924104 0.20039450119725188 0.1186169733682724
9 0.7314207800010308 0.20101848845471576 0.8026120903077754 0.1771428148261638 0.8525079934214546 0.325917222740923 0.7813167528981921 0.34979274271815686
9 0.9750089712598538 0.24050838862184606 0.9609529931196903 0.2612378033036653 0.9149141880265006 0.23002078877899332 0.9289701568975488 0.20929141521862588
9 0.9505620741150551 0.0955113484513355 0.9895789676284039 0.08843260378361596 1.0009842094953 0.1512961996236177 0.9619673181413191 0.15837493581049178
14 0.9963161537008318 0.24721735588312474 0.9805695852596727 0.2705622481530416 0.9433708503216849 0.24547142210772413 0.9591174103912863 0.22212656857206553
4 0.8829651698094949 0.42971552867842333 0.8635552350871194 0.47613690718528273 0.7893936661241696 0.44512965220699435 0.8088036862170611 0.39870852205743174
12 0.9966238847937348 0.30162851608745367 1.0067603943845143 0.30411813433818774 0.9967162787714869 0.34501158762377326 0.986579771017773 0.34252197455753014
8 0.9483888375248171 0.26432960787453297 1.0036702494537622 0.2797276639300229 0.9840239299600171 0.3502590055429115 0.9287425383746495 0.33486100221061654
9 0.5449817756086759 0.8662534165391116 0.5666554935640988 0.8499046979897442 0.605276445933896 0.9010930860113767 0.5836028511345148 0.9174416632895264
9 0.46261814660601885 0.8391546129148616 0.4896376634317221 0.8424933903139363 0.4827060521403155 0.8985756916081 0.45568653982297747 0.8952369391592908
9 0.32748817344975123 0.719316746113415 0.39372904439244394 0.7260238562672714 0.3827430242824903 0.8345045982232877 0.31650216661500963 0.8277975751587949
9 0.22911822229332302 0.8463959973748245 0.3234369281508407 0.794906435663033 0.3841945809160734 0.9061777844560484 0.2898764816482071 0.9576664739186963
11 0.16226627876108068 0.5625083008849525 0.22959107263977785 0.5494234460133582 0.26082918228644303 0.7101324958812509 0.19350444543954382 0.7232171417412457
7 0.28589420106766283 0.7594186326625131 0.2574720845710772 0.8118426680183569 0.19641952271911123 0.7787481776008877 0.2248416718637145 0.7263245709552187
7 0.1987854815153014 0.5380973683883392 0.23068244301305185 0.48406774883892345 0.29561261525191185 0.5223968303083797 0.263716035160769 0.5764261175062172
7 0.4752535918403282 0.5753001946104664 0.44048523034325626 0.623310576656147 0.3836411941165352 0.582148941114331 0.4184094563746612 0.5341388541500396
7 0.5983410619826373 0.4690261870468615 0.5983414409748775 0.5299572109096761 0.5306791369611119 0.5299572775977145 0.5306790714881799 0.46902656526126457
10 1.0000010213645965 1 0.9155186923354677 1 0.915519735037833 0.9145581935840709 0.999999965020379 0.9145581935840709