4 0.8579952080397106 0.41623594659507923 0.8197737987447908 0.420464583491026 0.8127332125203566 0.35682841862113696 0.850954338539168 0.3525997974557938
4 0.8757435578742161 0.1932647538162718 0.860307338023631 0.2547033655583639 0.7964922090295659 0.2386701606053623 0.8119285168751276 0.177231680714684
4 0.9617919887799644 0.30277037821813324 0.9381444029221484 0.28774327647245357 0.9658872355488484 0.24408651764575734 0.9895347443019773 0.25911358676157764
4 0.6493975903614457 0.05788506385542169 0.6669298060240963 0.05788506385542169 0.6669298060240963 0.08666148192771084 0.6493975903614457 0.08666148192771084
9 0.7664626015341582 0.371521704577912 0.7369012839201332 0.3620596521419665 0.7595667745338233 0.29125103180620127 0.7891278866726452 0.3007130487998795
9 0.940012830673254 0.19260165568390192 0.8915934871888567 0.2216949001288461 0.7963475605929489 0.06317960002818335 0.8447666590361678 0.03408644819274676
11 0.7128450529734209 0.32773783565267334 0.6682320100140942 0.3126457291949862 0.7731062970905214 0.0026374499399890944 0.8177186772459208 0.01772943522394937
9 0.8735118283171914 0.27957721158204163 0.8608445619926215 0.2757201964022587 0.8657883007407463 0.2594842919795507 0.8784555505684466 0.26334130446842674
4 0.5855442271474658 0.8255956728420678 0.5826925870931063 0.8432607263355878 0.5162619684026595 0.8325388683886129 0.5191137285047489 0.8148739653167867
8 0.1493687003304558 0.8698946641888322 0.14811867375385646 0.8833743099964905 0.10661507805173187 0.8795262652558706 0.10786517156168429 0.866046694495651
8 0.18123007719464113 0.7764902270812584 0.1776269910483279 0.7603673086753122 0.21814193213731414 0.751314737547095 0.2217450730958035 0.7674375781355112
14 0.06466697786754594 0.8337760512616185 0.05675222316244799 0.8514174017508755 -0.004561105170068913 0.8239147839413284 0.003353691257416358 0.8062735830224306
14 0.5259091659484056 0.8687545284371305 0.5284830915662724 0.8802709457831664 0.45853399108000303 0.8959004337684937 0.455960192964767 0.8843841269126868
14 0.6493975903614457 0.9671357771084337 0.7247344590361445 0.9671357771084337 0.7247344590361445 1 0.6493975903614457 1
14 0.8538768674279709 0.8236671603876395 0.8616739788493533 0.9313138230763225 0.6529072661902546 0.9464273481179306 0.6451134036414032 0.8387837559122882