13 0.8277255240127488 0.4189323393892848 0.8168629130154841 0.5208939928071705 0.6588168234558225 0.5040561267618865 0.6696804290650107 0.40209562398134135
12 0.7505520719305423 0.29605572329421254 0.803456498243122 0.3092458319890899 0.7864518549820332 0.37744774108503915 0.7335474459521265 0.364257679857851
12 1.000000067154133 0.2859848722891567 0.965422532081675 0.2859848722891567 0.9654226152963474 0.2297829373493976 0.9999999974803586 0.2297829373493976
8 0.8293497588972514 0.0856615874987341 0.8169391915041615 0.06500695720072665 0.8375938334428383 0.05259640263392001 0.8500044005073732 0.07325102759859085
4 0.22164747659451223 0.8806787600220589 0.20698751950385486 0.8491484691449723 0.2627739597442087 0.8232163307549685 0.27743397909614487 0.85474637044999
12 0.31417308352308737 0.7375254272373667 0.29035966027549875 0.7031906977798822 0.35069470065957375 0.6613506205585751 0.3745080520212696 0.6956850812914747
12 0.19476910478181253 0.5698794022500833 0.19476915565292074 0.5821422080123596 0.1602321486755045 0.5821422866123892 0.16023213493974708 0.5698795180723154
9 0.8234898997947084 0.9332941798077224 0.8180751347957766 0.9515298401894864 0.7817984445147204 0.9407608451403476 0.7872132662649847 0.922525283132552
9 0.7966504560110934 0.9213400284055233 0.7977246255635464 0.8808153371428594 0.8723911370846054 0.8827938093868145 0.8713173935217355 0.9233180858924057
13 0.7199004885841305 0.6456928489631658 0.7032423177952296 0.665090614112649 0.6442209820462494 0.6144109677620931 0.660879057490547 0.5950133472234541
9 0.8406312567661871 0.8794670216204296 0.8367101009822591 0.8876306160503575 0.8163159873968198 0.8778371404136193 0.8202371484527475 0.869673570695375