14 0.430679412687482 0.5378432989092409 0.5052661781253391 0.5319247492240361 0.515545153141943 0.6614490652001278 0.44095839637304834 0.6673675444836908
14 0.4321424142713113 0.689952849420748 0.35691547989097216 0.7050157748480804 0.3318965136463703 0.5800776367162844 0.407121646446285 0.5650148971381241
14 0.35233048711393167 0.6758715312053469 0.2761772715293773 0.6696037544941561 0.28899281158885515 0.5139258414501955 0.3651438566860179 0.5201935277013233
14 0.2263278255699106 0.7190172617779714 0.12318709637156644 0.7081194840697859 0.13556349705231696 0.5910125418074405 0.23870184862607857 0.6019101937111059
7 0.22813963759404032 0.48968707836401865 0.1930888539479838 0.4883564478372226 0.19490224653645782 0.44059556682053813 0.2299527925086977 0.4419261928238197
7 0.17967306178400122 0.37728252835099346 0.14511920665290745 0.3764013547995498 0.14632161785607423 0.32925613163722056 0.18087529756712684 0.3301373029495753
7 0.13284949565831994 0.26698006646893824 0.0983989834296608 0.26614127461839415 0.09950223728264973 0.2208321316417001 0.13395263319455353 0.22167092207267233
0 0.09716042664592806 0.39035166140923383 0.005465255225544752 0.3867113195454693 0.011652280520820568 0.23089181285168806 0.1033461072714772 0.2345321280768222
0 0.21437886163278108 0.0000637142780016862 0.3359407480942309 0.012664361329471083 0.3126995810208655 0.23687753425227936 0.191137699295723 0.22427693611611024
0 0.3060152673892844 0.16667597907779244 0.461612533002949 0.21392816609328794 0.3863919612565496 0.46161584267340805 0.23079495164836317 0.41436423952028756
0 0.5276079276306973 0.5534532235590992 0.39388509844104647 0.5134934020811915 0.46890226417872327 0.2624758642861764 0.6026209559274776 0.3024350197622099
10 0.8324386250728821 0.502349909520133 0.9022192290202611 0.5577177555906845 0.8347798534216508 0.642703302848064 0.7649997130575912 0.5873359771132205
10 0.65 0.5452341043956044 0.6726665390243902 0.5452341043956044 0.6726665390243902 0.6485117802197802 0.65 0.6485117802197802
10 0.6811766415041802 0.41977121457281624 0.6815840676471225 0.35406191356384165 0.7516837275144326 0.3544965366952054 0.7512765750020662 0.42020556543124177
8 0.6728123324438684 0.2859538505224606 0.7166815152862682 0.27537700266664433 0.7320980476487193 0.33931777619356646 0.6882288763340512 0.3498945908596476
8 0.8839414138919892 0.45499573795142995 0.9261661511742432 0.43140567461661666 0.9546296718626763 0.4823503782258556 0.9124050047462333 0.505940343610007
4 0.6574693487593777 0.7087912024387418 0.6574699912010828 0.6553545845233402 0.7302848223463343 0.6553553604738264 0.7302845844673129 0.7087915751797808
4 0.9525349017930012 0.0758657089245292 0.9096853614547626 0.07658842264862682 0.908814753500792 0.024969282013245584 0.9516642591886466 0.024246568585254466
4 0.9890909707032733 0.08414711577792863 0.9860409583624232 0.10523834374036731 0.9690960915800133 0.10278794051580566 0.9721461081697953 0.08169671761658492
4 0.9915349295573606 0.007320453763160398 0.990942839467948 0.011826701159702418 0.9695567171287394 0.009016710645662061 0.9701488073170594 0.004510463370008057
4 0.8880552004609399 0.008476721685615236 0.8976720623388701 -0.00006220675192198006 0.9185139326343688 0.023410689278057707 0.9088970713797835 0.03194961707401296
0 0.9246664797960875 0.7087911371781704 0.8501885987467404 0.7167803146802371 0.8420820316002846 0.6412139017419857 0.9165587617553683 0.6332247864083257
0 0.869025440906853 0.14845979537086681 0.9034427863588235 0.14434408422701137 0.9069831619730166 0.1739500060414584 0.8725658170905035 0.1780657141597172
0 0.7865305117422849 0.165721337037625 0.8017518987390986 0.15491419451430555 0.8180563685388051 0.1778781318126115 0.8028349882174552 0.18868526637547298
0 0.6803515441506534 0.09724347466104595 0.7046683865218029 0.043467511786047214 0.7461365285030297 0.062218883771544845 0.721819721268389 0.11599481673087914
9 0.7051466647633333 0.4017576283452129 0.7870643425624166 0.41269581369615493 0.7646268976615147 0.5807216020975629 0.6827092453937667 0.5697835549807456
9 0.7399212826351231 0.18694199724021685 0.7739435422824954 0.2041138363780777 0.7479250113667604 0.25566311048000934 0.7139027744112809 0.238491305047886
9 0.6637107931525179 0.1500384105952378 0.6702040946906891 0.10062013270525759 0.7100670509724978 0.10585789463438347 0.7035737920584779 0.15527613425193124
12 0.6560845358079632 0.15605468630466107 0.6995749542107887 0.14460985088073716 0.7160188609650504 0.20709620109518675 0.6725284500349744 0.21854101607816895
5 0.65 0.1684418315018315 0.6638603024390244 0.1684418315018315 0.6638603024390244 0.2324330421245421 0.65 0.2324330421245421
5 0.8055761052949038 0.23714503998795872 0.7915319814146642 0.29930634492222047 0.7484286862883209 0.2895681235886861 0.7624728872823425 0.22740692790649072
5 0.9324947272644977 0.25813939772713534 0.9040009435919956 0.2656376950564813 0.8911841993684675 0.21693428092441222 0.9196778846999223 0.20943599717298905
12 1.000000007312451 0.3361257051282051 0.9892528683982391 0.3361257051282051 0.9892528810569274 0.31733823076923073 0.9999999999872671 0.31733823076923073
12 0.9445764344881127 0.1221039007609809 0.9584178390696252 0.10659398029869575 0.9736459050864141 0.12018379636337172 0.9598045066204577 0.13569371098181557
12 0.8663274758695252 0.03655957961611207 0.9242256782330287 0.07416665221062661 0.8769400356140977 0.14696533692575045 0.819041867075839 0.1093583093474808
12 0.80823708863511 0.018537560122284094 0.8590869308329729 0.048884972864718865 0.8197978209998382 0.11471733705766045 0.7689479962901942 0.08436994770862637
6 0.9384475612457663 0.5492976798269131 0.9640741198763862 0.5230802563327469 1.0053534502526418 0.5634255954488226 0.9797270215076423 0.5896428904185609
6 0.7992279062578973 0.30139142441751987 0.842119717049286 0.2954776043892227 0.8527693725935706 0.37271501152710834 0.8098775669111546 0.3786288077509077
6 0.7603686646774577 0.05363894448415108 0.7295072706950805 0.06569384036291877 0.7099350742319075 0.015587622497390543 0.7407964518672543 0.0035327302467588165
6 0.8288546544065412 -0.001310262500716162 0.8522067951762438 0.00005010683434606611 0.8514087033682927 0.013750174696985496 0.8280565626077987 0.01238980537952131
6 0.8807701219460569 0.03610156267162071 0.8833305773501934 0.013231489469571533 0.9062626020419202 0.015798880375676443 0.9037021489685912 0.03866895142486634
6 1.0000000023284201 0.1284215329670329 0.9937665072309301 0.12842153296703296 0.9937665105376254 0.10245978754578754 0.9999999999862439 0.10245978754578754
5 0.8664614288280745 0.01371193571908888 0.8682021774762916 -0.0015454913885396557 0.8874766530418583 0.000653569921625546 0.8857359047823365 0.01591099662693565
5 0.8980648857741471 0.00268900029072887 0.9064666258670968 -0.005598879409252796 0.9228346483359928 0.010994009921587876 0.9144329084834908 0.019281889391828722
5 1.0000000004687308 0.037864994505494506 0.994170776693295 0.03786499450549451 0.9941707772393329 0.017695243589743597 1 0.017695243589743594
9 0.4336765104662845 0.713894139448703 0.5318324890243957 0.7220355366300322 0.524048378471889 0.8158675136169478 0.42589241070584194 0.8077262060345213
13 0.8682015768292786 0.8285342417582057 0.8775227595716615 0.7995151781851549 0.9287616063129462 0.8159701239778379 0.9194406534331847 0.844988991977204
13 0.8381212045549091 0.8024507693478419 0.8376821481400611 0.8131799290665003 0.8140987354846629 0.8122149957971457 0.8145378216908057 0.8014858672157179
13 0.7581804007093069 0.8448550821079952 0.7575218034041882 0.8609488347899766 0.7221466881261449 0.8595013900757927 0.7228053561821071 0.8434077112271651
13 0.8098366675491206 0.9033909308221597 0.8091780607369401 0.9194846736730513 0.7715358326897785 0.9179444895215041 0.7721945199396032 0.9018508308080133
12 1.0002425845843845 0.8524243425276946 0.9994716668461479 0.8700446993969247 0.9565044290889091 0.868165070540017 0.9572754414811016 0.8505448129244157
12 0.8335171607749317 0.8640582248065778 0.8343495105364127 0.8437230479666403 0.8843668430217804 0.8457697873988377 0.8835346308952694 0.8661048316731962
8 0.8055894291092045 0.9357569549100315 0.8065351391129525 0.9126590840212212 0.8994406419467396 0.916461750482059 0.8984952467603762 0.9395593149901419
8 0.8810520280410401 0.9128602735476161 0.8805660403144202 0.8713438647483092 0.9926659378841123 0.8700315397433225 0.9931525511117343 0.9115473115103199
8 1.0000001231912847 0.8289238205128204 0.9693639722595435 0.8289238205128204 0.969364089734313 0.7970824395604396 1 0.7970824395604396
8 0.6958961074000172 0.85901059697128 0.7292007029226397 0.8652394822757623 0.7229139518346983 0.8988456039354108 0.6896093641621519 0.8926167471401623
4 0.6841578220552265 0.893309838231921 0.6798689992912159 0.9082332810024306 0.6476213306223144 0.8989678564343123 0.6519101939926486 0.8840444820722563
4 1.0003086190054091 0.7794121522356865 0.999261239873249 0.8050136409388531 0.9235907049165917 0.8019180585485041 0.9246383073170819 0.7763168040293267
14 0.7013352418949808 0.7710283469260155 0.7082498449025252 0.7525708266845105 0.7791562175949593 0.7791288548769174 0.7722418088673066 0.7975862105773532
14 0.6752744102005863 0.7696298302829463 0.7141297127831194 0.7768971754212725 0.7068453370881116 0.8158361189731003 0.6679900442017015 0.8085688086311156