8 0.21962470569201287 0.99999998998498 0.21962502954590946 0.9600267200929089 0.26179648286415613 0.9600270728075828 0.2617964104165367 1.0000000908458095
4 0.1759134115558254 0.9439318278424355 0.19178151780647568 0.9561727817536378 0.17034582672465604 0.9839522306070517 0.15447777598797074 0.9717113397514915
4 0.15219771508895974 0.8741532235493619 0.08036673069238986 0.8859121434643364 0.04423432235296332 0.6652245909101007 0.11606159247605774 0.6534659824130141
8 0 0.8408030609375 0.005041096875 0.8408030609375 0.005041096875 0.86740849375 0 0.86740849375
8 0.24049768971030971 0.8230574235307185 0.16324587585984318 0.8295506703433315 0.1551993193229464 0.7338257559723601 0.2324493933966778 0.7273325823565512
14 0.36828877291668505 0.9999999999999771 0.3682894047943819 0.9381756419378994 0.4224940019927317 0.9381762778729712 0.4224938635413764 1.0000001404138108
8 0.07739318803612605 0.6635927282886324 0.049113325380403694 0.6496629674364562 0.06823850804835274 0.6108405939857544 0.09651817200210644 0.6247702966140175
8 0.16691906461824146 0.6448264866505192 0.09807148270078869 0.6444059152821034 0.09882559618824871 0.521071090355377 0.16767167989314657 0.5214916571673646
8 0 0.4561315921875 0.05526326458333333 0.4561315921875 0.05526326458333333 0.553078003125 0 0.553078003125
8 0.143733026417749 0.3648284755222061 0.12750606795464137 0.4493576001981434 0.06180325384787011 0.4367450277374852 0.07803047129561946 0.352216243931238
7 0.1975518554017981 0.5253522672824827 0.17175360775559056 0.5233982534335716 0.1749509538580014 0.48118905116209304 0.20074903474176153 0.4831430586670346
7 0.1455081453357252 0.37228256071791516 0.17009988681400046 0.37217134145860487 0.17029177629592596 0.41459816464945193 0.14570003481901495 0.41470938362594045
7 0.14279680345407542 0.30845948536568113 0.11753754645508252 0.3080819728513305 0.11818290831126887 0.26490536633711514 0.14344206977318663 0.26528287813591955
8 0.06656824268122818 0.27037829807950486 0.019991688632330806 0.22518033485639366 0.08106456160351172 0.16224571973474647 0.12764097506203598 0.20744355162260592
4 0 0.2521633046875 0.060661292708333335 0.2521633046875 0.060661292708333335 0.4295875015625 0 0.4295875015625
14 0.31126452921398595 0.8135575236288513 0.28310648738727195 0.8137676016480545 0.2827935980168377 0.7718195165370196 0.3109513545811069 0.7716094395820798
14 0.43182999510509035 0.8634929870231742 0.40386834109767733 0.862636089083483 0.405210308099754 0.8188607703736113 0.4331716483833361 0.8197176635014094
0 0.49638945349215646 0.8874418410579376 0.4398114663747492 0.8898921885348914 0.43597217804472166 0.801248598145577 0.4925488771622213 0.7987982785786348
12 0.5282801989951622 0.8547717752273816 0.5139003099368438 0.8603073963818402 0.5036635461033256 0.833721007588457 0.5180433406433167 0.8281854066985418
14 0.6284972096904085 0.8532837755814537 0.6736002957811706 0.8833805694001439 0.5913173841462367 1.0066571211387236 0.5462148029300806 0.9765609573338805
14 0.5767096819137123 0.7457558529275886 0.6373620209815272 0.7549914619150494 0.6188271658915028 0.8766901714807311 0.5581748554704973 0.8674547032952543
14 0.4807514582936392 0.577396906482774 0.5303296376415574 0.6067921990698217 0.46293015534422466 0.7204536873613655 0.41335225959153377 0.6910587779297561
14 0.225282807050462 0.5651664614339074 0.25597864808685244 0.5644414429270078 0.25695408915066764 0.6057354467121175 0.22625824821386686 0.6064604625497236
12 0.3015147980555639 0.46797509261855275 0.31718800532405567 0.4562480129723436 0.334424905824676 0.4792835366071701 0.3187517195502778 0.49101059193399027
14 0.26699390961698555 0.3702904846842954 0.32523754826092954 0.3469727957218901 0.36420015798353234 0.4442903288058876 0.3059566028337031 0.46760786682135885
14 0.2320831178286653 0.33483606704229085 0.17738894228568824 0.36222589831195695 0.12463501272861777 0.25688515030852815 0.17932870442325566 0.22949546405201404
14 0.2574906416666636 -8.941647104878663e-9 0.2574906498762175 0.05719177342856624 0.20369262221845474 0.057191767499302555 0.20369262831991364 2.309519403809128e-11
14 0.45345118330556033 0.3595259132039203 0.5167457136457188 0.384597343973095 0.483795450501475 0.467778186445566 0.4205009982493948 0.4427068975073999
0 0.6254283150841502 0.5131026523582125 0.6368220597012169 0.5775488617681453 0.5406674089560966 0.5945462062993434 0.5292742654244194 0.5301005289900073
0 0.5345160137871972 0.45431016590245704 0.5532129590609429 0.4971146211727123 0.49678222786587867 0.5217614817019095 0.47808551368052576 0.47895722261551826
0 0.4955807762218001 0.25903937637791935 0.547353240569123 0.24830770848165973 0.5695427265534363 0.35535304439224435 0.517770280070863 0.36608465761606795
0 0.591886845526119 0.3415366820755573 0.5429105817399886 0.32502890832680675 0.5786062046186089 0.2191285501577839 0.627582038022183 0.23563624483609352
12 0.6224137763034605 0.3496425782912913 0.5901457086905566 0.3290914311383625 0.6140811103987289 0.29151093587102567 0.646349072883595 0.3120620384146479
12 0.658655082629366 0.22523998003077217 0.6814039542355204 0.23957718447846077 0.6552424279813067 0.28108691070560343 0.6324935775156746 0.26674973339936026
12 0.5060391361914753 0.03785734590561206 0.5464038958343735 0.09154520960805207 0.4646709322884135 0.15299517038058522 0.42430625912106734 0.09930738602835058
12 0.5965428867175433 0.08727439178481146 0.5206428023916487 0.08749720755011746 0.5203866437217357 0.00022281558938788343 0.5962866208333253 1.366644589691355e-16
0 0.7342547401290176 -0.01994544210114736 0.8310646111552842 0.003924729584308844 0.7854375800816342 0.18897314446057978 0.6886277220322654 0.1651030348340924
13 0.7867955078581872 0.8684882279196796 0.7565155159887809 0.9064407629888378 0.66712387534551 0.8351357353567812 0.697403573902875 0.7971837652740299
14 0.8491527513837127 0.8206349794950991 0.8793829316315396 0.8607895602661607 0.8093826276250411 0.9134762496434747 0.7791529545140747 0.8733221308068557
12 0.8672035450833846 0.7123745717678722 0.8667075017112893 0.7433483698631757 0.8306041152919761 0.742770133878753 0.8311002805867247 0.7117964596489879
13 0.6690437563496516 0.5856533633734977 0.6323860997533757 0.51816054972521 0.7270975280442826 0.46672388861067315 0.7637552331353845 0.5342161226655273
12 0.8187633258662572 0.47832284721447704 0.8404772407227483 0.5045796248453548 0.7988071543906017 0.5390372385215191 0.7770933569930776 0.5127805707156199
0 0.856960648257882 0.4496316999738854 0.8739017413411148 0.47691239381862677 0.8341256785734004 0.5016111872694735 0.8171846910042859 0.47433058577264897
12 0.9720417179834158 0.9999999992082175 0.9720419668819886 0.9584966385648364 1.000000075702701 0.958496850000575 0.9999999999998863 1.000000037041634
4 1.0000003040464662 0.8255474859374999 0.9827391718110903 0.8255474859374999 0.9827393795117132 0.6981726078124999 1 0.6981726078124999
4 0.9990183452954398 1.0006854281166035 0.9723183652872649 0.9999736363188891 0.9733003152888386 0.9631553996518377 1 0.9638671875000008
7 0.980865478124997 -1.3634928836347756e-9 0.9808654798840735 0.028167725257966028 0.9363655596664557 0.02816772423539259 0.9363655607412511 5.425594551126834e-11