8 0.33608513840829346 0.5000000000000463 0.3360852624340396 0.47966827016479135 0.38878868257631893 0.4796685150320974 0.3887886384079593 0.5000001653703254
8 0.44150114631543147 0.39644307287604524 0.42886012787278105 0.3956461675203819 0.43024457550041006 0.3736864177741678 0.4428855615311704 0.3744833221076319
14 0.45149182666148135 0.23797211224583326 0.4276837449294817 0.23647117341526935 0.4313834951252602 0.17778665431224416 0.4551914884659709 0.17928759034907873
9 0.8333441734712324 0.40469505495426944 0.8509278841733021 0.40005923453600595 0.8600379562772105 0.43461201087634405 0.842454249572711 0.4392478206860199
9 0.8283064356367049 0.4132971928563907 0.7962718627701406 0.4351762026304138 0.7545314703123722 0.3740639829039644 0.7865658353996423 0.352185071955164
9 0.8278733547937236 0.26424574117649047 0.8027474783083335 0.28515071036875267 0.7564925013468837 0.22955742504033488 0.7816182895039674 0.20865251540043245
9 0.7393407322376788 0.19647900229512963 0.7539869416845022 0.19726343025852144 0.7521054713527064 0.23239225944578856 0.7374592619810301 0.2316078323850527
9 0.8645544863126133 0.013385784600104506 0.8875699552627339 0.014618470668701863 0.885178054950643 0.059277602784877204 0.8621625860179165 0.058044917016233266
9 0.6747595556964825 0.39800881903459295 0.6597069586283624 0.40505719084345687 0.6467778956722441 0.37744693915813615 0.6618304463667073 0.37039858008215465
9 0.6545052431672502 0.19947548394841652 0.6385358607550415 0.2018107791152938 0.6331865682454918 0.1652311512335778 0.649155918370866 0.16289585846657095
10 0.807860277235477 0.2883691363591017 0.8455219570349755 0.290386195993084 0.8406770457036146 0.3808454199159329 0.8030153665697526 0.37882836958354327
10 0.8660147064590547 0.4999999999999571 0.8660147235642626 0.4899134525409238 0.8807772209762561 0.4899134766869393 0.8807772151095605 0.5000000128847744
10 0.8396063913678518 0.08741472459800001 0.8563449140553985 0.08831122138220716 0.8544733843306176 0.12325450822016855 0.8377348616858171 0.1223580119394653
14 0.6071410269064472 0.4203682411389267 0.618205192203277 0.4209607933426043 0.6167772113508363 0.44762261892045085 0.6057130461360885 0.4470300677618061
14 0.6433635460600726 0.2646510736652616 0.6245326897050063 0.263642528285461 0.6263325916025906 0.2300370790056024 0.6451634002083892 0.23104562310221127
8 0.7306586373761093 0.48936250946159915 0.6879111280712777 0.5113198703907466 0.6455720931124915 0.42889719889326416 0.6883191429955104 0.40693998007296994
8 0.7131353747876119 0.25480459453381243 0.7340585291877915 0.2559251935653164 0.7319948779276046 0.2944555916565792 0.7110717236741948 0.2933349944414098
11 0.7615100682303364 0.49975647351603186 0.7362747841021928 0.4974255049064972 0.7415523126981043 0.4402955536597154 0.7667873920659076 0.4426265127890056
11 0.8975217388536976 0.23727036427116138 0.8668180406679085 0.2377100977512238 0.865821281126955 0.16810823611246972 0.8965248491516604 0.16766850355602614
11 0.7153751539262885 -0.005191487887495739 0.7782489799135419 0.0020886917069484583 0.766154274955511 0.10654214167171275 0.7032804495255505 0.09926196827059322
9 0.43179854489392255 0.9711637765313463 0.4207485106060176 0.9713663910490177 0.4202627415271536 0.9448788623961223 0.431312690400091 0.9446762486617336
9 0.29194195248783217 0.5617924400580371 0.29945795990329316 0.528619750241521 0.3454964085719894 0.5390498023343202 0.33798055226748147 0.5722223611715596
8 0.4608568008396787 0.5857498957778633 0.4231585530837947 0.583376360881632 0.4250613179208358 0.5531600281547703 0.46275936827578334 0.5555335568175411
8 0.3235626110786143 0.5224208111616163 0.32200480193296244 0.5374431363444176 0.29263485118292465 0.5343976973558544 0.294192691747412 0.5193754079811006
8 0.21803164599634783 0.5452128258519221 0.21659644390911126 0.5570185504457021 0.19085688927350475 0.553889688772371 0.1922921132858164 0.5420839898601663
8 0.3428507822299025 0.6225907991582347 0.34072554257170395 0.6350617751542489 0.32244261460152757 0.6319464402435351 0.32456787162652745 0.6194754863344145
8 0.34448481360504957 0.7967376709568359 0.3352375510927459 0.7962019881233774 0.3367819688292002 0.7695469212417346 0.34602917258359867 0.7700826023689558
8 0.38993425468027 0.8466689893673139 0.37907074262318474 0.8482131887389984 0.3753812898941078 0.8222629796456831 0.3862447306886452 0.8207187854138058
8 0.43576606063572854 0.8568185903479165 0.42544326091945095 0.8575313337931956 0.4236665327874789 0.8318037303087826 0.43398926424777073 0.8310909892289093
12 0.3935119250156731 0.5699660847425131 0.3914280611514869 0.5871075659201254 0.367954365780065 0.5842541525917904 0.370038260134379 0.567112706997995
11 0.3604970851553162 0.5967518913100941 0.35885719709858677 0.6102410153634155 0.3447624748735052 0.6085276762122147 0.3464023779838499 0.595038569727137
12 0.3040814975124704 0.5032005008242618 0.30149176018130674 0.5245037287163894 0.2668563541126332 0.520293522760508 0.2694461409827227 0.49899035278831017
12 0.17731065406735524 0.5205774986986291 0.17442146330665764 0.5395729311315447 0.14336075793426062 0.5348489672954558 0.1462499876831771 0.5158535829445763
11 0.31828697717833165 0.6068955310800127 0.3169015295952704 0.6167311989224942 0.30293905728137815 0.614764661092565 0.30432451557089735 0.6049290061601817
13 0.41267157396237053 0.6074113651950713 0.40922850725496573 0.6224030322135744 0.3682197038224331 0.6129857046454227 0.3716628112001672 0.5979940963508622
13 0.43065578546702454 0.5854473412566145 0.4304045972668291 0.5967561718231158 0.40686288693905226 0.5962332921627707 0.40711409855362035 0.5849244855934015
5 0.3623047228052201 0.9608246953032064 0.35559500435772406 0.9605553611514236 0.35712178753465196 0.9225309057166264 0.36383143284342623 0.9228002383990324
15 0.43930021343749104 0.9280931095784106 0.42674789966963544 0.9273029235875224 0.42814820728369796 0.9050651290420781 0.4407004430404413 0.9058553125670803
14 0.3446580327041602 0.8702243122888983 0.34358756524818546 0.8790285142135714 0.3366129486630598 0.8781806888134844 0.33768342317296174 0.8693764951214836
0 0.3791727260419293 0.8944979450068911 0.3636043755282117 0.9019902345977285 0.33803185090687293 0.8488648313236825 0.3535999947678192 0.8413726005236906
3 0.4143544466505773 0.8731362684642489 0.4306816672299192 0.8704004276448967 0.43650774127843306 0.9051615690866447 0.42018052392791105 0.9078973968467515
9 0.35945501652270195 0.8163438931843396 0.367535041303654 0.8168525675077789 0.36585514404737296 0.8435313008500425 0.35777511942865203 0.8430226282449645
11 0.978227503564085 0.6754983583123718 1.0123459629006675 0.9670272020045345 0.6693811014778248 1.0071410087414012 0.6352767059067901 0.715624776932696