14 0.084163467986059 0.3276505877353726 0.10590635052687958 0.32902128772284966 0.10082571105147053 0.4096103339595083 0.07908282912671893 0.4082396401798312
14 0.16999375481441348 0.34098828563852834 0.16275366275351644 0.38385646894721126 0.1333481687040603 0.3788902594799984 0.14058831611293954 0.33602214622826065
14 0.2690505144174722 0.5000000000000162 0.2690506338084333 0.4696642889086379 0.30357937662734 0.46966441341722265 0.3035793344866988 0.5000000475089948
14 0.20318254650157996 0.2890151515271532 0.16325255032325003 0.2803299034149028 0.17650789370475195 0.21939086402404787 0.2164377028502713 0.228076090998765
14 0.22688965024076424 0.24551927158427528 0.2667095970992932 0.25997490170744914 0.24561247143924447 0.3180883333167204 0.2057925436183723 0.30363274148871805
14 0.25197712801923444 0.2313039473406747 0.2928477377438412 0.23282302958739826 0.2899953438866305 0.30956451100389765 0.24912473446249805 0.308045433587382
14 0.2972860674659614 0.3140378914311497 0.3279287212407098 0.27588836254177534 0.38838251385971034 0.32444495169677506 0.35774001641277664 0.3625943357309176
7 0.32837585252696044 0.20872704849504656 0.3471951765842505 0.2103288896071017 0.3451693040059354 0.2341296240477251 0.3263499801078069 0.23252778422675238
7 0.377254554162505 0.1602891243193948 0.3792290953965676 0.18439775860254648 0.3611724860229515 0.18587660374885795 0.3591979571290267 0.16176798096722914
7 0.3928435058641071 0.11331514495852527 0.41134027644932303 0.11516602677281489 0.4090716754096775 0.13783716530276222 0.3905749049449696 0.13598628429605225
0 0.4032610431535204 0.1253969247628653 0.4521393062796051 0.12418295196814645 0.45408135080390366 0.20237504295855954 0.40520308777558967 0.20358901337665056
0 0.3625323766295878 0.10500319605938131 0.2973170535041163 0.1040585985834586 0.2987702173860498 0.0037358230852485193 0.36398543396649075 0.004680419797895628
0 0.3284922133711916 0.1875274219838718 0.2455795874038813 0.20299820480728847 0.22189701888555646 0.07607586931670611 0.3048092369568849 0.06060512490972382
0 0.23690015697411582 0.20984368888549404 0.1656776536099187 0.22577186742328545 0.13780431691975537 0.10113700734284213 0.2090263944290882 0.08520887897229622
4 0.10649058704643721 0.41131432105276355 0.13551571165635323 0.3990283098105333 0.16807865426494573 0.4759523851545285 0.13905357043131517 0.48823832700279
14 0.7666964186851146 0.4999999999999998 0.7666981650578464 0.4108907530178133 0.9405882171914755 0.41089344454183574 0.9405875368968282 0.500001651703202
14 0.7214527329084603 0.08420625302917735 0.798141488421038 0.08797492551387517 0.7895906085162778 0.2619754899532791 0.7129018548791919 0.2582068352623244
9 0.1865788949284024 0.9024269193849237 0.14472311379472558 0.8628223940874405 0.24736932668292866 0.7543652256092146 0.28922424228744603 0.7939689915905985
9 0.12488627929963059 0.8813204841782174 0.1419479939931989 0.9027337048969114 0.10400391819666766 0.9329591529721851 0.08694235828318142 0.9115460754662217
9 0.08746382313881895 0.9167764893630546 0.11690211554480356 0.9185454214701607 0.11471935815598044 0.9548609172545208 0.08528106656092405 0.9530919943232793
9 0.09222798848293223 0.8375130984596798 0.10079218086195851 0.8380277402012597 0.09989947141548328 0.8528801715577047 0.09133527912342743 0.8523655308008206
9 0.265397357065126 0.5802992732193829 0.28593718260390233 0.5811302075588427 0.2851464529539953 0.6006741577279293 0.2646066275017347 0.599843224848776
9 0.3685039409892852 0.5116020331932977 0.3657991086176935 0.5328413731301971 0.2944589936432749 0.5237567305327056 0.2971639279123792 0.502517512320287
10 0.19350366493654292 0.9912265790554768 0.19809254005338062 0.9552081302758375 0.2780254595052156 0.965388523837417 0.2734370610825181 1.001406542911946
10 0.10355612650027979 0.6490419650985869 0.12752232611660475 0.6504822667981823 0.12532842610357875 0.6869832224767496 0.10136222694472963 0.6855429261332423
10 0.40282470805891535 0.9815075468695977 0.33776704123124546 0.9669796762174285 0.36046928724135796 0.8653476601692413 0.42552511704900553 0.8798753178991809
0 0.09610194117647097 0.7730605410677295 0.09565413382642873 0.7617541554927331 0.10214262909892113 0.7614972162799087 0.10259044467113654 0.7728035932717945
0 0.13169629838853325 0.7402056235570724 0.11030891688790234 0.7365830496120026 0.11267361173554491 0.722624550884333 0.13406092714501483 0.7262471191087225
0 0.12873025681642503 0.6133826214963924 0.12730116008845016 0.5989477750865226 0.1482446016226504 0.5968745277143241 0.1496737231628913 0.6113093461778961
0 0.19432861875543495 0.5875708840025214 0.18716626743173492 0.5755164652691336 0.2040654336821035 0.5654765348873141 0.21122778425524302 0.5775309328779202
14 0.14685863280851663 0.9858593250209567 0.10878244750745125 0.9639066921500551 0.1586738735917379 0.8773956060837951 0.19674920661555007 0.899347927609914
14 0.21068712911892362 0.9601983559318317 0.18606843051429678 0.9574412000135182 0.19074487845557542 0.9156978355645323 0.2153632848040843 0.9184549749791029
14 0.24180672952820714 0.9196772618248208 0.2178790159325672 0.9182394269931201 0.2205499702453153 0.8738045719180375 0.24447739416166314 0.8752423980323502
14 0.30637331725847616 0.7941655918329387 0.2856693774709811 0.7940029387041402 0.2859967372786514 0.7523560853449305 0.30670047394676203 0.7525187376757952
14 0.37178010476031886 0.8062626632256029 0.34294046382808574 0.8082006320073675 0.33880219670618317 0.7466259260969875 0.3676414173736475 0.7446879714993991
14 0.1289562659915191 0.6997999111076463 0.11845032047699533 0.6993914390864345 0.11909240698730628 0.6828797935933534 0.12959831601449423 0.683288264904864
0 0.2781089357422388 0.7391870257415277 0.2949614811836909 0.7457202807072822 0.2829305414342116 0.7767487040292536 0.26607800945691906 0.7702154741630486
0 0.29423646626048594 0.7392456580833663 0.27475863624908925 0.7382895274194826 0.2762417660289884 0.7080820587335277 0.2957194666707892 0.709038186220692
0 0.3690469548527062 0.6671512993123736 0.35554919820071973 0.6669914642187766 0.35590527918054704 0.6369290082987014 0.36940295531189804 0.6370888429157958
4 0.28495298294558324 0.9135176833888248 0.24030094995987383 0.8832274626055296 0.2924720409013162 0.8063383264324732 0.3371232904238468 0.8366281797289381
4 0.4273146125221956 0.8279346143232879 0.382234762576104 0.82726247217593 0.3836556599940195 0.7320203473090036 0.42873448919328894 0.732692481842041
4 0.267187493302913 0.7082185234740912 0.28539359555622923 0.723273980586296 0.2481607767414289 0.7682909494797932 0.22995476541689186 0.753235591530534
4 0.19774969123830033 0.6887519405270682 0.18975392434060723 0.6875400154746666 0.19199317205004718 0.6727685916696227 0.1999889146153464 0.6739805148469882
4 0.16557824711981084 0.7932808247741131 0.14300827549379846 0.8016822765509543 0.12760252860232413 0.7603030420688469 0.1501722870358435 0.7519016341951031
4 0.10690433674881206 0.7879370458393652 0.10696885125173594 0.7522042366278636 0.13296862579454682 0.7522511945889944 0.13290422056161333 0.7879838944429186
4 0.1284190904573279 0.6213008976278329 0.11951085846658316 0.6262356157882195 0.11398188915836727 0.6162557811430708 0.12289010576898818 0.6113210682852561
4 0.11026719041228716 0.5373871186813841 0.1272061875398549 0.5384051463937494 0.12479854641208021 0.5784622264964998 0.10785954959624178 0.5774442022587247
4 0.2217069589789844 0.5309774389981904 0.2032043405748709 0.5603687050025546 0.17768128831642116 0.5443025887352932 0.19618389820766424 0.5149113951186617
13 0.7409675273750054 0.7144874025838479 0.7282735050777092 0.668532139149815 0.7988159952565184 0.6490492306367248 0.8115102313187208 0.6950041408903187
13 0.8593408042443116 0.6737782347736532 0.860311398310273 0.6554969558172782 0.8913306697078269 0.6571435975366223 0.8903601360216271 0.6754248189363378
13 0.9882612694913178 0.7402029615966578 0.9868054884027515 0.7676248940646889 0.9409996093000927 0.7651933848625609 0.9424555262918375 0.7377715968811464
13 0.8451774152499638 0.856353889240871 0.8466335200623689 0.8289319414655427 0.895774272610879 0.8315406880152835 0.8943183497099199 0.8589624623328299
0 0.540519063768329 0.7267966921870466 0.547771835964113 0.702886138253707 0.6013084322925124 0.7191227476537536 0.5940558331870989 0.7430331536492725
12 0.553469476931923 0.8786553572894725 0.5544996608942938 0.8592567014247554 0.6149713835266084 0.8624672361022594 0.6139413630255603 0.8818657357864753
12 0.6819306049108036 0.7197613437012248 0.6804476172196701 0.7497713349194584 0.6189590420694913 0.7467329661989224 0.6204422251428241 0.7167231810115773
12 0.7762818136934584 0.7564498577367111 0.7781215982572576 0.7218010965465519 0.8428752313827772 0.7252387026803745 0.8410357126372219 0.7598872108540403
8 0.6527646644368588 0.9038737048800168 0.6486802772029705 0.855674817140898 0.8376845026867841 0.8396596249076429 0.8417699933046379 0.887857331325375
8 0.6020733903856126 0.8284013126664495 0.6004971884948418 0.7569626616436749 0.759668938770119 0.7534505342172921 0.7612464849994467 0.824887811413387
8 0.6915752977755574 0.623566383409301 0.6847304676109616 0.6954870536063543 0.5505067483762787 0.6827129646160591 0.5573524356270809 0.6107932496455836
8 0.9733390661955355 0.7716053600723068 0.9972661043830158 0.7750549024640724 0.9892526846073224 0.8306276247704361 0.9653256513890938 0.8271781059948279
4 0.7520268411954021 0.6089068073813115 0.7502291061476853 0.6427784408321595 0.6557678221332708 0.6377649521040143 0.6575658437138827 0.6038936232032698
14 1.0000001304443913 0.6473947340862422 0.9499963546963954 0.6473947340862422 0.9499964758695114 0.6206313213552361 0.9999999925860266 0.6206313213552361