12 0.38446325361951494 0.47881323870877357 0.3620154301385128 0.46870171238953606 0.37675939570851824 0.4359719944414819 0.3992071226174403 0.4460834956125056
14 0.35003909340309747 0.3934752632151612 0.38478167510629646 0.3970658660781261 0.3783540875562039 0.459255699763493 0.34361150804761564 0.455665111467756
4 0.41509322960030204 0.4507221762970724 0.3963526457215494 0.44445904907153877 0.4163976692130973 0.38448367376420917 0.43513811362754495 0.3907467756379948
14 0.42112959598239286 0.34922835159473486 0.39587005839644007 0.35910482155248263 0.37958367422550054 0.3174529301954151 0.40484310901490517 0.3075764827227496
14 0.451440272904847 0.23878927170954553 0.44135572701361525 0.23815351024622478 0.4436094405888298 0.2024054795358021 0.4536939625144214 0.20304124024640463
12 0.36817607331886393 0.9584301954995111 0.3629362664597693 1.0042945056332988 0.30892388764175394 0.9981251896592463 0.31416401601779853 0.9522612491851734
12 0.4343598351919127 1.0004636900194612 0.42697648788930564 1.0000000000000029 0.42750666430413276 0.9915607022875049 0.43488999272256024 0.9920243917123052
0 0.2576464520261652 0.7838093994210122 0.28371882717249264 0.7878403899496921 0.2697368943156562 0.8782567019094744 0.24366452977699282 0.8742257580349544
0 0.34833669030308556 0.7183510005030909 0.32623183860960125 0.6728442814609096 0.36971602336757314 0.6517249228456933 0.39182092189355444 0.6972314127850252
0 0.33300659247447584 0.9139307614107761 0.3376673424210139 0.9120353554347698 0.34570902368091083 0.9318045233959072 0.3410482769097598 0.9336999236849354
12 0.26482815839813156 0.8950611804438795 0.2715110761376991 0.8959131826237267 0.2695932118383553 0.910952765284483 0.2629102944353008 0.9101007648813504
12 0.25645732286659495 0.8832854248461162 0.2516197107482867 0.8795620231020324 0.2584722194818596 0.8706610299084724 0.26330982200681774 0.8743844260710681
12 0.35426906631596466 0.8293377835016225 0.3606686891580466 0.8306620500663267 0.3581117275577981 0.8430161451470553 0.35171210535963837 0.8416918807095678
12 0.44488411990482746 0.8194709820980952 0.43765019850968656 0.8191043459666274 0.43832642358256635 0.8057650258217408 0.4455603211331436 0.8061316613482538
0 0.43180055271727724 0.779452528761476 0.4265612098881775 0.7735447066812117 0.4347887648126516 0.7662494458171603 0.44002810208723986 0.7721572602531582
11 0.4105326613602074 0.7597056953954315 0.3939031852194148 0.7590865660259696 0.3947690109838504 0.7358360352984411 0.4113983989738017 0.7364551630239533
11 0.43174591353692904 0.6115704064166698 0.45277814566350116 0.6084867090961573 0.4583460856071042 0.6464581060867907 0.437313855946627 0.649541792044387
11 0.3852529655689523 0.7328022857377036 0.38556866560190883 0.7183315564006052 0.3978797130625935 0.7186000987417835 0.39756403314584077 0.7330708083755979
11 0.2828605494605654 0.7236482109112442 0.2738035300678803 0.7171562721001329 0.285787078502608 0.7004404255615412 0.2948440696875423 0.7069323498802315
1 0.44404891107706135 0.5643197022939699 0.4325719282784348 0.5600935130872265 0.4394116290393413 0.5415208665858966 0.4508885771814448 0.5457470487438457
1 0.43575191550041836 0.537355262534897 0.42687723716449 0.5417990068199187 0.41580255081657924 0.5196834292393518 0.42467719954868244 0.5152396938432543
1 0.32878762871973777 0.5414822254730006 0.31968219169118584 0.5242735016505738 0.32921968722530437 0.5192274844473822 0.33832512586241137 0.5364361932419244
11 0.34173960611303755 0.5077985944558504 0.34942299130773335 0.50750899745775 0.3497616294761201 0.5164927940870198 0.3420782442926793 0.5167823908820022
14 0.288904696373379 0.5449449615424099 0.2827377476047559 0.5475019414632867 0.2767703956483274 0.5331110905974765 0.2829373304497267 0.5305541139630586
14 0.40959148415970503 0.5538117569821281 0.4174512209472141 0.5524255892828961 0.4245443331600427 0.5926404423242948 0.41668459766276555 0.5940266050887449
14 1.0000002125436822 0.871261477412731 0.9837689128341935 0.871261477412731 0.9837691081820594 0.7711562926078028 1 0.7711562926078028
14 1.000000426262659 0.7245711765913756 0.9495272426036081 0.7245711765913756 0.9495278512335972 0.6153381632443532 0.9999999080383759 0.6153381632443532
14 0.7062988235259127 0.4999995218764263 0.706299097175588 0.5374060420159485 0.636977901921 0.5374063123473987 0.6369778333333898 0.49999999999995687
9 0.6625762460563465 0.7637360816569596 0.5854491702482392 0.7590715562052271 0.5967473175659279 0.5723116746027875 0.673871456193865 0.5769761108112998
9 0.8743143911465268 0.6047043029449192 0.9231586422981763 0.596330153237513 0.940120846886316 0.6952541225003084 0.8912766177030562 0.7036281888030818