12 0.1820923717898495 0.6265117954391651 0.21025805764247707 0.6195709545152115 0.2228118607280294 0.6705074884796419 0.19464618770996367 0.6774482934786638
14 0.20643406100509765 0.565317922167964 0.24846840470445386 0.5659840163297712 0.24703852734455722 0.6562075509903889 0.2050041837948129 0.6555414624172426
4 0.14775361671843257 0.5369398536711403 0.17080572875306643 0.5332053892866686 0.18543720461309476 0.6235136924878114 0.16238509979018545 0.6272481266358684
14 0.1856841932167299 0.4329864182389193 0.21950032993561308 0.4389339817527691 0.20877814121718075 0.49989331174532287 0.1749620112775574 0.4939457744055413
14 0.11203204721516613 0.2787671146103531 0.15152699294878857 0.25596282481803523 0.17777044091769767 0.3014130087119686 0.1382755342389146 0.32421724559260506
8 0.8281288877635689 0.38040273866749813 0.7821270739439115 0.38613004592802047 0.7661426501480264 0.2577447625064322 0.8121439083193991 0.2520174895638668
8 0.8619742833112696 0.010634456336683133 0.9023677083413304 0.007487263887781577 0.9099791213387789 0.10517776293946329 0.8695856968786302 0.10832495256037927
8 0.7345880491150183 -0.0003959278283503107 0.7524140872201315 0.00003733970449798663 0.7508832835035264 0.06301957714036287 0.733057245411942 0.0625863097384147
10 0.015148324006190705 0.7094750537733705 0.025599687510180047 0.7099889673471359 0.02137964884241228 0.7957967267027055 0.010928285714271624 0.7952828181818155
8 0.7001163521985063 0.8651689475222719 0.7126018372824774 0.8660985962194273 0.7105915990275662 0.8930904359117393 0.6981061143111447 0.8921607905848996
8 0.8204669191179619 0.9829795640561936 0.8310730968330517 0.97558659683846 0.8468716315513802 0.9982449474382464 0.8362654793959337 1.005637883866862
8 0.8205145429037657 0.9369022341037996 0.8259166670994773 0.9142185452610833 0.8463355539707891 0.9190800498649672 0.8409335076232765 0.9417636713053888
4 0.808263526544124 0.8259880484120709 0.7966676550867078 0.8329593588860007 0.7832230987770572 0.8106005988117958 0.7948189119716744 0.803629310967533
4 0.8179962746623914 0.8016311895221654 0.8287622891278943 0.7939426064500499 0.8417803961172012 0.8121677596672432 0.8310143994985992 0.8198563215668238
4 0.7071102247031149 0.7712611605057519 0.7216610319269421 0.7723446390910795 0.7193225151546585 0.8037443596581999 0.7047717083918315 0.802660885170306
4 0.8689625627948772 0.9140258544927115 0.8705780889046082 0.9069004521025 0.8757075125104166 0.9080631419556527 0.8740919923906176 0.9151885391465984
4 0.8958928304772371 0.8438378062404704 0.8903669257809952 0.8452091840115512 0.8876186449983834 0.8341374569553258 0.8931445343055202 0.8327660811826637
4 0.7283048595437549 0.709710741034136 0.7283048625414494 0.7143904667328964 0.7235291901969276 0.7143904673751312 0.7235291896228091 0.7097107440998889
0 0.725441157732007 0.8148717028040312 0.7398119441843392 0.8097525135946826 0.7521623620398259 0.8444159140243979 0.7377915874545806 0.8495350794351696
0 0.7044847814427158 0.8065134813895763 0.7067848657408149 0.8066847481674766 0.7064277149934242 0.811480268091599 0.70412763070658 0.8113090014151995
5 0.8174378020667064 0.9410424049958092 0.8264193507676509 0.9417111319956071 0.8254218192905682 0.9551051368080025 0.8164402707355976 0.9544364111052038
5 0.8342960519810276 0.9114528215308679 0.8213994091022414 0.917467686753704 0.8085818638663795 0.8899919606569757 0.8214784150261494 0.8839771204714131
5 0.8831839626269584 0.9058148176167021 0.8754977292891226 0.9083442514914755 0.8710500501664455 0.8948323159688258 0.8787362558208542 0.8923028870254952
5 0.9105593624020685 0.9250102397921538 0.9164318551326005 0.9208166461757559 0.9224768526909202 0.9292795426037788 0.9166043651489417 0.9334731300598901
5 0.9195695323770678 0.9999999995724619 0.9195695434614208 0.9936736497545752 0.9278482224524396 0.9936736637335537 0.9278482193212767 1.0000000055963894
8 0.9350242330043557 0.9923670967798471 0.9271941377136272 0.9979584459506579 0.9180151558163061 0.9851080601377655 0.9258452250543314 0.9795167242693947
12 0.7401530793787288 0.9646802226869106 0.7624191350935234 0.9439325350604902 0.7829687352150358 0.9659798471382152 0.7607027688071639 0.9867274427354196
12 0.7095005346069456 0.739166166991842 0.7151087584848028 0.7395837725434098 0.7133205656840573 0.7635941655485124 0.7077123419322788 0.7631765611477749
12 0.8059313642263533 0.8697593574093719 0.7915949119196739 0.8775042096779788 0.7737658652829396 0.8445082778909613 0.7881022036052627 0.8367634635702561
12 0.7813721593271339 0.8360244184071455 0.7935061830957011 0.8235833234546661 0.8122691849015382 0.8418793474243561 0.8001352033637659 0.8543204006592902
12 0.7465514585886694 0.7961753572518352 0.7633564614235411 0.7873312959529487 0.7754985541185988 0.8103985660198472 0.7586935706734721 0.819242599097356
12 0.8577653559732425 0.8559660136670048 0.8568050322469389 0.8653079859896128 0.8470769442948267 0.8643081852836532 0.8480372785732015 0.8549662249354671
12 0.8338903484869888 0.735345225813571 0.8372394761827309 0.7287632164497989 0.8476104905182638 0.7340394396516183 0.8442613728462902 0.7406214404422903
12 0.8677999008205006 0.7213313592859371 0.8743095770305445 0.7281768732219931 0.8672527102494314 0.7348864419663269 0.8607430415783028 0.7280409354197038
12 0.8472885999772188 0.7361754597611947 0.8417025278054098 0.7420971644461344 0.8338151469221202 0.7346580475206741 0.8394012128695749 0.7287363500423882
12 0.8889722973643757 0.9279961070683963 0.8815995183805398 0.9319973429587058 0.8764261349832623 0.9224672031691348 0.883798895718769 0.9184659733912606
0 0.770189908246266 0.8912113305784792 0.7751622881509093 0.886703172605748 0.7820863226469328 0.8943383543265784 0.7771139487965684 0.8988465059789169
0 0.8297351255887406 0.8147573283672896 0.8499332267454065 0.8352439908372715 0.8380089487205851 0.8469977927296846 0.8178108911472464 0.826511173622473
0 0.8741882233551905 0.8471921963120069 0.8618600560250798 0.8559962626171361 0.8510682838086723 0.8408880001847036 0.8633964099668674 0.832083954907392
6 0.7946471829808388 0.9560765733665832 0.7763477493665505 0.9527782978663214 0.7827287252459882 0.917385511206085 0.8010279754862495 0.9206837697730132
6 0.7376160141774335 0.9756912214260479 0.719942458437572 0.9741823660980679 0.7229918166428888 0.93847554585415 0.7406651891062666 0.9399843933270773
6 0.698095271575994 0.8923062814909589 0.7112474299033238 0.8932855544420677 0.7092435537274469 0.9201919836258096 0.6960913958073434 0.9192127143254678
6 0.8250960555766369 0.9582730783713166 0.8235514244137221 0.9703828702002667 0.8155424475839936 0.9693615852936311 0.8170870909224277 0.9572518078171854
6 0.8711803546151486 0.927338049436591 0.8778026550183995 0.9243672882845609 0.8872089512732373 0.9453298587065998 0.8805866567577141 0.9483006101223534
6 0.8285379502956403 0.8729523002242706 0.8347509268703561 0.8707208327872779 0.8409287553963622 0.887917450388834 0.8347157815669561 0.8901489123568289
6 0.7166287423376616 0.8266491323015407 0.710661320184613 0.8262047940531034 0.7115677402773599 0.8140342853577127 0.7175351443090676 0.8144786229287606
5 0.7723473324064116 0.8373297962443438 0.7617738272130055 0.8423297437322358 0.7525293460282683 0.82278428770786 0.7631028019404766 0.8177843539229268
6 0.744521208760716 0.762696309876403 0.7459281955128745 0.7588040643424074 0.7525680839606821 0.7612038573918989 0.7511611009692842 0.7650960997361491
6 0.7173900019578241 0.8260950195904627 0.7114913691270885 0.8265030195371661 0.7106571443172243 0.8144446158963128 0.7165557594036045 0.8140366165652965
6 0.7904827994974539 0.7646727372376574 0.8061411059246666 0.7631625488442997 0.8083098364957095 0.7856448378513512 0.7926515306475039 0.7871550222205468
6 0.7605860156137396 0.7402105190013041 0.7579010470333287 0.7469573260302671 0.7453970634870757 0.7419820436851335 0.7480820360046891 0.7352352469007933
6 0.7580807949125301 0.7347214964050803 0.7585122138300449 0.726386453321092 0.7697967818388634 0.7269704425791523 0.7693653739090678 0.735305475172903
6 0.8511463437371276 0.7772006113857408 0.8532984398219696 0.7739762611131267 0.8581987339698571 0.7772463672022283 0.8560466404238696 0.7804707152257259
5 0.8459984920399393 0.8388816419993372 0.8449694394229255 0.8290755510607897 0.854710003774926 0.8280535904839836 0.8557390671047642 0.8378596692330649
5 0.8072625038242904 0.7472948760516083 0.8129573501723826 0.7411457819685934 0.8193548019464743 0.7470696380249657 0.8136599618901528 0.753218726004193
5 0.8296629718396389 0.7434607061585494 0.8237938095228401 0.7448523343109898 0.8215511627170144 0.73539556297924 0.8274203127018609 0.7340039363513983
5 0.8533445368515231 0.7120783692992465 0.8530269250359197 0.715168291049529 0.846356352518228 0.7144827283837322 0.8466739663182352 0.7113928088843006
5 0.7552089128015496 0.7597148208059779 0.758062832735618 0.7515456889539053 0.7669278522570266 0.7546421820331034 0.7640739427457675 0.7628113050398668
9 0.7468962252240772 0.7097107302170464 0.7468962324841186 0.7144693682654033 0.7361643095025556 0.7144693763082074 0.736164307781678 0.7097107438016871
10 0.8016820388043016 0.7255853101701456 0.7999504445972434 0.74243142684918 0.772258132291995 0.7395853665805555 0.7739897726437448 0.7227393023012832
9 0.8072539792547104 0.7319774783931491 0.8079111787985767 0.7289790352100733 0.8127437375295585 0.730038064128007 0.8120865398838077 0.7330365056590777
0 0.707624005627963 0.7355861489829955 0.7101860777826232 0.7346628783974325 0.7149686058245379 0.7479321616303695 0.7124065344104338 0.7488554307450789
10 0.8773678824135231 0.7412981344793438 0.8735643841340561 0.7421942364867835 0.8727380259605297 0.738687344979021 0.8765415212759535 0.7377912433353927
10 0.8729510807551151 0.7237940914624181 0.8775147027132562 0.7232048991535043 0.8782474999305805 0.7288799109091061 0.8736838780440621 0.7294691028449842
10 0.8468717280582041 0.7168945279282598 0.846793241383466 0.7193235035784493 0.8440371891564382 0.7192344614877817 0.8441156765388769 0.716805486570284
9 0.8884103326848845 0.7263247979828766 0.892524477333609 0.7242481903636661 0.8953456028284563 0.7298364633149736 0.8912314591358381 0.7319130694925217
0 0.8924865539543134 0.7239561329102422 0.8923902423804293 0.7198528372357003 0.8979126017206909 0.7197232378478063 0.8980089157259954 0.723826531030481
8 0.7019391382275444 0.8406941376656683 0.7146157049918429 0.8416380263061475 0.7126332799309694 0.8682564068173211 0.6999567135342204 0.8673125214588244