12 0 0 0.0575064 0 0.0575064 0.0941051015625 0 0.0941051015625
12 0.09477466630039544 0.9251761674514396 0.005843655283115368 0.9363257930695355 -0.012240461558008064 0.792099626787279 0.07668722948051254 0.7809502106332031
12 0 0.9257743703125 0.13999184166666667 0.9257743703125 0.13999184166666667 1 0 1
14 0.3022629654846014 0.9678164825113117 0.33073081240058855 0.8832597062147074 0.4204378802411384 0.913453630436772 0.3919713837578911 0.9980092591329498
14 0.40692872287706905 0.8217405371620781 0.35677421878858695 0.822872158126624 0.3551801579342282 0.7522171416625983 0.4053338110624054 0.7510855303131498
14 0.23073056700161487 0.3774691977698664 0.28697566941798414 0.4584185405558955 0.2270672397121416 0.500041183831492 0.17082258102072956 0.4190922370821427
14 0.5314523176947432 0.7610763213289898 0.46632688812530887 0.7543831196076021 0.4771035561241206 0.6495493215034137 0.5422275153874807 0.656242446815584
14 0.5306875157352806 0.6353988011325881 0.4562076816607714 0.6603997411805786 0.4244293143332243 0.5657380424579431 0.49890788956497545 0.5407373323508731
14 0.5008902834397304 0.5867159618914577 0.42876856530551777 0.5389332019768689 0.4834110668258518 0.45646526359428924 0.5555319723351886 0.5042476589265246
14 0.4026407669417722 0.28307463541434175 0.46536238867622615 0.263868395925951 0.5074908316011033 0.4014425377171384 0.4447692751263048 0.42064863336198827
14 0.45362541304041315 0.07775353791505468 0.4055474577661471 0.09716086323841412 0.36692075720873163 0.0014705686343120057 0.41499864419824917 -0.017936739472570216
7 0.5790089519387038 0.38930771337537434 0.5518379518828169 0.3901518843957755 0.5504435854126086 0.3452717528397273 0.5776144485267878 0.34442758395380024
7 0.6088657762486491 0.2766691650845643 0.6347754201325415 0.2734345096937604 0.6402702720541811 0.317447230394612 0.6143606293815083 0.3206818792859112
7 0.6717027910292472 0.2520634307438389 0.6683573227983288 0.20812501027904062 0.6940567593610467 0.2061682954888124 0.6974022637521102 0.25010667640862844
0 0.6878167768703634 0.21131887032328084 0.5994423529833739 0.21656721466785872 0.5924709254450136 0.09917530221297764 0.6808448488526437 0.09392697296854742
0 0.6885434518530928 0.34094863840820683 0.7832105317947935 0.29386317896007136 0.8592373207836772 0.44671166380516836 0.7645705610352707 0.4937966373742935
0 0.7718791157884652 0.48213881167525524 0.6847489899238326 0.6460045340331276 0.5415767062793293 0.5698823672495862 0.6287070270740287 0.40601880729703194
0 0.721337996277839 0.7026932669674361 0.6392955620556222 0.8364218407278484 0.5121436251324667 0.758425094172848 0.5941858834993354 0.6246987322210282
8 1.0000004146993433 0.8946844484375 0.9498699075228387 0.8946844484375 0.9498703232283106 0.8162231437499999 0.9999998108220325 0.8162231437499999
4 0.9402517430155513 0.45160428195256314 0.9468105807479787 0.44637265403080745 0.9626261621415324 0.4661992279796015 0.9560673327404174 0.47143084662223234
8 1.0000000001188027 0.4835280125 0.9996980790216412 0.4835280125 0.9996980792592467 0.47543978593749997 1 0.47543978593749997
8 1.0000000222813696 0.5504981921875001 0.9931636480072257 0.5504981921875001 0.9931636703349795 0.5107452828124999 1 0.5107452828124999
4 1.000001003536454 0.4297950359374999 0.9028163493316015 0.4297950359375 0.9028170849238677 0.2583513515625 1 0.2583513515625
4 0.2226392430428632 0.7861941408672105 0.2657454427082939 0.7458135984375012 0.34188464980798017 0.8270764457835833 0.29877898760832977 0.8674564326124505