8 0.11815635985897188 0.5498839289180054 0.10422125008699368 0.50157667885388 0.14448601156311724 0.4899625612745762 0.15842121608307025 0.5382696492429158
13 0.1316563525649599 0.43627565305154015 0.1506128963469564 0.4464745670607699 0.13183647530786402 0.4813717337215875 0.11287995112729732 0.4711728479306141
14 0.10232591969827354 0.45635060370132563 0.1199919442491364 0.4572929122006413 0.11495515793410505 0.5517135873652137 0.09728913394519623 0.5507712857028847
14 0.13689801074951902 0.22986021238620347 0.16716958652898484 0.21892185576832743 0.19966705683566488 0.3088558387314113 0.1693955030604002 0.31979415244891257
9 0.7922309230800693 0.7006873672385023 0.780222059973994 0.7035232608872173 0.7683410541109197 0.6532188323950466 0.780349793611208 0.6503829540115443
11 0.7906806769642571 0.6757498803493343 0.7972978905745549 0.6755129853238846 0.7982241421569825 0.7013823687744661 0.7916069285810181 0.7016192631569939
11 0.8796732764358239 0.6310519806582735 0.8672513035587599 0.6262619622636674 0.8836429627702955 0.5837584418161454 0.8960648409339456 0.5885484397675099
11 0.7223140412436351 0.5113991041810312 0.7696005556009595 0.5125465508002709 0.766369610593415 0.6456816096838542 0.7190830968954742 0.6445341765279113
11 0.862230013712292 0.4494473517549593 0.7316050685096798 0.42740879895593725 0.7704594935971727 0.19713195218189744 0.9010815244541845 0.21917025525663084
8 0.5371720389059647 0.7775594709962133 0.5363159328035181 0.8165506515925799 0.39081331656177554 0.8133550658934828 0.39167009584286916 0.77436457862578
13 0.0633212375145149 0.93099424448321 0.06361283132991957 0.9177389435525044 0.1344373679042974 0.9192960918770029 0.13414590912259428 0.9325512621971407
13 0.14414605248759926 0.8824625129401228 0.14338214783879266 0.8977432669242836 0.043867748558568564 0.8927688306590282 0.04463184793110031 0.8774882823226094
13 0.17299413260866459 0.8391275228361011 0.17330862793642154 0.8573265111610684 0.11386733216033917 0.8583532049626795 0.1135529790384453 0.8401543567182195
10 0.34901449759502157 0.9158350535444361 0.3462591977460079 0.9255986340359277 0.31525040884218924 0.9168500410458611 0.3180057352288941 0.9070865043159462
10 0.20657699404409868 0.934142317010002 0.2072577767551138 0.9032031673726674 0.3240493232792687 0.9057717938942947 0.32336905757358636 0.9367104350778279
11 0.3646972492589384 0.8528789441884272 0.36231742484790175 0.8941877447649635 0.17084196441203403 0.8831561595360936 0.17322277114021745 0.8418483998371229
10 0.2124083621729369 0.7952947955314973 0.2157490278032128 0.8363237017908187 0.009101088403554058 0.8531428809469859 0.005761569853461879 0.8121150499653677
8 0.2329211465754497 0.7708710156663977 0.23266406173354426 0.7825872755132455 0.03643729387181338 0.7782795002966646 0.036694643936584725 0.7665635070887851
14 0.696488730562919 0.8099667983353475 0.7012713057249584 0.8103456450355672 0.7005469996170177 0.8194874676393805 0.6957644245063648 0.8191086213704957
14 0.7373050124901965 0.7948397379854092 0.7237454908409973 0.792907646992944 0.7272686614148824 0.7681867698028281 0.7408281036289281 0.7701188550475688
14 0.6944706562776446 0.912826172104042 0.7143904184122221 0.9085180744699829 0.7216102966877997 0.9418926728512576 0.7016905411375092 0.9462007497063964
0 0.7184597052739718 0.8245409788660524 0.7283434356138514 0.8256039059984374 0.7267369381016806 0.840538936249494 0.7168532080866044 0.839476011141555
0 0.767944059447359 0.8600143910848159 0.7644510853308475 0.8597377044939968 0.764838632004853 0.8548463247450246 0.7683316016665458 0.8551230111585986
0 0.7714325136353182 0.8168385480668187 0.767799992085429 0.8164509889212795 0.7683300926769334 0.8114834783963513 0.7719626097633636 0.8118710373017276
11 0.7056443389125207 0.7716408112913912 0.7030455615882829 0.7678112282501738 0.7092011266770442 0.7636347761574734 0.7117999032293483 0.7674643558694425
11 0.7335181286666739 0.8374046135976276 0.7301731790897747 0.83375686956446 0.7355540806778436 0.8288236759944245 0.7388990275536571 0.8324714166484548
10 0.6893600800415243 0.8999408111845585 0.6930639324139065 0.9002341950004095 0.6925923387987041 0.9061863973485009 0.6888884864547435 0.905893013773616
10 0.6911143524338286 0.8777993272863378 0.6951078510346633 0.8781156578030085 0.6946267482798021 0.8841878813614592 0.6906332497095491 0.8838715511033651
10 0.7205221170868299 0.8997035409537167 0.7136829513166276 0.8990576471232984 0.7155379262840142 0.8794208698726406 0.7223770557160378 0.8800667619748789
10 0.7586073336156005 0.8652268555005546 0.7680574357455043 0.8625635686995777 0.772300716460677 0.8776164798503363 0.7628506165666522 0.8802797611239772
4 0.7140513746441002 0.7265391344826323 0.722258197799647 0.7310179479439961 0.7176719861333822 0.7394201858779058 0.7094651663395553 0.734941377201422
4 0.7258100400651983 0.7650029352436536 0.7202062891927881 0.7556856396997835 0.7287057439646105 0.750574664294585 0.7343094942565358 0.7598919491717209
4 0.7557306108654984 0.7638858717857075 0.7518236092431607 0.7637136386681508 0.7520669783677931 0.7581939931237529 0.755973974989729 0.7583662261308882
4 0.7478168595371244 0.7303400966963389 0.748078645205851 0.7255173540886946 0.7517091657263109 0.7257143927428399 0.7514473820991725 0.7305371334055326
4 0.7807463576517648 0.7212130652438091 0.7847339163607785 0.7201166096631443 0.7861842158869194 0.7253901796820651 0.7821966574390444 0.7264866346020171
4 0.7856644302914901 0.7474837080400625 0.7863597649586609 0.7417551951287547 0.790998196257533 0.7423181195151939 0.7903028649290036 0.7480466293905773