14 0.15238702354611178 0.4454330766358814 0.13480232142251225 0.44426189994352155 0.13643530520153035 0.4197452128625492 0.15401995045306194 0.4209163876519723
14 0.11662173992669977 0.32182125478334656 0.13391359204865694 0.3100067150240484 0.14587169378535236 0.32750814193679295 0.12857985182904486 0.3393226693085862
0 0.10682372420671982 0.2656095245907477 0.14272922144505173 0.2541634092217445 0.15745360974233336 0.3003515142760607 0.12154812326980391 0.31179760573987086
12 0.14301516461569008 0.24114736241080653 0.1351372275395306 0.24809770261715072 0.12544811042164383 0.23711565629902198 0.13332604258255287 0.23016531980712318
14 0.09311712885835277 0.19383230406558247 0.06838215247398693 0.1745949341792997 0.11473495766256292 0.11499602561267656 0.1394698855031038 0.13423336675444042
14 0.1819780679984433 0.187201170505238 0.14347404463171642 0.21581473642388208 0.11112000316700232 0.17227768812431798 0.14962394712767946 0.14366416570800689
14 0.19909012316554708 0.3306251385157879 0.17187106745382152 0.3042658970402488 0.22054215419416323 0.25400860866566355 0.24776112268477846 0.28036776883514236
14 0.21858996572871092 0.4947257970189587 0.22068678140146858 0.47745699957711035 0.23815580975735884 0.47957797602962965 0.23605901887242453 0.4968467509290642
12 0.26866568679940883 0.4236104344635482 0.2785661310379055 0.41829324670463225 0.28730049842704375 0.43455547758221014 0.2774000586340435 0.4398726589286484
14 0.28306964284138303 0.4064341137292604 0.31657441849108636 0.3978181609816318 0.33536174523510454 0.47087220058674695 0.3018569857630382 0.4794881099423752
14 0.29003816115346126 0.27691522593772705 0.32885981778815676 0.27292773062813414 0.3347205839044136 0.32998576223089054 0.29589892894512104 0.3339732469930598
0 0.26765460053093193 0.23840150140417696 0.24001088453690045 0.23426864951918833 0.2522294711295672 0.1525427637926096 0.2798730520995605 0.15667560535685904
0 0.2868537207184545 0.28583257520191074 0.2664418662011485 0.2801174232733141 0.27982470084418765 0.2323213391999576 0.30023648034955386 0.23803648004008918
0 0.36409283519446944 0.22853650408850132 0.39359437810549025 0.26091280057406774 0.3632280437029749 0.2885822305226879 0.33372655476250657 0.25620598620572255
0 0.37359311463103495 0.2443303080662749 0.3416279410998868 0.2296881542151178 0.3695994521551711 0.16862474973543773 0.4015645115105144 0.18326687332329145
12 0.3495596172749629 0.15915015805314 0.36769945801938775 0.15874812804036595 0.3684655220891955 0.1933130974030908 0.3503256813561393 0.19371512704279584
12 0.3911982989582157 0.16236254151047066 0.37617376911339306 0.15531831294436355 0.3884216612070759 0.12919516312526766 0.4034461744985265 0.13623938712790867
12 0.4450135027846045 0.34073105406869914 0.42308830978515743 0.33934883986716063 0.42701561692763335 0.27705527768171334 0.448940678777376 0.27843748767966836
0 0.4589766808923059 0.11924766909328116 0.425465522848981 0.11713499281686277 0.431542240697695 0.0207472597119931 0.46505331949242645 0.022859933264883947
13 0.1651638861289939 0.08659341025886647 0.1423259301715234 0.09358014868392736 0.11795290863335595 0.013910678222316356 0.14079083835315487 0.006923943972651654
13 0.2757993937212859 0.04639333249382136 0.30996251097542427 0.05782232942814735 0.2821741858201676 0.1408859152094867 0.24801107504492848 0.12945693245117068
12 0.28346016568445975 -0.000013196701769020806 0.2993307176922144 0.0026198703557174306 0.29563644826725977 0.024886714137048724 0.27976589627962767 0.02225364719063712
8 0.8857545121555859 0.4589301375377258 0.8974130470725186 0.4735673544981368 0.8718366562756046 0.49393747699241936 0.8601781586568222 0.47930029454882833
12 0.9108369818607116 0.36802972185636645 0.8862933558459645 0.3667720581107113 0.888481605536299 0.3240705410677594 0.9130251236991853 0.3253282020880066
12 0.8298200613730842 0.30484095220264623 0.8580330597841339 0.2951907845638959 0.8734721545215507 0.3403267923746427 0.8452591671037908 0.34997693737743557
12 0.775410550186507 0.24918364124458722 0.8163215882742634 0.23683601234559223 0.8385207300938191 0.3103861707368879 0.7976097098014634 0.32273375904606244
12 0.8622310835821736 0.22249972869342988 0.8151998156405398 0.26316500973178736 0.7534076183476373 0.19170026771657084 0.8004387188215105 0.15103510757472743
12 0.7275374139192081 0.09394981313546592 0.7387424363072341 0.18871122625262546 0.6814775371063888 0.19548234033486245 0.6702726446326324 0.10072104329291967
12 0.6329663397134482 0.25420910796740476 0.6313979529944618 0.22560812804689379 0.6606177436113967 0.2240058318416786 0.662186158909094 0.2526067815895774
12 0.7183214024695417 0.2832598508218529 0.7141115259264552 0.30038047997524553 0.690991238791753 0.2946954437415994 0.6952011272688878 0.277574832536824
11 0.6831207443588028 0.28239252416945676 0.6955793867558668 0.2722856135837248 0.7202214393041686 0.30266074590423103 0.7077628129388813 0.31276763879065655
10 0.9191780183995206 0.20525736092828195 0.904912134011056 0.20452633041156754 0.9071598817141648 0.160662947175755 0.9214257318897126 0.16139397682488188
10 0.7869440731190025 -1.934810603576209e-8 0.786944090680322 0.08259776092433005 0.7213648396970029 0.08259774403431233 0.7213648569780844 5.0503729609957794e-14
0 0.2975984914859282 0.9283796730923699 0.1595772762030947 0.9409040007272261 0.14409338760299306 0.7702745618177493 0.28210842799035163 0.7577505189352282
0 0.08448340918255326 0.4989703241580223 0.09902010553628315 0.49999999999999734 0.09745365176786436 0.5221130498383252 0.08291695559398704 0.5210833757700215
9 0.14842723760091303 0.9878299671458293 0.1506690887503055 0.9670908594255447 0.2100759513338062 0.9735105496748787 0.207834301912726 0.9942494727348453
9 0.4553336204911602 1.0006863936142554 0.41978908958878947 0.998169170095806 0.42488124308420083 0.9262912528751064 0.46042502364468874 0.9288084496919886
9 0.4658620915932943 0.8520629962578049 0.41559401519111816 0.848502701040727 0.4257222470758961 0.7055424024513134 0.47598865644386024 0.7091026392406903
13 0.10693556653347969 0.9020290594780065 0.07768930049030587 0.90289645462289 0.07627183377587698 0.8551076593589345 0.10551772378778423 0.8542402698139886
8 0.11724658087985063 0.7756861760248183 0.1074261004850996 0.8020105067137088 0.0804428399715107 0.791946009734564 0.09026335954638398 0.7656217694521227
8 0.2619013955588798 0.5254082746672597 0.2563781257674691 0.5138499816315494 0.30223251652978433 0.4919396031356415 0.30775579622991245 0.5034978504997276
13 0.10581162507457975 0.5536529315897144 0.09691527760764984 0.5430339729825471 0.11039189075984268 0.5317445607616454 0.11928822883817247 0.5423635039580376
13 0.1371536885178557 0.5366581645206862 0.1280982066479055 0.525619369309249 0.1441333598354504 0.512466330602088 0.1531888312558749 0.5235051074396725
4 0.07611715974621802 0.6170733819301637 0.05636767980683999 0.5781747622149859 0.15921417307663432 0.5259627579631948 0.17896371975052716 0.5648609972423558
7 0.159887213419438 0.5484684962044687 0.17511516221566126 0.5248160315595825 0.19442574223410247 0.5372475004452509 0.17919784451612486 0.5608999201400073
8 0.5397923875432526 0.9157839004106776 0.5758174273356401 0.9157839004106776 0.5758174273356401 1 0.5397923875432526 1
13 0.8753780109858553 0.8468207033192735 0.8932046316712103 0.988544504607875 0.7544110415207115 1.005994899898093 0.7365874922619469 0.8642738679827766
13 0.6764868955286829 0.5112686110049939 0.6919496030544678 0.5227061973215951 0.6703131672040854 0.5519543924332007 0.6548504885674902 0.5405168398087696
13 0.6532278838709544 0.5415008498292205 0.6344233321588035 0.5271596573419604 0.6621796702871734 0.4907678985530547 0.680984131270634 0.5051090390327991
7 0.7012386014577032 0.9183766830685475 0.6399249658754798 0.8998068918215439 0.6672751985823879 0.8095259548919924 0.728587411806302 0.8280955155304385