14 0.49778020622261465 0.7096370452200369 0.47649914387204717 0.7093827918524883 0.47688927539547876 0.6767398045319184 0.49817019072168023 0.6769940570197488
14 0.5301863282097656 0.5652790423405124 0.5079651486544208 0.5641060227092437 0.5098168024182996 0.529033597818109 0.532037852157714 0.5302066140156835
0 0.5329328105819968 0.5240587121426155 0.5003433378420823 0.522320275170695 0.5040998948960578 0.45190657338247864 0.5366890276692402 0.4536450012839756
12 0.5310362230607097 0.413889497707666 0.5410725207862015 0.42482081428592544 0.5272369873126763 0.4375228247967547 0.517200703313506 0.42659152151057006
14 0.5247767263317655 0.2865081474379505 0.5743225645018128 0.3310985531702447 0.527961481164084 0.3826099113894671 0.4784157906300379 0.3380196625091514
14 0.38559176090609526 0.44165698792988667 0.4249293954943596 0.4190171403235175 0.47652230070991664 0.5086561152260739 0.43718479146411937 0.5312957932233798
12 0.3291374705203225 0.6287729299340938 0.34201101266398837 0.6363570930509648 0.3292226144297956 0.6580616836492773 0.31634908615740187 0.6504775392501972
14 0.27803496515184634 0.5952681855192123 0.32266490842800977 0.6013246154811961 0.3093371655647843 0.699524850065701 0.2647072338676253 0.6934684791962289
14 0.32255863148668595 0.5008797485039843 0.2750264762042889 0.49140018470227104 0.2910547013706264 0.41103862297449506 0.3385863359644645 0.42051813356624546
0 0.36795640952482245 0.26229714205541693 0.4014285473799646 0.261683859823818 0.40361262929138775 0.3808847225116754 0.37014049151707695 0.38149800115319926
0 0.33144922717792724 0.36809655713849015 0.35638334210534595 0.36507679759152395 0.36507407220085497 0.4368326732691711 0.34013995967222854 0.4398524194582927
0 0.28949599762472644 0.38362766193081704 0.24488278779131178 0.4114436998850606 0.21303516363957442 0.3603663188453237 0.2576481401088131 0.33255037681184324
0 0.21897187078752722 0.25533753054984554 0.25913128084266646 0.24522295521825055 0.28324771672362203 0.3409737055685212 0.24308832354643073 0.35108823570564535
12 0.26106403999085614 0.23372829081313257 0.28306627433835274 0.23500191940378773 0.2801465911803689 0.28543914320818703 0.2581443570496731 0.28416551716229793
12 0.2238407704880956 0.18846393245481505 0.2427586960188819 0.1835556581890612 0.2533979600498242 0.22456199235346072 0.23448003696955766 0.22947026006378748
12 0.11783886147293288 0.37122859171135486 0.15655538705334493 0.3618719586249979 0.1797743526561817 0.45794430427342947 0.14105784759533435 0.4673008789609111
12 0.11243850465996275 0.2662508254203247 0.15126569660890254 0.2683220886062583 0.146138386730172 0.36443413810959147 0.10731119564559322 0.362362884566558
0 0.20785718511604045 0.14619113805810818 0.13735835961574594 0.15983891654603852 0.10714609231160921 0.0037742474431325594 0.1776446282216284 -0.009873500024837892
13 0.5552313191994926 0.09933513268459175 0.573668325762128 0.10663680280579263 0.5330236524770271 0.20926548543085355 0.5145866552386451 0.2019638346656251
14 0.5442266817226482 0.030122257480318878 0.558289540744795 0.027518710921296367 0.5679620018587457 0.07976373655110719 0.5538991432619014 0.08236728193329002
13 0.40979396088641806 0.23122225861240378 0.36777848440397065 0.23804067100530563 0.3473533187099065 0.11217999656812096 0.38936852296774305 0.10536160655435864
12 0.39110714573291716 0.06857302167011213 0.37240137970502474 0.07095111415141543 0.36477416161119436 0.010956399571939352 0.38347991380737767 0.008578307992813908
0 0.3731755163419166 0.005579839058962077 0.3708557878481997 0.02174745386531976 0.3547455342313697 0.019435955216097697 0.35706526313026643 0.0032683409449361777
0 0.7421593206269108 0.6423239094708248 0.7183532734824212 0.6409045030888729 0.722030165381625 0.5792458136190237 0.7458359397377308 0.5806652118483988
0 0.8441196809524172 0.003788406079535242 0.9160415384120597 0.015984606397663362 0.897491183371244 0.12537723840748607 0.8255693315034023 0.11318105199162244
8 0.8462351071733565 0.19311568253355543 0.8777201509162751 0.18871801771988017 0.8869608360029133 0.25487568824864115 0.8554757946028531 0.25927334296951854
0 0.8765991822308479 0.35244486774343853 0.9244706089888268 0.3542043881957637 0.9171520148231593 0.5533106581329623 0.8692805892959541 0.5515511619555541
8 0.8097437974056447 0.1330888516099958 0.837575680896407 0.12718482214409227 0.855239965942701 0.2104544588949356 0.8274080867073508 0.2163584750718521
8 0.8665626483325468 0.11619968607466427 0.8750459955408587 0.11615234390904992 0.8752356169865152 0.150130857044026 0.866752269778658 0.15017819917704078
8 0.8679676656392985 0.6470596330735212 0.8754858413250304 0.6472752849829841 0.8747404581571345 0.6732578278021136 0.8672222824952769 0.6730421764561809
8 0.7263141986770734 0.5200537618261959 0.717246934739137 0.5195243433261421 0.7188802728533119 0.49155299416369413 0.7279474977017344 0.49208241151876864
8 0.7830315194566992 0.5085245279017688 0.8472879747229172 0.5034919697812984 0.8633213883805411 0.7081876942717777 0.7990649453956848 0.7132201563308573
8 0.8411847439051598 0.5065973903779895 0.8502103319279968 0.5055556222822806 0.8532576135689851 0.5319542832103106 0.8442320259258622 0.5329960491176033
9 0.3284480531308418 0.8598143653405154 0.27581753677441156 0.8490211950825176 0.2980619823700863 0.7405765332653593 0.3506911281676821 0.7513695588785472
9 0.2454510206143823 0.9497198932242569 0.23694146075274602 0.711769976317979 0.4319988135675885 0.7047975338484798 0.4405140672794232 0.9427413072431987
9 0 0.7094488188976378 0.12880773634453782 0.7094488188976378 0.12880773634453782 0.9245336519685038 0 0.9245336519685038
11 -0.003782751952826402 0.9328503229285968 0.049332680965676445 0.9065126882008039 0.08481286161554635 0.9780466793988074 0.03169762871061721 1.0043840076076032
0 0.8869210184456051 0.986681452494117 0.8648422954281614 0.9797269406139683 0.8748309927591436 0.9480249531282935 0.8969095147134567 0.9549794309363685
8 0.8452038710737497 0.942062854213104 0.801803117270083 0.9572711874049213 0.7742034456734928 0.8785276836821373 0.8176032756301765 0.863319528241983
12 0.7554844402718572 0.7074738463114634 0.7998308353527364 0.709497576993193 0.7970904975582016 0.7695372990508137 0.7527441034720823 0.7675135820784109
0 0.7880987455968125 0.9403576830831785 0.8061139983212797 0.9453039534228722 0.7935407312826328 0.9910852722941257 0.7755254921481765 0.9861390364684587
8 0.8908578553881625 0.7229954419609431 0.9052143658020668 0.7218267387549505 0.9071415701887418 0.7454969286052319 0.8927850601505725 0.7466656287072053
11 0.8459678137772926 1.0032343096740928 0.8285238681440887 0.9998826042200192 0.8334041876892115 0.974490874459927 0.850848000921701 0.9778425668291512
12 0.8398078331429133 0.7540927582256558 0.863305057501293 0.7551650267644454 0.8606506242828118 0.8133224099028149 0.8371534004252226 0.8122501488213708
0 0.7508263166362212 0.8095312004249142 0.7554012550182279 0.8097399668642035 0.7537006578531873 0.8469993875031185 0.7491257195378012 0.8467906220472459
13 0.7554898063713154 0.9297277280473759 0.769938164359246 0.9305697007602141 0.7664635563837692 0.9901778770900765 0.7520151990473778 0.989335911741824
13 0.7522426462278418 0.9883465608981176 0.742528576906011 0.987871108890421 0.7453266705106216 0.9307206669685697 0.7550405766806989 0.931196114960629
4 0.8994247970381366 0.8875115223003416 0.8954442119481882 0.8873298813541943 0.8965582831855272 0.8629215724549156 0.900538842438209 0.8631032128114595
8 0.8862374222688914 0.9999999999999664 0.8862374324716029 0.9943527874041116 0.8945483135504446 0.9943528023622137 0.8945483104788536 1.0000000078218787