4 0 0.312936106870229 0.2305431730279898 0.312936106870229 0.2305431730279898 0.5089058524173028 0 0.5089058524173028
7 0 0 0.08852138804071247 0 0.08852138804071247 0.14409460050890585 0 0.14409460050890585
12 0.7054903210804468 0.42283659892152964 0.7063831503803613 0.37602717492512183 0.7726252370737257 0.3772905737726987 0.7717326003839844 0.4240998075600541
7 0.7004890805646937 0.45538750820710283 0.7046444474698319 0.4281112131358548 0.7344913353311995 0.43265792947425236 0.7303360307241746 0.45993416868292814
7 0.7317525876086393 0.4990854780459359 0.7201958142530884 0.4890400339295651 0.7378672809730915 0.46871138325112477 0.7494240272469597 0.47875680749863986
13 0.5140804234786174 0.49905239046884203 0.532380762124717 0.4759948988461884 0.5508961969926531 0.49068922394253806 0.5325959029141814 0.5137466744616764
13 0.57225922518478 0.47673831427861973 0.5824492386666407 0.4704894279878125 0.598219607555734 0.496204242337309 0.5880296047498632 0.5024531147002096
0 0.3754641499712079 0.46522311682209294 0.42750220294260544 0.40536478155190225 0.5196963318720691 0.48550909911221274 0.46765883417697296 0.5453669110258186
11 0.5047564796437882 0.2641119618320301 0.518857286268144 0.2532641491310374 0.5658512779396005 0.3143490183337386 0.5517505038338868 0.3251967942801384
11 0.559038713305199 0.33539249832259455 0.581358345527974 0.32272404162830803 0.608798319218181 0.3710667968586055 0.5864787149033646 0.3837352155918656
10 0.5923326797741311 0.24325977929924458 0.622216048027326 0.23086415590562373 0.6482036013362631 0.29351370176368463 0.6183202530703511 0.305909290999972
10 0.6119540687237759 0.326868442502414 0.6313558591153878 0.3107876752969985 0.6643847657232982 0.3506364196807699 0.644983014433933 0.36671714403616373
10 0.6137978059559828 0.4049382429424959 0.6305335349883308 0.3963264293718475 0.6499843949354727 0.43412419397766305 0.6332486816736491 0.44273598408111836
10 0.6685563453409031 0.3775606167523244 0.6552496857949563 0.37836740705135996 0.6542393695309556 0.3617043938457751 0.6675460041403767 0.3608976043045992
11 0.47545273845867086 0.13070008959391083 0.5113501596645165 0.1281899142337807 0.5158685076726215 0.19280527544365764 0.47997108687729906 0.19531544682011856
11 0.6429586995857335 0.4939192925972006 0.631054877891188 0.5147435755538978 0.6034348848376112 0.49895623859764504 0.6153387071376528 0.47813200554417956
7 0.527783176043954 0.21727904845770232 0.5488103798929842 0.21804854781683272 0.547294291717435 0.25947621871941084 0.5262670879407096 0.25870672051704535
7 0.6083281768017059 0.3845793778720652 0.5908232420234754 0.3844059914810425 0.5912764421715337 0.3386579217889421 0.6087812892794773 0.3388313077475343
7 0.6424336331381255 0.32060236763905514 0.6516977128186454 0.316793778532298 0.660477302316167 0.3381487196428173 0.6512132251248204 0.34195730434769317
7 0.6678574953410816 0.38161761097747876 0.6806049083891139 0.38228128139442125 0.678554229482188 0.4216676947865899 0.6658068165620534 0.4210040259695699
7 0.6223201077475551 0.4443673519695897 0.6032987974753041 0.44381475974212653 0.6046266916987406 0.3981107618634145 0.6236478913633619 0.3986633524920653
7 0.5674406437133257 0.509704517771862 0.5411169283322579 0.5069406563641492 0.5461523904218666 0.45898614544051286 0.5724759207799934 0.4617499970774853
11 0.5124054574931733 0.2501402402695811 0.5380017150099548 0.23635142042844634 0.5774474266939933 0.30957309603277783 0.551851203137403 0.32336186724396965
0 0.4119204376319203 0.21280390026714957 0.4736583295816672 0.17866436029807295 0.6134144487804178 0.43139207278675346 0.5516768908863696 0.4655311178022469
7 0.6371950661444998 0.49104173700647047 0.6169883345388598 0.4881525419708434 0.6213184234048867 0.4578707541637729 0.6415250676737969 0.46075994288968863
13 0.3495229955300374 0.19500732026878054 0.4636772260600992 0.1942528359212904 0.46519363588947726 0.42368134398922935 0.3510394054842436 0.4244358200537982
11 0.11472538150883338 0.5105758463686917 0.2545014997550652 0.6622439732433147 0.09547531102975881 0.8087792067543003 -0.044297262301256524 0.6571144379833598
9 0.278080163032314 0.7553554071830321 0.2834444921421664 0.9453904911786223 0.0009993308739240092 0.9533510797545243 -0.00435784617036461 0.7633226952987697
12 0.4477571281345263 0.6650988992830921 0.49454451588837856 0.7045133625873551 0.4286565525445667 0.782713544079863 0.3818695727454724 0.7432995238551832
12 0.48273552127398034 0.8955386147693561 0.4777439249228337 0.957774490410321 0.4091352724967692 0.9522725467618074 0.4141274165457389 0.8900372708452581
4 0.767144888627854 0.6236181652407015 0.7974711872229818 0.5545534628947644 0.9106139081969786 0.6042288780227798 0.8802885506114535 0.6732927817095742
4 0.6883314287531448 0.5089058524172984 0.7030205700204988 0.47458797599614766 0.802088383185378 0.516988400115631 0.7873995783851342 0.5513059919059926
7 0.5435891058496054 0.8617500018168187 0.488318159085793 0.8687623412587073 0.48049442507601725 0.8071062526447542 0.535764511853813 0.8000939683138248
7 0.6207224900834944 0.9800939523913974 0.5632952028087175 0.9879537698244566 0.5547988260802867 0.9258896633801207 0.6122250885291578 0.918029916860666