4 0 0 0.18558166 0 0.18558166 0.37419222705882355 0 0.37419222705882355
11 0 0.35618494705882353 0.21962375294117648 0.35618494705882353 0.21962375294117648 0.46 0 0.46
12 0.64 0.16420547294117646 0.6782363729411764 0.16420547294117646 0.6782363729411764 0.22222427058823527 0.64 0.22222427058823527
12 0.800033410628771 0.4027163498503058 0.7563450789169792 0.4380930941928884 0.6931242317930355 0.3600219492277065 0.7368122489934876 0.32464540484657783
7 0.6652337355022837 0.25474596993790377 0.6927952997203874 0.23555450986268756 0.7323958529186712 0.2924251485790962 0.7048343352987558 0.31161655341746397
7 0.7218356342884817 0.4206846219648923 0.7489081274248974 0.400421022207088 0.7847136064063989 0.4482551255564079 0.757641183138162 0.46851864548979955
7 0.8039446848493981 0.01613783288405503 0.8522956299144653 -0.014008239470615934 0.9045865325664408 0.06986053794406841 0.8562356050050539 0.10000659122277801
4 0.9175562921302571 0.004432427990469203 0.9440719111538556 0.006258027631533675 0.9397461880413402 0.0690862526258949 0.9132305690503699 0.06726065366723832
4 0.9466373626175937 0.4170531502300257 0.940928401315432 0.44821819856179734 0.8467223512943747 0.43096168406570506 0.852431460000048 0.39979682941176203
0 0.7233812719914567 0.017882775206981068 0.8126698346856074 0.013839040253582846 0.8230706042313614 0.24349455302497908 0.7337820426628241 0.24753826926290248
0 0.949304651362695 0.3608281789091136 0.9377653859713746 0.4065686491493456 0.8764404420749088 0.3910982642963547 0.8879798162780617 0.3453579584213299
8 1.0000001808033403 0.2087882152941177 0.9250868066046678 0.2087882152941177 0.9250869483159931 0.10946374470588233 0.9999999967445774 0.10946374470588234
7 0.9030857789674656 0.1965691727211383 0.9514742554189297 0.16401235802800276 1.01092915053448 0.252377744375511 0.9625407745745633 0.2849344400862947
13 0.8921987317743287 0.4476007134701329 0.8492326434387678 0.4841919794735443 0.7421894866793082 0.3585059991916622 0.7851550422020637 0.32191510862847544
12 0.11156651021337893 0.7520522144037298 0.18211205620502824 0.7455106921532075 0.19403577519653936 0.8740746012615731 0.12349024378886497 0.8806160191286294