8 0.6170175023529412 0.03084179294117647 0.64 0.03084179294117647 0.64 0.11396454588235296 0.6170175023529412 0.11396454588235296
11 0.9197948781384184 0.33980152072131314 0.7492724038922915 0.3464104088164042 0.7359667918295827 0.0030646715033294082 0.9064857039309118 -0.003544140898448482
0 0.2105431816331702 0.6353119850731042 0.35897426219094086 0.7592466245824736 0.09303330767454554 1.0776780855197325 -0.055391466422406666 0.953750151395391
8 0.044392043127118086 0.6799310449278346 -0.02165118747007 0.5042906022565449 0.32052115474664333 0.37564014348041164 0.3865665007941743 0.551274937893565
14 0.6429921415243598 0.4763648574999785 0.6303142129223716 0.5969982507884246 0.4500180460709089 0.5780497671516013 0.46269751594411446 0.45741816594013907
5 0.6400046961782664 1 0.3867931816869259 1 0.3868017335062177 0.6708681317647058 0.6399924958838028 0.6708681317647059
7 0.9032954424540094 0.4950301456664176 0.9298713027857275 0.4900123908397845 0.9408255031682984 0.5480252243527689 0.9142496496490367 0.5530429557428106
0 0.9162719348821611 0.6149936774886965 0.9035656840693491 0.6126388666576655 0.9187924670117127 0.5304861096331074 0.9314985376856839 0.532840903363963
12 0.7646158251608313 0.6120583810731787 0.7448812701637735 0.5838997395534845 0.8351426253010459 0.5206475540077112 0.8548771073283206 0.5488059310523029
12 0.6754464631235351 0.6775335963537986 0.658847593302653 0.6563613952117183 0.7482784816954791 0.586256738432821 0.7648772378798867 0.6074287057099826
8 0.7515596431618405 0.8816824281705662 0.7370613967984809 0.8314013008671215 0.8245212336722716 0.8061881110511795 0.8390198282228312 0.8564686480022311