4 0.6400118853637196 0.4600000000000001 0.2071894244000987 0.46 0.20719511705112836 0 0.6399999999999864 -4.969616689786745e-17
4 0.8056752819067015 0.22843293775539703 0.8103189622512446 0.1997600806996644 0.8601809387184858 0.20783529799120207 0.8555373126703216 0.23650810635137826
8 0.8203157215307328 0.4549594317782108 0.8264184559900514 0.4247418329024279 0.8631375231400398 0.4321571695092739 0.857034876259263 0.4623746914305094
8 0.700517777465393 0.3147404194993041 0.7396002229670557 0.32329746109890856 0.7302449843477916 0.3660240082747107 0.6911625450252359 0.35746698611132743
8 0.8929914751832939 0.2542124460909893 0.8912776385510597 0.2206844009276779 0.9512374926017628 0.21761947440060772 0.9529513974434849 0.2511474483624774
11 0.953797574175951 0.40950002894092785 0.9040475386889284 0.4042713301697355 0.908144164468581 0.36529571288551443 0.9578939740822534 0.37052439976633056
12 1.000000010105282 0.32430764 0.9850894710716602 0.32430764 0.985089486787615 0.30617971882352946 0.9999999999330385 0.30617971882352946
12 0.8450810282353132 0.18627734470583468 0.8621308433072272 0.1462061645183231 0.9394312424074087 0.1790962424345771 0.9223815371318551 0.21916732978466502
12 0.7751815551827121 0.19345021091984826 0.7664590130621036 0.2764408427914968 0.6426556396282876 0.2634285076258732 0.6513784974027885 0.18043822061637568
9 0.7700667235075116 0.21577203504379466 0.7726554997120729 0.19864591873040907 0.8058846336296028 0.20366874639472707 0.8032958779923547 0.2207948442839594
9 0.6918160041532246 0.34242187333806207 0.7081658042538947 0.3817826465697685 0.6769609382215549 0.3947440029036807 0.6606112258718895 0.3553833039279356
12 0.8339464956625307 0.4583117346272373 0.8116063914308143 0.4913406012263727 0.7236783678022221 0.4318709059064463 0.7460184261715312 0.3988422664892061
14 0.8581430470898113 0.4138365620653202 0.8734764464124964 0.3898758420069442 0.9107541011243256 0.41373007098283027 0.8954207783302763 0.4376907238194087
14 0.86645264032245 0.3031031960969354 0.8839847030546935 0.28532316293659676 0.9159484492553247 0.3168402389651671 0.8984164243258874 0.33462023452199674
14 0.8104451980437943 0.2871598731215424 0.8339910089430305 0.2655111657800878 0.8628522295437051 0.29690075643447184 0.8393064585892489 0.31854942232988714
0 0.3226299462315865 0.8493171221798934 0.35228095298214157 0.8543647997244659 0.33704011792815436 0.9438708611117615 0.30738912680158137 0.9388232461150042
8 0.33758535489016595 0.7151916663836437 0.25804940849616287 0.7152683322449385 0.2578795795965334 0.5374965199335688 0.3374128396009155 0.5374198553633504
12 0.171032017639277 0.45999921691383855 0.1710325281031828 0.5108097837915669 0.07838385038678553 0.5108102188659256 0.07838368823524888 0.4600000000000123
0 0.369606857287863 0.6045504087347046 0.3284251189263614 0.5916205259247191 0.3496620231690031 0.5239883689498989 0.39084329367062765 0.5369181727011152
8 0.0883331712616382 0.8404215520057751 0.10937269019029827 0.8400677074787553 0.11034286237054403 0.8977408465148701 0.08930334351441616 0.8980946883349283
7 0.4315755458823105 1.0000000000000266 0.43157563651868713 0.9825799077200023 0.4538860303982801 0.9825800152604695 0.45388599846410216 1.000000048850551
11 0.34986154479793186 0.7233612661462474 0.38202898956080844 0.7161325780433118 0.39564065135095916 0.7766940022811755 0.36347322362701107 0.7839226392659958
12 0.13758127873154535 0.6700703130085416 0.19434629135389514 0.6732899156056082 0.1894552761674504 0.7595106538631122 0.13269026622026558 0.7562910815247688
13 0.3427232914823435 0.4810181185516561 0.3462328193757003 0.4638861070723876 0.39213296588241064 0.47328815294115656 0.38862350469162266 0.49042010612210457
7 0.4979590127780966 0.7997637769286783 0.4758109157057788 0.8024229999692333 0.4709278491358191 0.7617599768887344 0.4930757320094017 0.7591007668790933
12 0.41014608497118843 0.8591369732148532 0.39408665224880224 0.8600874857741867 0.39017959538625746 0.7940871178935163 0.4062387642088652 0.7931366131098335
13 0.6120784083914259 0.7610020770612731 0.6392545729692074 0.7624674351964719 0.636590201193485 0.8118710351731216 0.6094140373376149 0.8104056857201495
11 0.5498153832771777 0.9170622575471594 0.5778590265160801 0.9054129499982203 0.6006663037021553 0.9603029789706996 0.5726227165292812 0.9719521875505075
11 0.424870809227059 0.7507977116536327 0.40977286456939055 0.7499836011968731 0.41225231292605713 0.7040106863892872 0.4273501040341898 0.7048247926995074
11 0.4359394282679432 0.5223746950525886 0.45602629038762643 0.5281341756379652 0.44624001521140144 0.562261932173351 0.426153160143258 0.556502468463575
4 0.43058566694708134 0.6760907346753061 0.4439859481441317 0.6784164469684634 0.4370486477483837 0.7183818954441414 0.4236483690940531 0.7160561931832272
4 0.45759909264984344 0.5871831777496354 0.4705278710606535 0.5903981244149792 0.4620796528485016 0.6243685289907437 0.4491508781633229 0.6211535927117418
12 0.45057019646071694 0.6207950546329944 0.46535891353414627 0.624131269797406 0.45897640254929684 0.6524200883175187 0.4441876885734928 0.649083882534316
12 0.4865042686101333 0.8742212969630058 0.45844250675656895 0.8746076286974545 0.45757630573223196 0.8116857809550446 0.48563761405330297 0.8112994523435647
4 0.47965619058822995 0.9018690800000023 0.49865067363464277 0.90058555074267 0.5013042837969124 0.9398453351561665 0.4823098014662719 0.9411288573290245
4 0.2159000072094841 0.9180378929299625 0.23693272181765224 0.9093008870231716 0.25390513475883836 0.950148118252269 0.23287245148037528 0.9588850691494591
8 0.36267354800554585 0.8933296378743611 0.37173227773905637 0.8938180557232192 0.3698677045040313 0.9283917915105973 0.3608089749592409 0.927903376009966
8 0.35618224480015215 0.962993794996986 0.3479153033813418 0.9616615145450964 0.3541604051097238 0.9229209349115227 0.3624272552265211 0.9242532078670616
8 0.4530272408237579 0.5822138912010254 0.46266918382173117 0.5858250017213684 0.44998791507657643 0.6196812612262973 0.4403459782877235 0.616070162670914
8 0.4808391515866788 0.49073795253572483 0.48835198297092575 0.4930316398953862 0.48260873248568714 0.511841872952839 0.4750959026048349 0.5095481890352187
13 0.3872205343201358 0.8117709987689348 0.4118253782685315 0.8185821392161263 0.39202063090283445 0.8901099965761861 0.36741581291914827 0.8832989218028033
7 0.47131638903510975 0.5541044426650148 0.4881736432134858 0.5580089012386412 0.47787157369054967 0.6024829821756124 0.46101432473335535 0.5985785392575453
7 0.40614800022990494 0.761044901753436 0.42124587243699807 0.7618589881340377 0.4193569863521134 0.7968834544227512 0.40425911442298457 0.7960693714319268
12 0 0.8222883082352941 0.014610810588235294 0.8222883082352941 0.014610810588235294 0.895888005882353 0 0.895888005882353
11 0.21247732383278617 0.9499531223888839 0.20667472823527078 0.9782742035293575 0.15228509372491317 0.9671333692206957 0.15808785748106402 0.9388125184516717
9 0.8325441777226388 0.9244962381741675 0.8980877591529861 0.9107358400627724 0.9109580910900377 0.9720234804301858 0.845414547861651 0.9857837540906338
9 0.7814112898154235 0.6325414130812977 0.7594430733755644 0.6932826868007265 0.6972124034225544 0.6707783403163158 0.7191808024493866 0.6100374624414627
9 0.8499723731132462 0.5920416427729577 0.8832026088047087 0.7762155026686718 0.6906119104899062 0.8109544761910802 0.6573859258661514 0.6267842570063337