8 0 0.24498667529411766 0.03709757058823529 0.24498667529411766 0.03709757058823529 0.3751763505882353 0 0.3751763505882353
8 0.0002532058823529412 0 0.09644951647058823 0 0.09644951647058823 0.04935561647058824 0.0002532058823529412 0.04935561647058824
14 0.13861689882352943 0 0.5085989694117647 0 0.5085989694117647 0.1492342211764706 0.13861689882352943 0.1492342211764706
9 0.9859830427637917 0.19337809902443445 0.9651087585372125 0.172581174833789 0.9818940011404038 0.1557336645205885 1.0027682721079145 0.17653057556499668
11 0.9771822420381113 0.2844470738088124 0.9594062498993026 0.32180266394341267 0.861764542197534 0.27533984841307857 0.8795405722630676 0.23798443070634712
11 0.6668166361672547 0.2977985645088716 0.6800288116629645 0.2159430374350479 0.8293814155700829 0.240049159458462 0.8161698119932908 0.3219041746845621
8 0.18639069413040943 0.6777293276627153 0.13087926518539916 0.7646361051579371 0.03445245612613235 0.7030518024359945 0.08996374109779026 0.616146065469612
4 0.3912561797201306 0.8508062224569551 0.39943147434053117 0.7730469559498883 0.4788888315532631 0.7813990719398543 0.47071437554438944 0.8591575714570359
4 0.27826796722604286 0.7320421880329141 0.2804982354648473 0.687042357330918 0.33021152976584744 0.6895058408514382 0.3279815151903449 0.7345054292654272
4 0.3184305016499138 0.9450995170847092 0.3310082566675874 0.982175030928491 0.27047353197269786 1.0027048002744612 0.25789619002750896 0.9656296367662888
0 0.3110416889087446 0.5902698599876282 0.31193659909502003 0.639274308371869 0.24803240995561282 0.6404408255391129 0.24713779784872258 0.5914366691773743
12 0.48251305801943545 0.5342515789451159 0.5673688220653048 0.5760463549425934 0.49393965020794894 0.7251113699487622 0.40908432246203574 0.6833172593736875
12 0.21766152943416728 0.5951118214377389 0.20743992695236102 0.6403971019179857 0.13779959971714106 0.6246795650605632 0.14802141196037155 0.579394581509837
13 0.19108133042868758 0.47832110712652726 0.18492639081739526 0.5358652053667385 0.09601301063150913 0.5263552063708707 0.1021682945640805 0.4688114974520431
12 1.0000014511992958 0.583639331764706 0.8310111033401881 0.5836393317647058 0.8310125204121732 0.46 0.9999994961323182 0.46
0 0.739280675333589 0.654179087899696 0.7439153492828154 0.6100905431360985 0.7943051058763331 0.6153869501441305 0.7896706667993385 0.659475279632194