11 0.1077663646332212 0.0065728512517689835 0.10895981230692087 0.02486794696309157 0.0897867538274113 0.026118665866255015 0.08859330708526159 0.00782357098756584
11 0.09154041943804714 0.050861755705537214 0.11162517803256833 0.04361958692576884 0.12177132486158371 0.07175794226741641 0.10168656727250891 0.07900010904752025
11 0.17117108129161807 0.2114459259597908 0.14862730391962486 0.2015482822070966 0.16004052302719174 0.17555283661401702 0.18258426759030044 0.18545047208697038
12 0.2338863258883066 0.04787160355663792 0.2224953347082419 0.07116592997562106 0.20314155309654325 0.06170188121355436 0.21453254511959585 0.03840755877393117
13 0.26587365195916846 0.0221697803425108 0.2840441067546635 0.036536085599100696 0.2578247930619 0.06969816120419653 0.23965434198896673 0.05533186015303199
0 0.8695399347247985 0.06383291639375624 0.9606702276538499 0.12046995323806643 0.8952478093746095 0.2257353329232007 0.8041176374673569 0.16909845388330502
9 0.9392026765311812 0.20558616674615035 0.9849584268952185 0.21208436509469833 0.9741945636479841 0.28787459962608 0.9284388172289937 0.2813764200022805
11 0.13672592747855106 0.5631361824545333 0.1528370316462997 0.4398488179273706 0.32857634792037516 0.4628118716765303 0.31246714251142294 0.5860975449893441
11 0.44998901997803387 0.6667726034783643 0.3655857513972478 0.5715658919860035 0.5097044227505876 0.44381394182277795 0.5941065685630065 0.5390191055795374
11 0.5576804261813777 0.6502370833936383 0.5811028228754367 0.7415581925027928 0.31630525353693884 0.8094581899617063 0.2928860835708065 0.7181398619785629
12 0.4167480780480446 0.5117020375277013 0.41555259221843244 0.5337563583418469 0.3669921157520548 0.5311241463620279 0.3681876816856402 0.5090699104514651
12 0.2870545642313118 0.623473051278187 0.28940610362224106 0.6695271861229274 0.19023376907307465 0.6745895639678414 0.18788270296931842 0.6285358801150915
12 0.05111791679985345 0.8163703032169696 0.060097369775576226 0.7685646403656572 0.1686889183125686 0.7889572589107285 0.15971019748189974 0.8367622795720338