13 0.21462069156177677 0.19770589949702846 0.17268266846838287 0.22934829853914174 0.0734080423052319 0.09777300875917512 0.11534587184451084 0.0661307171723179
12 0.37207268427107465 0.23455867777975004 0.3381666792482747 0.26521821068932055 0.22178398602784455 0.13651324034344328 0.2556897851042095 0.10585386955055075
12 0.4006372730679004 0.15059921608830468 0.455776173600384 0.11634458104888064 0.5448294767898005 0.2596902893750898 0.4896907372977921 0.2939447383895022
8 0.03582356970912315 0.5930811623199015 -0.024566811519889598 0.5658121886888057 0.0037260280998907547 0.5031608545008391 0.06411581756276519 0.5304296740773645
4 0.08624813943526988 0.6547113645509306 0.11854261681844491 0.6659707737840564 0.10424284586463273 0.7069799039145774 0.07194839312228396 0.6957205453516149
8 0.03420635318718723 0.8225119715166554 0.0777830395171577 0.8416845804492575 0.058715622064482886 0.8850125076944539 0.015139005986156917 0.8658400168646213
4 0.48710200609207277 0.5619262319693158 0.47772680871173634 0.572491597483252 0.4623308049364141 0.5588312169859349 0.4717059887217374 0.5482658701068028
4 0.3099626207954316 0.6073982381055126 0.34091284743317374 0.6078021967802038 0.3403153966107766 0.6535718469646405 0.3093651700086184 0.6531678900609923
7 0.3322314136305522 0.5259521906054501 0.367252245386112 0.531473771978015 0.3583890429025587 0.5876837672104614 0.3233682173320176 0.5821622124031443
13 0 0.7350533024911032 0.0319144298245614 0.7350533024911032 0.0319144298245614 0.7825838807829182 0 0.7825838807829182
11 0.07070530276428144 0.6512122893559094 0.055709298962142384 0.6746717744232081 0.029921460343757644 0.6581895118951084 0.04491745396921942 0.6347300985121842
12 0.136654760442525 0.6073952313462269 0.17209427262037025 0.6016337598003879 0.18166205188515505 0.6604793583387525 0.14622254768698895 0.6662407968033843
0 0.39625204041306006 0.7584652271834467 0.42422074628439077 0.7337927854580183 0.47504403775201354 0.7913958743142848 0.4470755441378742 0.8160680918973481
7 0.47124978075567014 0.8754583462780632 0.4428979041359753 0.8800670899507017 0.4322626168765282 0.8146543400421931 0.460614017894045 0.8100456358631878