12 0.0491110329668345 0.33459782769729046 0.056550479098518736 0.37710449719475664 0 0.38700130859370396 -0.007439295561425752 0.34449477170443416
12 0 0.425413869140625 0.0008438177083333334 0.425413869140625 0.0008438177083333334 0.43153265625 0 0.43153265625
10 0 0.09375 0.08333333333333333 0.09375 0.08333333333333333 0.109375 0 0.109375
10 0.02999174195292653 0.06580291765449571 0.03696566079634067 0.04405430916183055 0.08579522898673986 0.05971200149292426 0.0788213228481709 0.08146059904807268
10 0.1983899376800764 0.10494243642563213 0.19695450381357205 0.08864457298360909 0.293096621408381 0.08017682549167382 0.29453207520828073 0.09647466663895828
10 0.23399980901899653 0.21068602043041298 0.2377454479003518 0.22238598675682122 0.2166704540069304 0.22913284446610527 0.21292482529179324 0.21743288677931516
7 0.4152560189442056 0.013514948703888864 0.4194395127562984 0.048734085771707104 0.35401991726905635 0.0565049105284963 0.349836435971838 0.021285783213236018
7 0.3988372347643008 0.08230722906997624 0.4010528490305205 0.11592758621686981 0.3352094914768031 0.1202666565945514 0.3329939124569137 0.08664633080535392
7 0.5845789929538796 -2.0526308165034882e-10 0.5845789937858399 0.019531249737872146 0.5207724472068094 0.019531249076378703 0.5207724479763556 7.263166230363244e-11
11 0.266043873263925 -6.034799159568268e-10 0.2660438739426354 0.01764163172443004 0.20684569028867372 0.017641631016264307 0.20684569097625172 1.6441138195343045e-12
11 0.1748583189786359 0.05403262634198445 0.17225092156979827 0.018653095057355643 0.23698944289492374 0.013881999516795453 0.23959685119996266 0.04926151780271784
11 0.33128905324485913 0.05316166854585246 0.30790267758254686 0.09677918893851077 0.22891855283069162 0.0544303240130244 0.2523049337654584 0.010812832044513858
11 0.3263888888888889 0.1484375 0.375 0.1484375 0.375 0.171875 0.3263888888888889 0.171875
11 0.4235305320792122 0.14440011879754736 0.42420932815161905 0.1619578355838353 0.38177222581157366 0.16359844619929698 0.3810934477783121 0.1460407466904364
11 0.2515155512851379 0.24801452263419493 0.25759171355855415 0.19952396127030447 0.3281719945274517 0.2083679342147814 0.3220959641063246 0.2568583767479585
11 0.250157163207291 0.32210760686881057 0.256142805550553 0.2892672038132947 0.336672567307005 0.3039444357322746 0.33068707072925463 0.3367847094135789
11 0.15036599576524168 0.3768992435096929 0.13522672635019717 0.42439737170331104 0.0566551029950233 0.3993548008419212 0.07179449590148579 0.35185690397064057
11 0.1659093998314347 0.4375552020124774 0.162915327253927 0.4254339465186039 0.1829722936760163 0.42047994646873316 0.18596637712062147 0.43260118557269633
11 0.11654474661861514 0.47605688753802206 0.1170575948659689 0.4919930789588389 0.09768741853133633 0.4926163659498705 0.09717459374996906 0.4766801972656504
11 0.24983925812307461 0.573359019399696 0.24576318191452629 0.5571624752465935 0.26587787925711837 0.5521008251994288 0.26995397438702184 0.568297340618314
0 0.41067786514236104 0.18187870500485917 0.414732478024348 0.17083471822998866 0.43508656889127906 0.17830730446707663 0.43103196376023334 0.1893512846673665
0 0.497903995512047 0.2444675488212414 0.47083065765662013 0.3028045976600878 0.3083526787353321 0.2274015964668463 0.3354261405586385 0.16906487531965833
0 0.6328152953540211 0.22635085621726522 0.550008280418183 0.20353064056926962 0.5945295863384672 0.04198003633303155 0.6773359787043773 0.06480015402384835
0 0.6698101175505826 0.13181604918076645 0.6422080619049666 0.07389549265162368 0.800880630632264 -0.001719987283271175 0.8284827225513709 0.05620049099740039
0 0.7135201718749613 -1.144105107732548e-9 0.7135201734886323 0.02229146779314587 0.6445970370763234 0.022291466933707663 0.6445970381944335 1.2461313849640263e-14
13 0.5552678166291116 0.18154335976612482 0.4428879272782069 0.1480249902675083 0.4870023187290826 0.0001201818869738231 0.5993817829760246 0.0336384859079629
13 0.48644121514621474 0.1532601121276513 0.49952937506930084 0.16890677603480708 0.4719415451926352 0.1919832858496423 0.45885340104166517 0.1763366367187362
13 0.42693741840275834 -4.386872254093229e-12 0.4269374184125354 0.003846829095029378 0.408322918393651 0.0038468290870578258 0.4083229184028596 -5.524253089958218e-14
13 0.6311401961805814 -4.679565322288385e-11 0.6311401962498167 0.009135891597822103 0.6102108454267636 0.009135891540615343 0.6102108454861082 1.9408682681440577e-14
13 0.532105733753383 0.29110713387411163 0.5404223384517763 0.30394395659216333 0.5230374669977209 0.3152067811921501 0.5147208762552964 0.3023699707663142
13 0.5010247300534729 0.3404870098702035 0.5065207898351218 0.3561243922802397 0.47803457221812096 0.3661360059052875 0.47253854233372294 0.35049864884259574
13 0.4524162477648588 0.3627872633992392 0.4879201932758406 0.4285340796278128 0.32643727470269823 0.5157304591784037 0.29093428645830954 0.4499844638671569
13 0.4645032901240711 0.2775974984979019 0.4560685764971595 0.3380670065998763 0.3315468241264625 0.32069782507482203 0.3399818253661806 0.26022866735861616
13 0.6877037704638269 0.24139203421012936 0.7322014362769096 0.2682489749621459 0.6633782564672401 0.3822746262323624 0.6188807181284801 0.35541785454393293
0 0.5134210776278678 0.3526706256040433 0.5027307806601584 0.31466158541054906 0.5635902065062055 0.29754498803854035 0.574280575284547 0.3355539084393288
0 0.48125192709483144 0.47076785377594105 0.46113465862470093 0.4191496707626187 0.5622520992545788 0.3797430191802559 0.5823695127211295 0.4313608365371042
9 0.5094065856172847 0.5108740389945121 0.49884038889467774 0.4818356707114465 0.5736527188784066 0.4546155085824722 0.5842189923672549 0.483653707191255
9 0.5723745131194846 0.3135739821386937 0.6134606814916879 0.2832076322803132 0.6407203775685275 0.3200894050573039 0.5996342662765528 0.3504556880739503
9 0.7219972438066407 0.3748095607353331 0.7220305264528406 0.3581374839595742 0.7712633471888921 0.35823572325681313 0.7712301105395909 0.3749077540064241
9 0.7410875398946928 0.24428802736726213 0.7435523490241849 0.26378147258885387 0.713797161526486 0.2675437065355424 0.7113323775921572 0.24805028433614115
9 0.7398910551160043 0.26508096440518564 0.7379076104988371 0.2736707727998066 0.7214121883756661 0.2698619430484944 0.7233956370906753 0.26127214055333
9 0.7805676313449794 0.2603999871066613 0.7869604275225583 0.24363614497146685 0.8201642567422596 0.2562979788139808 0.8137714883501985 0.27306179733100266
9 0.7306796220318574 0.4090358820935234 0.726274419927222 0.41227095887047194 0.7205095402076722 0.40442131864568837 0.7249147386769437 0.40118624381544543
0 0.5998879767472545 0.2458520458071915 0.5863022511001645 0.26946242174694 0.5552045902778673 0.2515687167968441 0.5687903162005341 0.22795837264541177
13 0.7305344180224438 0.2082246580363624 0.7386189372682566 0.22328177984893038 0.6736433399028101 0.25816802311758064 0.6655588663568324 0.24311094056393476
13 0.5482405920138262 0.44095053320313765 0.5540121665555944 0.4337809836031575 0.564747617823059 0.442422643688008 0.5589760504698233 0.4495921866273486
13 0.6544027416650806 0.3717693545351835 0.6730747275639715 0.3927923459132299 0.6026929294959018 0.45529992899114585 0.5840210730148101 0.4342770613825146
13 0.5955334384575508 0.47715957343704535 0.6173216878676158 0.5017183714091908 0.5675041502188378 0.5459121769811669 0.545716033664462 0.5213535060951798
13 0.6858220127232926 0.3369563396333434 0.6943230627590538 0.34643308495581776 0.6607878199972674 0.3765144548870272 0.6522867941860113 0.3670377327800986
14 0.7532869981768044 0.33757721973207194 0.7604683709218989 0.34351355809567913 0.7440415496388368 0.3633848429028109 0.7368601843357965 0.3574485126985906
14 0.7080022335486547 0.43114851390786535 0.7218977184252253 0.4471454909415672 0.6987783186624483 0.4672264747586506 0.6848828692255893 0.45122953128580023
14 0.6557314406389878 0.5221099623419995 0.6523440185261506 0.5100063902021553 0.6826040902401473 0.5015381690945144 0.6859915303737125 0.5136417116130263
14 0.6924064284085034 0.46309841112090977 0.6993105481434441 0.4632983738513359 0.6989026110459235 0.4773822887004081 0.6919984913193957 0.47718232617187367
14 0.6913825862643534 0.47922388058647003 0.7097398954366554 0.48142379367400306 0.7076607581027474 0.4987720268427119 0.6893034494346466 0.496572116616138
14 0.6893349093315919 0.4973650341718182 0.6984104894377197 0.49754787132952616 0.6980905401690052 0.5134281289264518 0.6890149600693576 0.5132452919921867
14 0.7293283420066246 0.4031097980555688 0.7408462611874711 0.4093707864132397 0.7326118414973735 0.42451830383145767 0.721093927083416 0.41825732226563855
8 0.6855687451807171 0.3719522882796945 0.6877622996298669 0.3770377653118989 0.6794607519337887 0.3806183721075802 0.6772672005910181 0.3755328977107338
8 0.7129471066202768 0.40202114777679165 0.7209187885999881 0.4036448147958899 0.7197744129636021 0.409263049056018 0.7118027311547621 0.407639382612042
8 0.7163988231862959 0.23346114672519114 0.7341323524425434 0.199016968222099 0.7778777766155827 0.2215388979023672 0.7601443167150137 0.255983016777769
8 0.7021885890433168 0.3662517800039958 0.6767620747002638 0.31709439124447236 0.7866291194500263 0.26026754836669624 0.8120556777241745 0.30942465484087966