11 0.49076390206232645 0.11020762434562037 0.4917549866269155 0.08172083990191517 0.6170266293817122 0.08607905605956866 0.6160356001231548 0.11456578884222024
11 0.53498564168342 0.23207701427790275 0.5284211595393344 0.21203008944086593 0.6198695713138704 0.18208510061955502 0.6264340838318958 0.20213196174506315
11 0.6843741721237393 0.027232798410516627 0.6787326839034904 0.055457122561924144 0.5457959127851382 0.028885619612319398 0.5514374148316392 0.0006613062256681764
4 0.4174610746987355 0.5974842602410027 0.45301213178390753 0.5628039152390573 0.5549987762768751 0.6673388853312932 0.519448197968245 0.7020187454693684
9 0.5124595473590716 0.7528499881756051 0.4116249553489979 0.7831212708839871 0.3707009616028927 0.646818183205849 0.47153269867419567 0.6165473575951711
9 0.2548199016968056 0.4009996145658839 0.3637298118552508 0.3936053380417264 0.3758111889153497 0.5715396731109369 0.26690128776601796 0.5789338519704256
9 0.6685719534154941 0.7002050785955958 0.6424068198231225 0.7082019907471556 0.6235069940145195 0.6463717248454481 0.6496718010650966 0.6383748663800336
10 0.3902598257676573 0.3096884483830667 0.3956394881072356 0.30369716667447694 0.431448222848303 0.3358493587196504 0.4260685753298503 0.3418406262147771
8 0.8347731270202985 0.9976316255155461 0.8207848824624762 0.9939095916153823 0.8322191305427395 0.9509500769320912 0.8462072003965204 0.9546720863697004
14 0.8598275369621433 0.9448284467969765 0.877882190689661 0.9439752162277569 0.8804959797809033 0.9992681868846064 0.8624413265564499 1.0001214104535796
11 0.9630089076539434 1.0006722682432878 0.9493438273771062 0.9975083312556948 0.9694749233176481 0.9105874772214807 0.9831396649335602 0.9137513735790801
12 0.7833212744773164 0.9438991832769102 0.7664496389123769 0.942800765722395 0.7727307409079458 0.8463516058788539 0.7896019342973659 0.8474500090164342
12 0.8027790488376922 0.8205584887652487 0.7861923395948907 0.8185402329957274 0.7978055088220799 0.7231188080240811 0.8143918453426977 0.7251370407859545
12 0.8245991142032381 0.7184520780520401 0.7940995150854633 0.7194375892707964 0.7895804194614584 0.5795840384236666 0.8200791697586283 0.5785985409900863
12 0.7718040607611556 0.499094723725128 0.8061786497710273 0.5006876834225434 0.7973864643849993 0.6903959570453366 0.7630118771750176 0.68880302464938
12 0.8263734231603621 0.4221294149605663 0.7846922636796307 0.41970143552488914 0.7912455757100361 0.3072105897035422 0.8329262204819088 0.309638554216868
12 0.8696851342838272 0.30908671740232696 0.8846184878531176 0.3106397112449935 0.8807302548570988 0.34802716737346806 0.8657969017278901 0.34647417645715445
12 0.8639136611012646 0.4495281027809184 0.8729927843784253 0.4513988147604 0.8628821723884812 0.5004653167004431 0.8538030511434727 0.49859461151728013
11 0.8660683419553834 0.4359407975054626 0.8749695217148883 0.43678034624541084 0.8679194301820417 0.5115228511254097 0.8590182510598652 0.5106833069478389
10 0.7301444836557494 0.7951904119185508 0.7128162274593706 0.7958060916437837 0.7106092326991984 0.7336973067614594 0.7279372417845025 0.7330816313895262
10 0.7765935119565484 0.3096383251585585 0.7765937710579465 0.38243000893664036 0.7227864389371916 0.382430030874776 0.7227863855421219 0.3096385542168161