12 0.10622364910022952 0.5591259640102426 0.10622496591702202 0.4842894658176667 0.2475636484223287 0.48429119533306075 0.24756316779917142 0.5591268931116757
12 0.029567266179469698 0.5677542122378528 -0.020872605399063104 0.48188717445678175 0.19654670667659957 0.35417890793410645 0.24698656259499785 0.4400444431980641
12 0.16308532828657007 0.27389281154689404 0.19922707972352782 0.23704019586862898 0.2818927869191157 0.3181093551270646 0.2457512292858155 0.3549617785422271
12 0.18825930226000764 0.16257983385281474 0.17383551961722787 0.19784469367184954 0.12238035442692308 0.17679900120040043 0.13680415509725208 0.14153419230211686
10 0.1495761859985123 0.3241153659066049 0.12611037019416926 0.339202652434398 0.09546785511054168 0.2915445461553216 0.11893357840619956 0.27645729948587056
10 0.18517526676987472 0.24492501386881133 0.17513189191913625 0.2410884898565413 0.17986578225918493 0.22869619127647128 0.1899091484493738 0.23253271344445095
4 0.3231658463346321 0.23396463890346553 0.2856847260285349 0.25103419371020363 0.26610302544975184 0.20803747889621643 0.3035840427976382 0.19096795138772063
4 0.28113120607190467 0.38915036775866346 0.2735717842366512 0.40367404276612867 0.2569924198539866 0.3950450450729666 0.2645518437653891 0.3805213862252114
10 0.2793429002698531 0.02840493735761004 0.2874613098900909 0.03558837744850362 0.2778632510793386 0.04643567834497547 0.26974484201673476 0.03925223884227759
4 0.26318371570675936 0.4684163083060028 0.2908192714047573 0.47474258941475633 0.27005255276912976 0.5654521986476242 0.24241701285347972 0.5591259640102726
11 0.9439915372750644 0.015506293059125964 1 0.015506293059125964 1 0.08130340231362468 0.9439915372750644 0.08130340231362468
11 0.5497761427239993 0.531098274825725 0.5163299853031731 0.5518132705074874 0.49742193747044894 0.5212870246781869 0.5308679474294422 0.5005720889480719
11 0.6461017971619185 0.4053960758755821 0.6251481143822275 0.46297010913444675 0.49031740549128244 0.4139011274348657 0.511271320458377 0.35632760629130344
13 0.570679905586644 0.1868361370809336 0.5723624074684039 0.1311239590530706 0.6369310284322864 0.13307390064202082 0.6352486166493918 0.18878599173102437
13 0.6777312560863038 0.22147784758894967 0.6629052439142242 0.2440813073537695 0.6361285773324425 0.22651825798751704 0.6509545852846941 0.2039148225826022
13 0.5743100477243388 0.5400158514010412 0.5743660464888762 0.5143841198055504 0.6058062598193601 0.5144528008891738 0.6057503259550003 0.5400844675581405
0 0.685885463581485 0.29768599323196104 0.7728269547543505 0.25050220335876533 0.8486087785771588 0.3901345428246215 0.7616675722841819 0.4373179337244199
0 0.6247770339203953 0.4689832021517621 0.6056023584517334 0.5010484639260695 0.5246322600747817 0.4526320715374602 0.5438069252946889 0.4205670215010048
11 0.9847153207851989 0.4492839618444227 0.9883359987629774 0.5468430673551675 0.816563617883844 0.5532155804494577 0.8129442586804316 0.4556577291013146
13 0.6803275882565458 0.0180656112393346 0.6968681677813038 -0.0241940157117176 0.78544561504782 0.010475538348404785 0.7689050481378672 0.052735153387694945
13 0.6822846788360266 0.06628031224705665 0.6700065964525947 0.018795993023851126 0.733653258445429 0.0023387942089868564 0.7459313516184238 0.04982309742001422
11 0.44231074129800163 1.0000000349769205 0.4423119172179213 0.9036535682264618 0.5089976771721467 0.9036544566732689 0.508997429305964 0.999999999999999
4 0 0.7521853419023137 0.10091655398457584 0.7521853419023137 0.10091655398457584 0.9437134627249357 0 0.9437134627249357
12 0.46631700653404096 0.5738528330934531 0.4777094487751583 0.7412794273993105 0.24988804208578586 0.756774509247977 0.2384996951939229 0.589351750072128
0 0.7415785509400621 0.9527948265555964 0.7494658805910603 0.9038576826882976 0.8401756980091477 0.9184734980270146 0.83228908828562 0.9674100011270441
0 0.7759476528767664 0.8010293581353912 0.7646515533999718 0.7643925715517284 0.8578984995974679 0.7356468955750649 0.8691948323436236 0.7722832651206888
0 0.7930618659181619 0.6166571381250467 0.8008460041933176 0.6506179506320448 0.6620953831729821 0.682415553632447 0.65431179503355 0.6484552169388313
0 0.7257406864074483 0.5591252604931921 0.7257411099757292 0.5942998395414344 0.6178302995512013 0.5943003928541554 0.6178302098776385 0.5591261449144622
9 0.5544389769997906 0.7374339482314055 0.5547398855675283 0.7765473268685166 0.508997429305964 0.7768989640102695 0.5086967284580624 0.7377857920249001
11 0.7181844319214861 0.8049490945885593 0.7067717342011974 0.7751920163300342 0.7431788152247236 0.7612314574334095 0.754591569999775 0.7909883970553142
11 0.7107943387863997 0.7051745232717562 0.7384137693635466 0.6863774596133728 0.7578427374563717 0.714921092271728 0.730223364282665 0.7337180857015199
11 0.5580108047067824 0.573073787204976 0.5573473555933788 0.5914660067188192 0.5164126046756792 0.5899894376952317 0.5170761180042973 0.5715972848008348
11 0.5448528630679448 0.5712527573217654 0.5464877208328289 0.5554973897157154 0.5919043623365496 0.5602095337461352 0.590269572042871 0.5759648393878635
4 0.7392782132742468 0.6073121971684583 0.7416034597231373 0.5549103885058092 0.9031962850737045 0.5620791434196891 0.9008718242753275 0.6144802058194737
4 0.7072620451907596 0.7125446374597691 0.673906694485936 0.7682221388235075 0.6040008698101929 0.7263489815815565 0.6373561967104706 0.6706719750315433
4 0.7328699052530965 0.9038262716004355 0.7076849813140598 0.9550989779788365 0.5716580734530226 0.8882976637873714 0.5968432129174062 0.8370259942259296
4 0.5056622157165975 0.8343573199363441 0.5118690734548181 0.7913285781478673 0.6405702753540936 0.8098892262241986 0.6343641981449082 0.8529172661316327
9 0.5089974293058503 0.7395538496144494 0.5042784271458913 0.6929831325004752 0.5668235236215651 0.6866462958978771 0.5715428070740245 0.7332166984822421