4 0.12483232635509012 0.43621952272269376 0.16249910774581622 0.3424232394969621 0.26464373461851665 0.38344068978423046 0.22697771609944084 0.4772363255282188
4 0.2265544947319995 0.11733044085014946 0.29793510203683127 0.13812670962790638 0.25688900162697337 0.2790107600772152 0.18550843276932483 0.2582145839933272
4 0.28583119955249003 0.10691408400336715 0.24501624197648653 0.09506736359858176 0.26798575641032585 0.01593181939164211 0.30880064375890015 0.027778528000893067
11 0.03137479071790494 0.3396549765638293 -0.02218918599146491 0.3219267468193036 0.00998674795300758 0.2247140670988021 0.06355029558505976 0.2424422200134358
11 0.10787168831279814 0.24870993399597305 0.020891782548574156 0.21606576678137526 0.06673361212176587 0.09392291144492554 0.15371302046366964 0.12656697848956266
11 0.11499240740738514 -1.1942157543287896e-8 0.11499242634897655 0.0722535614323469 0.058185322556596475 0.07225355331517357 0.058185327635328576 -2.819015067281531e-14
11 0.20544843589743778 -1.481524098411076e-8 0.20544844610685686 0.06352382736460836 0.14183775844549018 0.06352381793344913 0.1418377692307331 4.969616689786745e-16
7 0.10973169634667101 0.2858448660424917 0.14336839061695628 0.3343755478584806 0.0952399525800729 0.36773219059592 0.061603415712625065 0.3192016496486951
9 0.9305564938400721 0.15895303802237135 0.8702457874888978 0.15958516214811566 0.8691901563732927 0.05885713515026441 0.9295006579626488 0.058225012108779624
14 0.51994301994302 0.4045414163498099 0.6207277108262108 0.4045414163498099 0.6207277108262108 0.5095057034220533 0.51994301994302 0.5095057034220533
14 0.7164014823574689 0.27030174133697826 0.7459887761691562 0.2326099869722942 0.821769193093246 0.29209483820395205 0.792182070292256 0.32978643618360853
4 0.6905511234440382 0.3518903816929296 0.6574953762510631 0.41641193730762094 0.5845504027104198 0.3790419833610201 0.6176061945189986 0.31452072131382636
12 0.8105000341880668 0.48338768441065755 0.8089189247073136 0.46554958192224016 0.8630253835813164 0.4607540470329774 0.8646065556594067 0.478592079088856
8 0.046833480989903364 0.5976996676744252 0.08663085407386006 0.6303122878358871 0.03399246887204299 0.6945387999328735 -0.0058046622564233985 0.6619264463852125
7 0 0.5324197167300381 0.02080924643874644 0.5324197167300381 0.02080924643874644 0.6001731178707225 0 0.6001731178707225
14 0.42146374206674864 0.574412917911762 0.38590761568775633 0.5645618388660559 0.40022628019698914 0.5128859179122556 0.43578210868918177 0.5227369533114518
0 0.6980148994807678 0.6167660738337105 0.6622496725051406 0.6064802032890937 0.6816438075301221 0.5390521716343112 0.7174086111494944 0.5493379768469695
0 0.6354855065900438 0.8280429900916346 0.6745013780811178 0.8422276544302686 0.6485523218700564 0.913585877433354 0.6095365223667386 0.899401355957168
0 0.8466000544632379 0.6019415091875192 0.87636418643865 0.609915835323786 0.8616825458648236 0.6647083711181665 0.8319184306870966 0.6567340885929397
0 0.9165216458756049 0.7732921021919005 0.8819108639970636 0.7743939923432589 0.8796467950553506 0.7032796691463066 0.9142570219729578 0.7021777878511998
0 0.8924719250147746 0.5772859178688938 0.9150203399153725 0.5837706771486157 0.9007264793469858 0.6334669619591733 0.8781780772778802 0.6269822335644927
11 0.7927665529002752 0.5414350198537178 0.8199166214890283 0.5477781820375307 0.7960887577502263 0.6497557457955359 0.7689387091415938 0.6434126438999932
11 0.7417888117037137 0.7616548830114777 0.7070110518614001 0.7516535459045746 0.7272040945117624 0.6814483264410257 0.7619813269483302 0.691449582787207
11 0.786383291792049 0.8612504335510968 0.7581973691005714 0.853145216639977 0.775168578982175 0.7941410777945824 0.803354087617322 0.8022462311219455
10 1.0105209251366887 0.7269236777828719 0.9949820149878406 0.7645757921877867 0.9324404274698281 0.7387690126516896 0.9479794381020383 0.7011171834169508
4 0.5969609560831941 0.5198770499100785 0.6305159762505355 0.5234929794045419 0.6140032206606065 0.6767118247640512 0.5804482083327684 0.6730959461237428
4 0.51994301994302 0.9212731330798478 0.5550136723646724 0.9212731330798478 0.5550136723646724 1 0.51994301994302 1