14 0.02118020036505186 0.48604140690006087 0.0348708431193927 0.47582587572096013 0.05689155701463733 0.5053354112884769 0.04320093880846798 0.5155509140390568
14 0.04487634188319589 0.4441916002356036 0.07667831256014779 0.4525250574725976 0.06601827023030182 0.4932030015204562 0.03421630894820282 0.4848695692577185
14 0.03422085194472402 0.47725652379456057 0.02126014768623463 0.47953171803707934 0.017927875309396768 0.460550525148658 0.03088854466398061 0.45827533404305687
14 0.07446594332168388 0.5000014106834465 0.0670957460072259 0.5116062525916567 0.04906741885770316 0.5001573726312075 0.05643761369731237 0.48855254957248023
14 0.07348149048743835 0.44982056641544954 0.09167554315411053 0.44990327939796954 0.09146413080463844 0.4964037310669897 0.07327007813921682 0.49632101836188347
14 0.09129507991360697 0.5084709784016941 0.07792363444571038 0.49124593656750365 0.10459698754459623 0.47054150634690556 0.11796841300247252 0.487766504704869
14 0.08805067175092063 0.4797324226709712 0.10044801108983847 0.45057493558768485 0.13898039591947509 0.4669572482726643 0.12658316024328542 0.49611464749400785
14 0.1068262741948729 0.5097192209637548 0.10682633345675185 0.48992264917778444 0.13536891661715345 0.48992273098790406 0.1353689004381522 0.5097192595399328
14 0.12705566675322189 0.4731104446159834 0.13995647057288352 0.464016261056995 0.16504345092607764 0.49960157876620903 0.15214267168084916 0.5086957329619974
14 0.16479817070990066 0.4766510279405239 0.1544439272327054 0.4805741113210308 0.1483529196600557 0.46449909812379114 0.15870714017455612 0.4605760195733769
14 0.1616393207909823 0.4697564871610354 0.18461945194860618 0.4561933934359524 0.21035497724858487 0.4997944151173812 0.18737488411272807 0.5133574579424965
14 0.22222972782481065 0.4837907874468088 0.20983812665861024 0.4862913328726397 0.20712803642015842 0.4728622057961539 0.2195196135543256 0.4703616628719868
12 0 0.22814342764578835 0.050060823974082076 0.22814342764578835 0.050060823974082076 0.2774605334773218 0 0.2774605334773218
12 -0.003986596157005806 0.09462654596782624 0.002540726783649916 0.06906337598643515 0.04394383811120406 0.0796352599000601 0.03741653215820406 0.10519841510044496
12 0.10541805177524566 0.0650408759505716 0.10565844024222315 0.11445292312460259 0.04426658825593677 0.11475154678556213 0.044026241010328704 0.06533954086563142
12 0.09163309032305733 0.021126720854616636 0.1334254285196721 0.01288703961660992 0.14581601658665022 0.075733088461531 0.10402367976348614 0.08397276576412871
12 0.17330439257568742 0.2208679002764224 0.15311878733359663 0.2622003787736037 0.11562299266620357 0.24388877105376572 0.13580860886918344 0.20255635596083346
12 0.20865704943309993 0.14592905898983818 0.22635265308554153 0.15544583650705732 0.20366488044783182 0.19763135527011502 0.18596928490546816 0.18811458968268868
12 0.19681363223094195 0.09869269117450515 0.1544867894951949 0.05287659769006976 0.2034268345048531 0.007663796468820362 0.24575365127782334 0.053479858641940485
4 0.10453935167129202 0.2476202602793115 0.10530111229525119 0.24008226737848262 0.11387986933050342 0.24094918790500758 0.11311811133214178 0.2484871783872803
4 0.21584304579801028 0.21914907866549 0.21870029716512818 0.2282381776197348 0.19095147218854436 0.23696114782191724 0.18809423158165828 0.22787205801849608
10 0.12376228807499956 0.16913276951048967 0.13832695736562073 0.1818366698176272 0.11795860249878842 0.20518816531824094 0.10339394368304511 0.19248427617057395
11 0.1579908228941349 -4.4284745693539885e-10 0.1579908233104561 0.016035485983351784 0.11494555788567595 0.0160354855500747 0.11494555831529851 -9.27765315774563e-15
10 0.04563427124685404 0.14978772537046417 0.04015341693730079 0.15377350673076357 0.031971306577020187 0.14252234505733233 0.037452158558267 0.13853656492170455
12 0.10598665908014482 0.2089517728282836 0.08258808977473109 0.2669264025880794 -0.021224321517706812 0.2250280732688775 0.002174322938685691 0.16705366578886624
4 0.6284049799625109 0.27840705978528385 0.5112388474685758 0.3750185744119555 0.32974797565725567 0.15491652732572658 0.44691260114882425 0.05830599583018692
12 0.7077049038877021 0.5097192224622553 0.7077070705834103 0.3718282135327683 0.8459701656307743 0.3718302701594892 0.8459692736474835 0.5097200262191628
12 0.8349501036717584 -2.496234040321028e-9 0.8349501250363573 0.04868059589937085 0.6425557753356088 0.048680591381341204 0.6425557878723112 1.4238054780484816e-9
7 0.9599662485755971 0.5097192634777072 0.9599666974169168 0.40470529529145965 1.0000001570513177 0.40470554427745986 1 0.5097192224622352
7 1.0000003458276296 0.2507127742980562 0.92414165727007 0.25071277429805616 0.9241420064842032 0.10145117170626348 1 0.10145117170626346
10 0.23511083153346135 1.000000000000006 0.23511254731056397 0.8579900576685621 0.2894174613446694 0.8579912645926416 0.28941684665187495 1.000000086045659
8 0.1248355010799136 0.509719222462203 0.28852152267818576 0.509719222462203 0.28852152267818576 0.5838266997840172 0.1248355010799136 0.5838266997840172
8 0.5013622732777776 0.7196396198040051 0.5867563248206125 0.6787968708316676 0.6320786403292686 0.7735416920988549 0.5466849012259445 0.8143839527033705
4 0.5825736107300372 0.9497382769702928 0.5413252997590234 0.9467364881043154 0.5446426470228971 0.901167809430751 0.5858904277955617 0.9041695789039043
4 0.8009862688202247 0.9117418355548647 0.833361055370915 0.9273420407044768 0.8078857986103003 0.9801959163172713 0.7755110960429192 0.9645958428451575
4 0.9332842138228443 0.9999999999999505 0.933284312423666 0.9850987343136174 0.9639923360965668 0.9850989159819739 0.9639923066952178 1.0000001123279123
4 0.9742862100173397 0.6427288301854807 0.970175439148079 0.6773236536286705 0.9281210879300943 0.6723269934885153 0.9322319848812413 0.6377323164147423
4 0.7131006057086324 0.6531267976113889 0.709301313300557 0.6224625163171431 0.7561684802990385 0.616656364803338 0.7599678922422299 0.6473205060061362
4 0.513494830452828 0.5097190616919611 0.5134949424611932 0.5348689418594315 0.4740465406360954 0.5348690234636262 0.4740465075593647 0.5097192224621552
0 0.4612692801219964 0.8600790628960469 0.5058164260145759 0.8663745951476947 0.497604829183274 0.9244658588927605 0.45305769351693925 0.9181703768362669
0 0.2894168466522678 0.7822094902807776 0.32899221058315337 0.7822094902807776 0.32899221058315337 0.8463823887688985 0.2894168466522678 0.8463823887688985
12 0.46138589472150215 0.7684276492667104 0.5037880456577568 0.7641824202715073 0.510317628263806 0.8293887437719994 0.46791548277087713 0.8336339388777764
12 0.68308617266905 0.628812023074706 0.6217432615175085 0.6240905510592132 0.6286293566082577 0.5346411687627154 0.6899712958543205 0.5393626031717521
12 0.2894168466522678 0.509719222462203 0.378937601511879 0.509719222462203 0.378937601511879 0.5676616339092873 0.2894168466522678 0.5676616339092873
12 0.2995156437559672 0.5839534430571163 0.3323174368031232 0.5935363769388149 0.3142568611996239 0.6553494990045727 0.28145509200828656 0.645766623131463
13 0.3657647792900889 0.7142810647252934 0.41888060426754237 0.7151106027613854 0.4175986375616958 0.7971818178661094 0.3644828127156643 0.7963522876612226