8 0.01986385672751112 0.2686130447347119 0.05174715164707777 0.2596461082406969 0.07358904756847551 0.33730626669868846 0.04170576621550026 0.34627316994553853
8 0.07990020898432704 0.999999999999954 0.0799017234846815 0.9226495678171281 0.16058651133232615 0.9226509921994416 0.16058591093246832 1.0000005174895747
8 0.6281787480468211 0.9999999999999756 0.6281788494580951 0.9818837675212199 0.654284901157439 0.9818839002898926 0.6542848710936369 1.0000000614030387
9 0.20182177884964858 0.5809747389384 0.23329424125040532 0.5838565584661883 0.21726863865376345 0.7588500621281803 0.1857961832034789 0.7559682944896422
9 0.17625745591476516 0.8341358818829594 0.19006753101371032 0.8318075138797636 0.20806189159463884 0.938511307559561 0.19425182500083338 0.9408396415120567
9 0.173222371003817 0.9784130095345789 0.15438314246307527 0.9627468569258824 0.18197087946828105 0.9295807243454531 0.20080996305614462 0.9452467795286399
9 0.13318403547066282 0.5381159550035525 0.11935208173258616 0.5405198111491882 0.11112390004836925 0.49317790983454374 0.12495575146567717 0.4907740627959214
9 0.12011056054689107 0.4844168454861088 0.1358850708644468 0.48198596352315526 0.14493393976454172 0.540701427173419 0.12915943202926883 0.5431322978384617
9 0.10942200774763933 0.5387177869869978 0.1255449334265677 0.5403603602244432 0.12180427859004794 0.5770738927305429 0.10568135368987441 0.5754313246418626
9 0.3424254980468504 0.9999999999999476 0.3424255440423849 0.9853553784626167 0.35479306097101926 0.9853554163673516 0.3547930423667367 1.0000000105474773
7 0 0.32351340277777774 0.02087008203125 0.32351340277777774 0.02087008203125 0.3847941423611111 0 0.3847941423611111
7 0.24183244289713457 0.6509910280175654 0.21861269042085496 0.6479680945823327 0.22614592534671374 0.5901116314259217 0.24936542959414965 0.5931345486948503
7 0.22099114183333768 0.8216693227839148 0.19838579476970608 0.8202041972792431 0.20211694453564633 0.7626503708686733 0.22472198104753716 0.7641154863432559
7 0.6235295173728446 0.9692480447323084 0.6015036887795304 0.9711448192114128 0.5987568380094217 0.9392553765854595 0.6207824637034491 0.937358610865449
14 0.25112976354671446 0.5302540635218606 0.2757845521040281 0.5281248232153986 0.2800098507422035 0.5770457241410262 0.25535506332039404 0.5791749556336374
14 0.2719128319736228 0.7183769658007368 0.2372673450036018 0.7225580909698591 0.22780385328064767 0.6441509608341682 0.26244877848989745 0.6399698699335099
14 0.20943603316686676 0.7334547774093672 0.25359372775938027 0.723604704438327 0.2716806871580957 0.8046740667807095 0.22752302408503056 0.8145240438053998
14 0.35552154022570903 0.6937910959797191 0.38427494029974696 0.6951459138177897 0.37733084057981614 0.8424956252142859 0.34857744216469655 0.8411408308249161
14 0.20243366940428587 0.9999999471865505 0.2024339148275658 0.9791666041312209 0.2633991379694862 0.9791671878612529 0.26339908398347234 1.0000003388110006
14 0.2861091747603268 0.9999999908557858 0.2861095399593978 0.9703726572297633 0.34170114628329884 0.9703732232860466 0.3417010284618982 1.0000003097839287
14 0.33246467923879663 0.9288776452477813 0.34763949104410585 0.9233059374334485 0.36536496172709576 0.9715690587786034 0.3501901712744484 0.9771407251649057
14 0.36164023970036396 0.9337316751140747 0.37217994329512294 0.9342664342007073 0.3694995801550931 0.9870797681101634 0.35895987686842545 0.9865450131567501
14 0.36518899838222296 0.989800654553573 0.3571426110095217 0.991993444226214 0.3500983074762871 0.9661519755031766 0.35814463402948604 0.9639591945876809
14 0.3664054370171925 1 0.35935999121090845 1 0.3593600009602369 0.9915862864583332 0.3664054287645513 0.9915862864583332
10 0.4962783998169016 0.9001123871339196 0.5063410028076305 0.8963201196213936 0.5252210840454836 0.9464047057461329 0.5151584960053697 0.9501969447159395
11 0.5527831865273356 0.9981483342607668 0.5153820520821455 1.0323350616811442 0.4510649293163169 0.9619903528000024 0.4884654777530386 0.9278041033858817
11 0.5549703526967278 1.0029406233190796 0.5131285308034421 0.9809566803422749 0.5685289608672974 0.875544140551485 0.6103696106118832 0.8975277075024597
11 0.5218131631298775 0.8939313708404957 0.4982676289544088 0.8467610582623846 0.5379667060246902 0.8269494126167831 0.5615122876168925 0.8741194501557012
0 0.36936469583417875 0.8934899596239141 0.40082749122166206 0.8852600417514174 0.41193828698692414 0.9277258228672736 0.38047551051408846 0.9359556906460933
0 0.4784405655648243 0.9552889597944766 0.47125677908525176 0.983689604422747 0.42420856831677156 0.9717921514402911 0.43139248708939704 0.9433917092113836
4 0.38011852503393584 1.001157583924785 0.3647691967129276 0.9999234378261965 0.36910437103483673 0.9460236208278927 0.38445345506465856 0.9472577570756243
7 0.4493389936033054 0.9463842184987764 0.4330145880762757 0.9385309336945611 0.4437486633245271 0.9162243411506161 0.46007297197718344 0.9240775984359278
7 0.39403239261139333 0.9999999986173791 0.39403244582138086 0.9827269388073577 0.4096495825065176 0.9827269937545114 0.4096495700455307 1.0000000127652586
8 0 0.830681078125 0.0692010888671875 0.830681078125 0.0692010888671875 1 0 1
8 0.13648590777870595 0.5332036963517559 0.2286599430735805 0.5614095203150162 0.13495237173071928 0.8675941847726689 0.04277875760556071 0.8393893254038047
14 0.22565190638249533 0.8819241409107914 0.2749383148116067 0.880079648367579 0.27817173349080804 0.9664574257191165 0.2288853262335806 0.9683018958341526
7 0.2311918656071157 0.9586002709968559 0.211901325141298 0.9602683373520797 0.20698760462630617 0.9034563991381204 0.22627783681389246 0.9017883461296153
14 0.3508881031277724 0.8302855359264486 0.3783659496416476 0.8315750259501531 0.3732856722666611 0.9398060615641282 0.34580782706075297 0.9385165903296163
10 0.43891529474683466 0.9034285495009168 0.40173102342384936 0.8970567902654877 0.41622643645473545 0.8124863347821518 0.45340989359158357 0.8188580228076788
8 0.6234888149689368 0.8922206573030146 0.652538655930698 0.8514991493176203 0.7026918513553255 0.8872689850323091 0.6736423888803529 0.9279901534489592