9 0.19015500103705563 0.02084513079558393 0.17726804388155415 0.06584806771697506 0.04211370913048995 0.02714548018550839 0.05500067331070113 -0.017857414864237215
9 0.17844899548094872 0.2320901607838667 0.12620954987687583 0.24645323580877193 0.1100729811500969 0.18776391733716621 0.162312239340622 0.17340086911230737
9 0.39224153174347975 0.29603372318441623 0.41760260287821893 0.21813754427411322 0.6305710780154641 0.28747273954148894 0.6052109261485157 0.36536813173460725
9 0.06830611954467258 0.5538731477788855 0.07573738207418046 0.5234566366415657 0.12807485017106046 0.5362423890739768 0.12064374517854048 0.5666587640485248
9 0.25958942292879783 0.6291834301151453 0.258984774018586 0.6576535224679873 0.19607912838148422 0.656317411135101 0.19668394874020123 0.627847493832457
9 0.5171917102131829 0.012960092326017218 0.5166090201923907 0.033456067156403355 0.4766812335880104 0.032320936985689115 0.47726392632966963 0.011824965176560391
9 0.6815738086123702 0.07928752957735394 0.6759231032827984 0.06004908172473084 0.70668095173653 0.0510149145272046 0.7123316606465551 0.07025335631823466
8 0.8592065589598405 0.22496826191911204 0.8183245790793308 0.17348291919640968 0.8932343226038029 0.11400134097319684 0.9341162407253023 0.16548655943535776
8 0.9269237185429802 0.2085231062533871 0.9767491058356654 0.21107909035202746 0.9750009687387546 0.24515609828937518 0.925175581661847 0.24260011719883495
8 0.9627885708237045 0.3798604215751429 0.9488593058141532 0.40120462272223956 0.9235488593931223 0.38468767840672496 0.9374781180555374 0.36334351464841713
8 0.9647506877744263 0.3825165308253177 0.961588273444363 0.3607650773938922 0.9880129664412607 0.35692338417149555 0.9911754077288606 0.3786748047967284
8 0.8675412873126334 0.4249411457162761 0.8675039403373148 0.40391464964888935 0.9183371874673867 0.40382433278598845 0.918374601898222 0.4248507607583135
8 0.782782292655952 0.5756337746962581 0.7788921167434637 0.5225717748956148 0.8702802289949432 0.5158722366021845 0.8741707763340401 0.5689338307075971
10 0.09775435235394525 0.6539644161339839 0.09438821151081811 0.7030378614232712 0.010528112848533056 0.697285837536504 0.013894645494474389 0.6482128180857596
10 0.39838324851825746 0.4777700678746786 0.5691374148415207 0.4862195629533496 0.565248384460574 0.5648059291141296 0.39449422174959636 0.5563564867959867
10 0.38885381631814653 0.5103974703060483 0.212648500342425 0.5844930867907694 0.10763314967539372 0.3347646484260714 0.28383348230318006 0.26067016418840094
10 0.3911496043168654 0.16655460612708065 0.4193750603706121 0.0691456333586366 0.603028640519824 0.1223610903089822 0.5748036600624573 0.21976966212681792
10 0.650932395298355 0.2509064775552324 0.6511955777731373 0.271179645993038 0.6139149551352148 0.27166356313422246 0.6136518030973548 0.2513904247476916
7 0.00020522904083009053 0.061400695585090675 0.013145929670827172 0.022257094650467168 0.08662895802092407 0.046550234782714285 0.07368828637413571 0.08569381127422172