11 0.20599710980104646 0.8415582410689688 0.16684421933064186 0.7652532089744569 0.2714554127895781 0.7115862345614749 0.3106084475824673 0.7878901894881907
11 0 0.870113037109375 0.021006680555555556 0.870113037109375 0.021006680555555556 0.95294401953125 0 0.95294401953125
9 0.1761364390036988 0.600333981346444 0.13537397122615857 0.4625318243714321 0.47693919205448765 0.3614990880172724 0.5177038273799326 0.4992978278554636
9 0.8327798034630405 0.20108703175896522 0.8435074345220528 0.28000307252300705 0.6643993133113781 0.3043491028487438 0.6536722815961866 0.2254335886776584
9 0.7281115178362825 0.41291647627382916 0.7647106532466523 0.34676752329870614 0.8940234700237397 0.4183106751902887 0.8574250596002457 0.48445900341058806
9 0.22662075125265346 0.7381878203779866 0.16944761568970534 0.6913139916907135 0.2510157823132886 0.591837828864976 0.3081880032502795 0.6387110577361056
9 0.2891955969683977 0.7187792405498139 0.2859240585672751 0.7418913566414231 0.2369503637589787 0.7349600189927905 0.24022200700119356 0.7118480294034117
9 0.15589176517755732 0.8726738316357187 0.08547985644429446 0.834454279264765 0.12664058770531028 0.758640859672179 0.19705127775284836 0.7968600037888729
9 0.11736141693211266 0.9999989672328472 0.11192285563276982 1.0183651114978198 0.014106321996564475 0.9894074047467732 0.019545049334055875 0.9710415387412684
9 0.6820886993109525 0.9284884526517924 0.682072226678315 0.9453621402623313 0.6432523619777157 0.9453241033034805 0.6432689279845363 0.9284505091980036
10 0.06889148188997751 0.9253143509891263 0.13532560242970249 0.8466001232221927 0.25536655272139797 0.9478880679807951 0.18893431216804402 1.0266005314897515
10 0.7390145203096381 0.6593162395422286 0.6584447391184085 0.5601613411266438 0.8280101729703802 0.4223917639238678 0.9085789807055562 0.5215448733445692
7 0 0.785435267578125 0.020833333333333332 0.785435267578125 0.020833333333333332 0.8350946142578125 0 0.8350946142578125
7 0.8462435216907807 0.38692994038580475 0.8221763841170286 0.3319210167669933 0.9035970725675497 0.29629961856157044 0.9276642857145134 0.3513082863034453
7 0.9746935107348236 0.5122814927774216 1.0014019330935753 0.5597583394049296 0.9297532649300138 0.60006049797636 0.9030452227424348 0.552583979666285
7 0.8394244444692731 0.7735938092924318 0.8182240331282173 0.7251431234126201 0.892257257605479 0.6927539428602949 0.9134578005265439 0.7412041886947411
7 0.751225420162541 0.9486423713235603 0.7325466300419521 0.9001162580782484 0.809450578531596 0.8705215798874016 0.8281295948954721 0.9190471372867162