10 0.1363740815111214 0.5676464052307165 0.1323905381809709 0.5807208963346415 0.05850318538227839 0.5582107936770021 0.06248677734311059 0.5451363894987403
10 0.25306865933339395 0.5040215056148918 0.23596218425143434 0.5027149959547954 0.2366025355520378 0.4943314922031645 0.25370898882636084 0.4956380010260179
7 0.04869965667114684 0.5153928250492859 0.04825880519865677 0.5409279254822869 -0.0003500439676145106 0.5400886599677573 0.00009090566129543731 0.5145536600036094
11 0.08335824920970936 0.5057962612161288 0.08295875702492594 0.489484107267407 0.12303389946009702 0.488502685793806 0.123433439880273 0.5048147902489128
11 0.03769305196192363 0.489600361671717 0.04008251378024852 0.4753784123457298 0.07603467349622406 0.48141835866068067 0.07364525490879714 0.4956402695796998
11 0.18335261772892864 0.5013587716371738 0.17440748990850352 0.4701756147351254 0.24502294243654887 0.44992033966970246 0.2539681686560016 0.4811033298396715
11 0.33399513602080333 0.4233494006846486 0.32484346737544456 0.45388433916088694 0.26738576608704534 0.4366644368044382 0.27653750307410974 0.40612961865566616
11 0.53710676221624 0.42358942509986397 0.5379945442862208 0.45895658545533413 0.4678500465529396 0.4607169673242854 0.46696243544840854 0.4253499728134167
11 0.510637863295301 0.3944867318370809 0.511007296574121 0.40234816162170856 0.4912661135556391 0.4032758013913166 0.49089669012914783 0.3954143810611774
11 0.5981585714699804 0.3965341317280072 0.5929967236905895 0.38703319531181707 0.6117520984477096 0.3768438869590302 0.6169139470894152 0.3863448113638586
11 0.5748678586464848 0.3068871433990465 0.5757899782364575 0.2953638355057067 0.5983222992376795 0.29716686504012935 0.5974001924809045 0.30869016093320534
0 0.06504972631057626 0.46984719581437107 0.06581433476640086 0.4606892812045713 0.08330766361473252 0.462149724640829 0.08254306740400352 0.47130762784384095
0 0.09302662469440293 0.4101128753056262 0.17224787928773821 0.384852879224304 0.19992552126313967 0.4716516104406849 0.12070433414373838 0.49691145081556093
13 0.013124906787766122 0.46225357048336 0.011819889469506961 0.45112057562891006 0.04552892478955073 0.4471694029785308 0.04683396467203238 0.45830237162648163
13 0.14683497608484686 0.3621447210935431 0.14876525425881937 0.3700826160808433 0.12419972178372518 0.37605600668157807 0.12226945666407119 0.3681181229654011
13 0.22606640162041458 0.3480539230546638 0.22544094519514601 0.3590538516595363 0.197405884009072 0.357459808970074 0.19803135601682698 0.3464598969835129
13 0.2684991749730443 0.357576101874024 0.26782515933655304 0.3123759143720648 0.4491426888158685 0.30967176289877324 0.44981711371224264 0.354871520586775
13 0.260944897885679 0.36932001649018137 0.27214206546489095 0.4250567040491324 0.17824961644146242 0.44391769805453163 0.1670528253541761 0.3881813388008339
13 0.0003740641008107559 0.3497286466268893 -0.006321104381981968 0.32414416488930925 0.12565245620692167 0.2896089346671092 0.1323477329749494 0.31519324539582944
0 0.12098128669572361 0.3665871540195464 0.1192171615348343 0.34274582081461435 0.1883922150085482 0.33762737496222334 0.19015642168983504 0.36146861866205365
0 0.21758547960075703 0.3209275498767331 0.21673267169353494 0.28610329424844805 0.3359140147998687 0.2831845558736673 0.33676700884780075 0.31800861771015176
9 0.2680613554194906 0.274446193343263 0.2688804487009975 0.2542911983053667 0.36503467052421 0.25819865981770534 0.36421565910882236 0.278353575478881
9 0.07308624729125768 0.3560972881061744 0.06814618681517004 0.33209444566912694 0.13067182510962994 0.3192263680092322 0.13561194286933187 0.34322912969668834
9 0.08143656266372545 0.26531562079819315 0.08245424307619942 0.2791361551775349 0.037181013710664956 0.2824697333885937 0.03616336115078411 0.2686492251096979
9 0.11687472526273268 0.25496006932300647 0.11859734959716661 0.2579919778262802 0.11026413496233545 0.26272652056142104 0.1085415119538311 0.2596946132039465
0 0.02907690104655103 0.39879332290505626 0.02472506043636713 0.3815322152860523 0.05836626614814122 0.3730510236974158 0.06271812983300151 0.3903120960119561
13 0.25703302676413387 0.28774609607018675 0.25751807091353385 0.28046941964766753 0.2692314303178591 0.2812501809291025 0.268746390094293 0.2885268536510258
13 0.12720591490824518 0.297156630023076 0.12497675410941156 0.2821101578166647 0.23959677705795457 0.2651291903954364 0.24182599903372193 0.28017558681358046
13 0.27671365158926164 0.2551470305623295 0.27440093076847916 0.23744854624218456 0.35554462385664465 0.22684530769051608 0.35785738971151204 0.24454373929558218
13 0.06699575563538929 0.3072044855490658 0.06608366037926316 0.300356997635181 0.12293833243302288 0.29278401524967695 0.1238504427707312 0.29963148523017824
14 0.02330368433399599 0.2880823811063073 0.022357597425070708 0.2833273970169534 0.054017411087215805 0.2770282588121881 0.05496350291650742 0.281783236324469
14 0.19094288381950264 0.2320459630202296 0.19298956433522108 0.24316267105359402 0.15340618099162384 0.2504501394000816 0.15135951908609968 0.23933344771965237
14 0.2454613948206088 0.21849837292569543 0.24640458710314306 0.2098276681177019 0.2783573070088323 0.21330339866076167 0.2774141247306261 0.22197409429555562
14 0.19560041564795938 0.23626620537901372 0.1939122907649562 0.23290559141107378 0.20905624991723926 0.2252985037921942 0.21074437512947952 0.22865911575230252
14 0.210646370745053 0.2289177166502235 0.20660534420062504 0.2200082464650019 0.22790534685748298 0.2103474451319726 0.231946375247162 0.21925690827607935
14 0.23203017817138516 0.2192420634359225 0.22978679731738794 0.21482027269092777 0.24855761646608698 0.2052970891359471 0.2508009977684651 0.2097188768426474
14 0.10846202779430314 0.2587363972922828 0.10666444449964274 0.25233415166598594 0.12751565453606872 0.2464797875698374 0.12931324104374653 0.2528820278015245
8 0.11604674211969268 0.2843942163180952 0.11651395985916224 0.28771160506814286 0.10479620290061575 0.2893618768514221 0.10432898706665128 0.28604448981455416
8 0.1170350005995715 0.26425279079399666 0.11542381117214973 0.26035104836745276 0.12213428478980859 0.25758007602244837 0.12374547461490693 0.26148181732138615
8 1.1823431123048067e-10 0.3202516633475939 -0.0019354025122311214 0.28786656503044294 0.07598466960985206 0.28320993066529015 0.07792018058182748 0.3155949137188488
8 0.7797525903953328 0.448616075421429 0.7921879878808795 0.44478142678222377 0.8106525565480069 0.5046562839608862 0.7982171667737248 0.5084909152572502
8 0.8201514449500564 0.38191356638165225 0.8414661447720846 0.37359580846222956 0.8625488757268158 0.4276188511215219 0.8412341920043218 0.43593657930321905
8 0.18161165748108488 0.9799350909311954 0.19015972839895312 0.9671963166003401 0.21997221671222178 0.9871954604395572 0.2114242231307344 0.9999341661995435
8 0.10992341030328134 0.9635430177468101 0.1180743941848732 0.9452051808381267 0.15456336269392068 0.961419613422525 0.14641250553893315 0.9797573426662489
8 0.23785826190157877 0.9570527545383961 0.22360074957055076 0.9728830082024986 0.20437311094019606 0.9555704084650862 0.21863057791006213 0.9397402144599484
8 0.27019115593270726 0.9467317087205046 0.29030341242059876 0.9356796576582324 0.30355863620752643 0.9597945988719667 0.28344641096680334 0.9708466057586806
3 0.0004761715877066308 0.9854456681426088 -0.001152824858763779 0.9543685872604517 0.036375984781898296 0.9524019625099335 0.0380051438812643 0.983478870614815
14 0.7655795915576391 0.9999996060350622 0.7655811796493026 0.9504008279384842 0.92707169635014 0.9504049402972858 0.9270712995798931 1.0000025177529444
14 0.7004175663713568 0.8096149793174349 0.7094383408650629 0.6637358257429312 0.8783105130472677 0.6741763683602531 0.8692926908826166 0.8200527433231019
14 0.8694472368762263 0.6569175921923357 0.980586379280453 0.6354711829712617 1.028388696093998 0.8831509613922892 0.9172497431002284 0.9045967379986973
14 0.8593446466957175 0.5892416374129549 0.8593448413308806 0.6121111322273232 0.7968631946984033 0.6121114179213135 0.7968631308068552 0.5892420537896973