9 0 0.30140143402777775 0.0538250478515625 0.30140143402777775 0.0538250478515625 0.45747353645833333 0 0.45747353645833333
9 0.12372296135731631 0.46202140930330104 0.08242287573909834 0.5205958190984415 0.014899068239856206 0.4729885508337387 0.056199047747441 0.41441449162181376
9 0.03432987375481389 0.5939089188869143 0.016849800087015865 0.6181334227797081 -0.01748004139449222 0.5933640660472832 0 0.5691396562500067
9 0.002187671979982042 0.7380810040133405 -0.006445160960311114 0.7365817540632097 0.0016039560035778777 0.690241824166308 0.010236702513793716 0.6917410664355744
9 0.16625936178252232 0.9480949926883252 0.1840015705965925 0.958039118714636 0.157074108783263 1.0060688715465371 0.1393319582393815 0.9961248269542785
11 0.19465834642448954 0.39238077604361815 0.10358262381816985 0.3604191931303734 0.15830708454416254 0.20448666572455296 0.24938155407028262 0.2364480071789885
11 0.22753865707750265 0.5512842419064579 0.31437096720515 0.49295024451816605 0.5199352955662562 0.798903415484202 0.43310477765737687 0.857235226484958
11 0.6175586903117392 0.12585966765779094 0.6804729583685685 0.12320637290585555 0.6991312766812143 0.5656155367469291 0.6362170145146138 0.5682687721451269
11 0.6610694316242416 0.06897813486108234 0.7213448390932626 0.06884221342770323 0.7223483571314091 0.5138499452153088 0.6620729496524973 0.5139858638155976
11 0.40791310110671475 0.1355163004395586 0.3962551425001948 0.18556666235809782 0.36073819264527174 0.17729392034365066 0.37239618101477845 0.1272436015064426
11 0.725297218125661 0.8401313974035854 0.7045865309970623 0.8955122366920716 0.6467227876656807 0.8738774467178396 0.6674336680291617 0.8184970519351513
11 0.4826167265488266 0.572482733056094 0.6259080886495667 0.5692584630716347 0.6346166439263925 0.956218186522936 0.49132528632355843 0.9594423109302221
11 0.42564371582034255 1.000000000000007 0.4256440609379979 0.9706386560025468 0.4750619680994532 0.9706391428779506 0.475061840819194 1.0000002694545405
11 0.3119138782368509 0.9999999984535389 0.311914033499761 0.9709840355984225 0.33766335476093445 0.9709841980691575 0.33766331182414433 1.0000000482589937
11 0.7897531138779641 0.4575880821519933 0.8315515503657025 0.45943266015295575 0.8170101838893515 0.7889078069703201 0.7752117509875234 0.7870632864569961
4 0.6834631679687391 1.0000000000000173 0.6834633345375778 0.9832621185210153 0.730890574016712 0.9832625189080331 0.7308905273429218 1.0000002800803356
4 0.9905447865166934 1.0051755962865048 0.9349716691606318 0.9999737949537857 0.9446741224777497 0.8963560747013157 1.0002455729404574 0.9015577974288239
11 0.08076847358279338 0.9095903654767727 0.10195620821639295 0.9069003260905002 0.10672071090971258 0.9444175856746723 0.08553297900073176 0.9471076106949404
0 0.96600988378907 -4.7348166261144296e-8 0.9660099322380802 0.10468002387989232 0.8477957347670326 0.10467997420937505 0.8477957841796524 -5.0323581004953024e-14
0 0.9753892229834946 0.6872383783420308 0.8778544793442506 0.7674562523012461 0.7457297059660277 0.6068278501973668 0.8432618697887619 0.5266116700351892
0 0.7722344003776698 0.8888881091650783 0.8069727412893144 0.8941240703556026 0.7963333563269543 0.9646936167207937 0.7615950270937901 0.9594577082343758
7 0.9735822171197697 0.534912876846306 0.9233173014395106 0.5228683096529718 0.9510195878682453 0.40726987637303913 1.001283707295329 0.4193143458758009
7 0.9210714580784725 0.25070607889627033 0.8719583653146401 0.24127007793083122 0.8962765905441756 0.1146993436971458 0.9453893826896547 0.12413531753147301
0 0.860414452559894 0.31533672670406665 0.8826328607423193 0.31641243839739985 0.8797300784877962 0.37636617628910346 0.8575116705491155 0.37529046800299115
7 0.11457132858663499 0.39181302425024084 0.07460272215530495 0.3908749379350995 0.07674507175181589 0.299607834038157 0.11671330731030594 0.3005459161027434
7 0.2548171017020877 0.4704776631123643 0.20910933978927915 0.46549387164395684 0.2195070027323709 0.3701417540803421 0.26521422401015116 0.37512551637590813
7 0.2115974875835036 0.6765693980850214 0.1683324044405481 0.6740306911444037 0.1734272632278362 0.5872195612248101 0.21669164077218284 0.58975824773825
7 0.25534244797063366 0.8624292298246704 0.2099864402731555 0.8607977039180618 0.21314861999542245 0.7729233689638865 0.258503647368002 0.774554877365877
7 0.17014689300958707 0.9999999989117513 0.1701471481636645 0.9733611027060454 0.21377142227561308 0.9733614801794764 0.2137713417962459 1.0000002014624998