11 0.7090465050084731 0.23579608924205386 0.670304768263918 0.23579608924205386 0.6703048231148614 0.19431020293398535 0.7090464545974555 0.19431020293398535
13 0.503509233851787 0.08711964622839756 0.4845778346980296 0.04544002905953301 0.6249833517614434 -0.018333895285011552 0.643914750016279 0.02334567079961202
0 0.5633191983534971 0.08243762328516677 0.5588378386245267 0.03420438329428369 0.706550182130286 0.02048037363130355 0.7110315923209782 0.06871354213181313
8 0.8661266178643245 0.1673943577833924 0.8730524662663584 0.15970250081220194 0.8923582165606376 0.17708549667758391 0.88543237359454 0.18477734841641638
8 0.7633454569844389 0.3345448353806596 0.7786401313587703 0.31755899432553614 0.7977557316951334 0.334770816106408 0.7824610805912471 0.3517566348361798
8 0.7090464547677262 0.35224321026894867 0.7757096124694377 0.35224321026894867 0.7757096124694377 0.5262901136919316 0.7090464547677262 0.5262901136919316
8 0.8988802282376582 0.30962507950036994 0.8976134793446136 0.2854540858504297 0.9252374386885549 0.2840064129050189 0.9265042161346173 0.3081773761650586
8 0.5284779607728751 0.6715642770198134 0.48201225168338624 0.723163730772454 0.4084644432805362 0.6569417116664996 0.45492976668367646 0.6053427683131012
13 0.17389973195327002 0.8996215916242174 0.1412777109273975 0.8141989345556789 0.27885713129421674 0.7616693783507628 0.311479821373041 0.8470904540901751
7 0.3055414487446342 0.7511185577932783 0.25990648229264934 0.7147439600355656 0.30253815242087967 0.6612676270744702 0.34817267964376697 0.6976419522410127
10 1.0000014798512211 0.9463717775061128 0.910462933998474 0.9463717775061125 0.9104639607685385 0.8434858215158926 1 0.8434858215158926
8 1.0222288083790545 0.7912012774546008 0.92858664333869 0.833118896048159 0.8729827846659646 0.7089214366234042 0.9666224730805197 0.667004455388834
8 0.7041619077066343 0.7809847869917047 0.709195618963804 0.6965090325979524 0.8047155017058003 0.7021997428256328 0.7996827505979809 0.7866745940446415
7 1.000000185123099 0.63351652200489 0.944005496855425 0.63351652200489 0.9440057766935297 0.5892420537897312 1 0.5892420537897312
7 0.8042525547593868 0.6512598138818154 0.8511423976667629 0.5963358028158808 0.9006756780341902 0.6386184047087609 0.8537862101170504 0.6935420621303621