0 0.289416846652216 -3.2568012255536415e-8 0.28941690223473415 0.10946584696671839 0.20037027788634987 0.10946581331847408 0.2003703106422563 2.4894460930654236e-8
11 0.2323981094298233 0.23002251799935716 0.23513145775257271 0.2448740108356317 0.1707939306603521 0.256714717329309 0.16806062311013648 0.2418632602592032
11 0.28755217402738253 0.2128215231105514 0.29443570565672417 0.23348954309989525 0.24966979080159035 0.24839862953292022 0.2427862990966787 0.2277306432369743
10 0.2634349618865599 0.2799982374538313 0.2752449618542414 0.3047900223015291 0.2232693877198244 0.32954867359710566 0.21145946485512468 0.3047569543159838
10 0.2894168601912952 0.2827529913606912 0.27330578808539485 0.2827529913606912 0.27330580116904457 0.2621287516198705 0.28941684555911706 0.2621287516198705
11 0.09502083409552142 0.33134647549932394 0.0738024568261153 0.3093748398256722 0.11335198759979903 0.2711823080058135 0.13457031334075964 0.2931538876566296
7 0.17855916473126854 0.2574902851857774 0.1922601203409613 0.2689474737389142 0.1696870056920261 0.2959406462099776 0.15598606577577812 0.2844834746982826
7 0.27676645621545504 0.25372649927544394 0.265128435157294 0.2448024132043823 0.2840773987679768 0.22009125893900944 0.2957154022648183 0.22901533485760853
11 0.23141944440862972 0.23123715728489214 0.239733682748124 0.2544728636335473 0.1732642558987436 0.2782564662993023 0.1649500925356051 0.25502082352880145
0 0.28814871203110215 0.14971814477777837 0.30770161556449693 0.20631805960482177 0.0999118908868013 0.27809893273939307 0.0803594671067458 0.22149942666551084
13 0.16425764816267474 0.05346188192499375 0.23339413032078937 0.12294804844853073 0.09596069067049484 0.2596885519498836 0.026824533318063004 0.19020270440656864
9 0.3951464611230904 0.5097192224621518 0.3951473618217278 0.45731517984311093 0.5406727652588188 0.4573171279642275 0.5406724277520425 0.5097206110562416
10 0.9388473234088224 0.4528398048591285 0.9427606321301027 0.4039556469716427 1.0039130854780751 0.4088508138664103 0.9999999886624664 0.4577347712222195
10 0.37365564400602125 0.43044210525875193 0.4513975841014144 0.431799004123716 0.45030106682497717 0.4946187153899419 0.37255912675868785 0.4932618225427509
9 0.8985759129872122 0.13329447554873816 0.9185835267600169 0.1751186774793547 0.875016558315906 0.19595975704317606 0.8550090037356313 0.15413560538761759
9 0.6382729480561693 0.12115910566949653 0.6685059239093789 0.12168681997407858 0.6677024948559165 0.16771533637575028 0.6374695190221473 0.16718762260909184
9 0.38118150322259226 -0.0007138427125391643 0.42437146927386493 0.00004004041152557903 0.42347979086923715 0.051124291763038426 0.3802898248291058 0.0503704087930216
4 0 0.509719222462203 0.2894168466522678 0.509719222462203 0.2894168466522678 0.6833110626349892 0 0.6833110626349892
11 0.28941816414999266 0.7521419460043196 0.22544079388296723 0.7521419460043196 0.2254418284796884 0.561344626349892 0.2894168424035115 0.561344626349892
0 0.9012198662503579 0.7171310908529557 0.9046600949980075 0.7633427882227016 0.7823130236021143 0.7724481442234836 0.7788734799028134 0.7262370877460549
7 0.9216275851904356 0.8387478217222143 0.9186097570049014 0.8082825291844811 0.9963369091736922 0.8005844674255385 0.9993550003109704 0.8310494603676035
7 0.6846822498631582 0.8474570387949354 0.6806896404874578 0.815882310995994 0.7805578313852948 0.8032564662461824 0.7845507792253557 0.8348307866484411
7 0.5633476909546289 0.7709097705866508 0.5603528744786672 0.7398300475349708 0.6664537337231877 0.7296077273143485 0.6694488862300432 0.760687066098152
7 0.37056510166269163 0.6477592353216932 0.37061084644471975 0.6155243685353059 0.4843459256753704 0.6156855093830004 0.4843005338577768 0.6479200169382874
4 0.4131271059784467 0.8909735110443296 0.4138395969703197 0.7862695620755749 0.6473351646424135 0.7878552139442434 0.6466257972282392 0.8925561417728891
0 0.2894168466522678 0.7309494384449244 0.3684143315334773 0.7309494384449244 0.3684143315334773 0.7907623822894168 0.2894168466522678 0.7907623822894168
0 0.606774975171902 0.5763933837349487 0.6345271713228158 0.6229114988821728 0.4910647947184543 0.7084868385248773 0.4633134567794741 0.6619694748354045
0 0.9667908829227372 0.691512498296567 0.9653389861758797 0.7305028120961558 0.8403064920295265 0.7258465671858673 0.8417588943207193 0.6868567805504453
11 1.0001794773247639 0.6195823206178972 1 0.6461643002159567 0.9230188322768527 0.6456440872743643 0.9231985053540939 0.6190623010365722