10 0.5168293527302694 0.0899834339329034 0.4256686224864552 0.1217239328638382 0.40699965230533053 0.06810539302550242 0.4981602709993922 0.03636491496900138
7 0.6012435470345281 0.04879688119355738 0.6030112435256569 0.07496853628150399 0.55555553397528 0.07817378746773634 0.553787850350318 0.05200214448309178
7 0.6710016636018281 0.03133893584767991 0.6648660463563374 0.04592027506467957 0.6246416423409755 0.028994425756200894 0.630777260603395 0.014413089396996903
0 0.9998405114960178 0.5102056476205591 1.0198307529508384 0.5751051821015554 0.8270526918325913 0.6344758407494973 0.8070637618997125 0.5695774050713772
11 1.0399099974194996 0.32884902947271016 1 0.4611573459657884 0.7801636528753306 0.3948452164838663 0.8200746578012286 0.2625383571669445
8 0.7090464547677262 0.4003867848410758 0.8503785696821516 0.4003867848410758 0.8503785696821516 0.5511954437652812 0.7090464547677262 0.5511954437652812
11 0.7090464861217924 1 0.6453591423700118 1 0.6453594267808285 0.9660293459657702 0.7090461232036205 0.9660293459657702
0 0.6579464693903674 0.9414288526203065 0.616065359252616 0.9647686561688291 0.5727127057913322 0.886995663542401 0.6145929896747475 0.8636561470555655
12 0.28368702992838735 0.5856960100989783 0.31461069100316763 0.6016764369974549 0.2678272641270496 0.6921957207897669 0.23690371018915357 0.6762154522633643
12 0.1785673930177154 0.6868251988981522 0.1455579973901422 0.6597883424894887 0.1881701430506837 0.6077700961214071 0.22117926236296626 0.6348067714919189
11 0.423041996332131 0.589241959754721 0.4230420452056478 0.6011970379104694 0.39371137893522246 0.6011971001873743 0.3937113618582089 0.58924205378971
11 0.3317423415759322 0.6452304670383198 0.3424883889247212 0.6610031402225057 0.3215685424836465 0.6752540606067365 0.31082254029252 0.659481427581174
7 0.2500536597347036 0.7009038296614774 0.2569093059989882 0.7206102315765537 0.2311108230555874 0.7295837659275901 0.22425524583161405 0.7098774225867462
7 0.5618866986573039 0.8392606694451977 0.5773893747752936 0.8324171133077206 0.5846663160333492 0.8488979914133544 0.5691636494157137 0.8557415316882022
7 0.5631699233784957 0.8002973402853945 0.5462256917381865 0.8003980076484822 0.5461185607541665 0.7823633562921676 0.5630627186017136 0.7822626891485421
7 0.53923808469699 0.7161675410426811 0.5545546125696319 0.71757003316217 0.5530434240105251 0.7340709951083186 0.537726896488607 0.7326685055564329
7 0.5005041055070478 0.7208580305044675 0.487247634926689 0.7184036231100396 0.490202337789583 0.7024476140491098 0.5034587628360896 0.7049020171149067
7 0.44969901194690465 0.6651012326779618 0.451263451492423 0.6799742527161583 0.4370436321444231 0.6814697554469518 0.4354792163454704 0.6665967572207345
8 0.3969768792354671 0.6613852049668942 0.4028711239761833 0.6470492675177505 0.4258348852428071 0.6564896101720461 0.41994068262579276 0.6708255119232913
7 0.326186703752569 0.6141772692540984 0.33524764387038886 0.6326890523255018 0.31111952592334546 0.6444975234924418 0.30205864164963714 0.6259857880509476
7 0.23340122098397842 0.6660613192000332 0.2160668517240083 0.6586155718963875 0.22811982390601315 0.6305589433228441 0.24545410128507683 0.6380046680054451
11 0.22125727581578758 0.747939271407406 0.23699624436119393 0.712186017365289 0.2740206335305402 0.7284819069056069 0.25828185671696247 0.7642349981377405
14 1.0000002216562507 0.6954971308068459 0.9694128802275372 0.6954971308068459 0.9694131604195491 0.6129839804400976 0.9999999987683168 0.6129839804400976
14 0.9071832667314084 0.6576235115873623 0.9908271420549681 0.6430577055805538 1.0072490073881681 0.7373466385535822 0.9236051734651483 0.751912295924659
14 0.9142809858074088 0.9146169485171813 0.8397434881961772 0.8919207794908601 0.8771827479948797 0.7689968968722867 0.9517179351505547 0.791692687497912
7 0.8332135328947743 0.730460261840303 0.8089930670196281 0.7590525901795595 0.7829753409793057 0.7370165738666072 0.8071957379669357 0.7084243544731563
7 0.7090464547677262 0.7076898374083129 0.7312917444987775 0.7076898374083129 0.7312917444987775 0.7470218361858191 0.7090464547677262 0.7470218361858191
0 0.8819359583920914 0.5892396871022866 0.8819371507290725 0.6539767613712705 0.7393081242349808 0.653978232944571 0.7393078092909491 0.5892420537896965