14 0.3042198795379818 0.14959000775640927 0.32404482213019037 0.14819804193543412 0.325720118965819 0.17205811897489937 0.305895176465242 0.1734500839774669
14 0.28913787378519373 0.26028268175102315 0.2719631965695726 0.2506220939394788 0.2963280462028024 0.2073068450640359 0.3135026753384409 0.21696741597507524
14 0.30600251605267204 0.2278933817320303 0.34467996344460516 0.23873042043615314 0.33016888540578293 0.2905194951587246 0.29149144750851974 0.27968247948222463
14 0.3192736403816525 0.2287362649709781 0.3049256306190955 0.22315386894377887 0.3132853437504082 0.20166786583875662 0.32763333438151676 0.20725025773916597
14 0.290544135389041 0.2911367633735495 0.2775147588215532 0.28666011712610856 0.2882476807690182 0.2554224978466795 0.30127702474146645 0.2598991380101407
14 0.27311339494053755 0.28686785837708084 0.2812917960707182 0.286160131302747 0.28293071419477656 0.3050987574876315 0.2747523131441767 0.30580648395563925
14 0.2931949124528046 0.31585179040655087 0.29470036310033265 0.2861962709491356 0.3360037954055315 0.28829295669521326 0.3344984038201346 0.317948419682089
14 0.28159954017382915 0.3149953785422332 0.30260615814825087 0.30548860565692815 0.3213954185715693 0.34700492339673894 0.30038881417760877 0.35651167432742115
14 0.3238188508410076 0.38454167136862744 0.29438765591783067 0.3782593767767102 0.3081532129772313 0.31377375155075105 0.33758420599156125 0.320056023685393
14 0.30160959766169526 0.38750166919364426 0.28302782563866913 0.3922216135503232 0.271423959586059 0.3465405025775172 0.2900056386125698 0.3418205705782559
14 0.293029176438381 0.4077571172080321 0.25236516201277936 0.4184447254002766 0.23507574777192985 0.3526646514410537 0.2757394574857699 0.3419770853993522
14 0.2800589440686281 0.41851887622281114 0.2728075134577921 0.45574833062587156 0.23318857198421483 0.44803182418029736 0.24044007700786096 0.41080246830267086
14 0.3133113219049619 0.37800490195376996 0.32850387528083047 0.38968787018449375 0.2954094683752828 0.4327217246160036 0.280216949307146 0.421038795467482
14 0.3121688187741256 0.41176334563757433 0.3267839927635805 0.4132792292117991 0.32478154395369074 0.4325845135778819 0.3101663702575479 0.43106863189532973
14 0.31476662743421 0.4353273429373106 0.33983305801143615 0.45844459856461284 0.3014612096528708 0.5000489653331736 0.27639486794009827 0.4769318023649936
14 0.30213614779972886 0.5124481981267144 0.2746312874795649 0.5380810584638925 0.2342426491563856 0.4947460438765259 0.261747370734156 0.4691133014410382
14 0.31693122526621664 0.5267156107316755 0.30544202522230535 0.5263666497713919 0.3061058775872425 0.5045124171166117 0.31759503820751434 0.5048613774778267
10 0.23671088807441265 0.3410532462323863 0.21249993722233285 0.31259819257378624 0.243738388187694 0.2860198164334383 0.2679493033459721 0.31447481452361303
10 0.2628454373457316 0.27641642680517636 0.2539537602291375 0.2756761230420848 0.2552652360648153 0.25992460371602594 0.26415690173666917 0.260664906999567
10 0.2216257540294464 0.1557370875482736 0.23045842304861708 0.15185127447275368 0.24203236788196136 0.17815928096312458 0.2331997005866242 0.18204509118638482
10 0.1860377384110734 0.14673015868646466 0.19252609365901208 0.15305766861173214 0.1736200694164154 0.17244412956815794 0.16713171828314444 0.1661166238040529
10 0.11581116136551373 0.09470418608646013 0.14496989754047718 0.06755897344039767 0.17653191369208798 0.10146205283801721 0.14737319517848846 0.12860724696531411
10 0.15816023760442022 0.31618668407942424 0.16610674674188886 0.3174852211513241 0.16080166448284672 0.3499490500519994 0.1528551558642448 0.3486505151504739
10 0.11673746770122762 0.37455526133131745 0.10734222519545256 0.37356943325585923 0.11160433751717846 0.33295200296173655 0.12099953908352745 0.333937828873885
10 0.15088684302440925 0.435282348975634 0.15705025522515825 0.434407386991353 0.16109000480344093 0.4628624928455179 0.15492659296762668 0.46373745310824876
4 0.017734814508230556 0.11194678302202675 0.03490748484171036 0.10872692268027148 0.040312899899390686 0.1375558131021394 0.023140230030094244 0.14077567165442906
4 0.0407649094528324 0.19132658541968925 0.023403641053050706 0.1922536952809881 0.021409990515053323 0.1549201381728448 0.038771224199990684 0.15399302925017708
4 0.048701217773441385 0.16196044965277792 0.07390443524627699 0.16168992206428587 0.07429283279611809 0.19787394240853676 0.049089615330558445 0.198144469727901
4 0.09406386623879825 0.3584560275909072 0.07555456962927565 0.36794246438889777 0.052970934341942666 0.32388029616435204 0.07148015179416234 0.3143938838736398
4 0.11523089936281394 0.38787530181928337 0.1309751727984576 0.38554509632197886 0.13894864914254867 0.43941600094202615 0.12320437747928281 0.441746198446711
8 0.1429428352338391 0.49889990057760303 0.13210636410917687 0.48891809659595414 0.14405777246088292 0.4759443385416629 0.1548942277684091 0.48592612940617674
8 0.09807243027444201 0.3901549644295659 0.11168812117875859 0.38792779550434586 0.11764080226396345 0.42431742290729074 0.10402511256654634 0.42654458672183293
8 0.09651559349356376 0.35168100913150524 0.10735793649041625 0.3515406248904526 0.10780914775250494 0.3863877609332086 0.0969668047612231 0.38652814489901494
8 0.07110451080791336 0.28592672930629137 0.08392442531226152 0.28619046616852456 0.08291763811791952 0.3351277310433865 0.07009772363289812 0.3348639947916677
12 0.536818258879407 0.24546252020558307 0.4823414499029468 0.24346571336544529 0.490454053822873 0.022146165733665204 0.5449304333690179 0.02414296544736364
12 0.4945605738627137 0.09440179715206727 0.47775413538840894 0.0885244859711583 0.485845628025686 0.065386555665716 0.5026520572947675 0.07126386508503763
12 0.48478157795568677 0.051285730887657546 0.4951320826010033 0.05221004192474131 0.493632636268444 0.06900093713042417 0.4832821316421132 0.06807662623790756
12 0.4781506577170376 0.00004992492773951142 0.4859060385316525 -0.003800005594242746 0.49556095999662375 0.015649070645107857 0.4878055792869418 0.019499001057744828
12 0.6201446534474826 0.07414573271468759 0.6452814750582547 0.08290525316778957 0.6247070440870175 0.14194662083371315 0.5995702267890692 0.13318710932831
12 0.6560722788452722 0.15183566376825253 0.680163093885426 0.15504492303814735 0.6706164515039745 0.22670759295854526 0.6465256377316564 0.22349834033257404
12 0.6816692063017626 0.3314596369061751 0.6387419687714555 0.3298606828069802 0.6425045861652734 0.22885380939743474 0.6854314451244363 0.2304527563302881
12 0.7210818059785424 0.30633352226857596 0.7444731659018089 0.3674286312409981 0.6848832403197775 0.3902426147723863 0.6614921224687578 0.32914771003837784
12 0.5465818280284793 0.43419471049851854 0.5036369835547703 0.4229159046054881 0.5207348469295994 0.3578183825963753 0.5636793556077464 0.36909714178029523
12 0.6152902148990052 0.4991827438659616 0.597187973629957 0.5189335248963273 0.5586549270869909 0.4836192165421153 0.5767571071670545 0.4638685121890355
12 0.70395889750057 0.5492989686551426 0.653539305386289 0.5458827570216129 0.6616176538650507 0.42667184498485294 0.7120363650653871 0.43008802692298265
4 0.5253906269061872 0.3472222222644753 0.5185485773039318 0.34707055774007795 0.5188592893719033 0.33305412861355665 0.5257013290595296 0.3332057930281809
4 0.5469897367635213 0.5119927951702711 0.5382160085547412 0.5136392654680041 0.5297279128484433 0.4684110136670128 0.5385015823501362 0.46676454902211933
10 0.5516361863915336 0.34209255145173195 0.5705660460896524 0.33013307913375073 0.5958159571329134 0.3700980083411069 0.5768861211280409 0.38205745004538094
12 0.5224150625000448 4.307296363910845e-14 0.5224150625000448 0.000602409722244545 0.5212771806640148 0.0006024097222304576 0.5212771806641285 5.011666732568637e-14
7 0.5463026162109372 0.021430956597203666 0.5301784236853564 0.015024363353604905 0.5386935434395355 -0.006406593121214843 0.5548177353606434 3.6011294594071302e-12
7 0.5475053284704927 0.04027658396633745 0.5672512436055968 0.03868121908937242 0.570994370702465 0.08501005678431303 0.5512484556278423 0.08660542098541689
13 0.7090450359937677 0.000328710314492741 0.7129113964197131 -0.00426244614292909 0.7226907365608213 0.003973050548204925 0.7188243761704598 0.008564206975730767
13 0.7310518587170236 0.16807977923792 0.7662839268734842 0.15828987290523533 0.7950151685151923 0.26168700751649215 0.7597831134584112 0.2714768790879474
13 0.7841258228165771 0.1902787103857329 0.8018598016000169 0.184530891561285 0.8124998421327518 0.21735864509823635 0.7947658661685182 0.22310645774839213
13 0.8112464417988576 0.3379738858319127 0.8425869200943907 0.3339291421904045 0.8624734267796157 0.48801127740729056 0.831132956127135 0.49205598123363525
13 0.9282517099381948 -1.0371152997281216e-8 0.9282517215574444 0.08009333139223157 0.8888285678992816 0.08009332238521612 0.8888285765254977 1.9050557504525517e-9
13 0.9705031591377065 0.4256134619294749 0.9843392369255071 0.4285652102016955 0.9792302690484576 0.4525116835216926 0.9653941927598453 0.449559940081814
13 0.9894070559549846 0.47584824321249064 0.9776243367497273 0.48477093514560154 0.9532022641002413 0.4525228333945594 0.964984938135558 0.4436001669627385
9 0.920724043194241 0.1999126550228169 0.9028476007329118 0.225270916435019 0.8719285539178827 0.20347461098963066 0.8898049882811847 0.17811637847224182
0 0.6845811595707119 0.01966692370205744 0.7090201407727363 0.008515266570958722 0.7680197559200224 0.13781338822192304 0.7435807871402176 0.1489650254129711
0 0.8507580891933912 0.2895938348385903 0.8007326061328968 0.2874298546470138 0.8043249579075109 0.20438897470898085 0.8543501321028089 0.2065529482634805
11 0.7329320033985596 0.3391068117909346 0.7719822147059858 0.3428823233656441 0.7647170667637511 0.41802278075052296 0.7256668578095287 0.4142472856201938
11 0.7378865613810603 0.1481796144494942 0.7139002639505634 0.15592226228969736 0.6893550903618006 0.0798829063116246 0.7133413236623483 0.0721402698551383
11 0.7006156033894513 -1.0900851646588619e-10 0.7006156035156437 0.011264305555507411 0.6773755028269761 0.01126430545849181 0.6773755029296353 -2.7431507625015053e-14
11 0.7791972200737973 0.43090006953018367 0.7887644619968341 0.4314317058164866 0.7876416219701241 0.4516369689245319 0.7780743801084782 0.4511053333618674
11 0.752382744134934 0.5115537090970502 0.7619196825129393 0.5108160891210753 0.7637983228842131 0.5351036664623472 0.754261384672759 0.5358412850066968
11 0.8404947201134974 0.6696576523544043 0.8295661047280873 0.6707581918479413 0.8266325042634435 0.64163035521897 0.8375610562811744 0.6405298189386123
0 0.7858478664245467 0.06839210544654593 0.8185656312361971 0.06866810302797897 0.8181315491607393 0.12012566115965295 0.7854137843527269 0.11984966378140417
10 0.6117250829278191 0.21461117260088008 0.6183843779558629 0.2190222732177357 0.6092711184520567 0.23278005394064255 0.6026118254145558 0.2283689558021066
10 0.6472734096822705 0.14413399780621386 0.643996685546881 0.15329912152780695 0.635407562550995 0.1502283484081522 0.6386842875551793 0.14106322655665465
0 0.7158794469212353 0.024657330845342836 0.70790059405374 0.02647436030809076 0.702927956919325 0.004638754293101195 0.7109068090238679 0.0028217249201886486
7 0.15272829753928363 0.14545091521138717 0.13963174383684418 0.15384994024111118 0.13052954430656882 0.13965701255763074 0.14362609085253553 0.13125799059636933
7 0.14341812844838842 0.22215677046325055 0.1434181370253782 0.19820415745525138 0.15739751237106248 0.19820416520655115 0.15739751452531436 0.22215676744609658
7 0.16188016534647431 0.29061773792544104 0.14910705182649053 0.2863060323742921 0.155791185368912 0.2665052828720524 0.16856427807681484 0.2708169846057261
7 0.13736126979551955 0.38680344137964046 0.12507415272193612 0.382536375823728 0.13237491539064195 0.3615146070740384 0.14466200390438644 0.36578166720924155
7 0.021279812448142366 0.07784611990162024 0.028779436740592246 0.07607989642448387 0.03400564845514964 0.0982710508234766 0.026506024347668244 0.10003727376000157
7 0.048818977261362306 0.1808232209139045 0.03835404745984761 0.18201558788266536 0.03580020365279779 0.15960166144329535 0.046265121471378734 0.15840929515851143
7 0.06707621273392306 0.24891499503912928 0.056014748662505554 0.2499821968986091 0.054255972685268716 0.23175286229915912 0.06531742209313052 0.23068566114986536
12 0.5551013581230109 0.32944213919521803 0.4972436956589945 0.3169632348042928 0.5447462677777821 0.09672673060489982 0.6026030877376343 0.10920553917302905
10 0.5810228426647654 0.6360588547591801 0.585734312560362 0.6355594227628455 0.5867859177321861 0.645478669160636 0.5820744479132145 0.6459781006707246
0 0.8411879404295632 -8.310311544701416e-9 0.8411879469661017 0.03957627074826234 0.7369247356429014 0.03957626467476267 0.7369247421875116 -2.0254294021312102e-14
8 1 -5.63647876000298e-11 1.0000000000796945 0.01394246701385005 0.9861912332942211 0.013942466909130686 0.9861912333984719 1.3544534987492218e-14
8 1.0000000223493544 0.2913652239583333 0.9867289018434349 0.2913652239583333 0.9867289465420299 0.22625332291666667 1 0.22625332291666667
8 1.0000000790197419 0.21126332986111113 0.9737684326013323 0.21126332986111115 0.9737685117057708 0.08392318576388887 1 0.08392318576388887
9 1.000000237393806 0.5825157934027777 0.9727539020947233 0.5825157934027777 0.9727540203347189 0.5032446545138889 1 0.5032446545138889