8 0.5541211120332719 0.08011556934453316 0.5525263244417147 0.05369363124994025 0.6785649506266509 0.04608609082343916 0.6801597679705083 0.07250799366282328
8 0.3719048132051057 0.1023719884140255 0.369524836958135 0.1378239374402889 0.2359684811291345 0.1288578171771235 0.238348534390866 0.09340595352829976
11 0.3016225082579922 0.02612151958718519 0.3042079733213541 0.03401713762238928 0.26152258431352493 0.04799470144489088 0.25893712168669936 0.040099085542205724
7 0.4360493281981235 0.047448476917039406 0.4361723822410113 0.07039049585487481 0.35589711077602715 0.07082103075658658 0.3557740734785284 0.04787902863853999
7 0.6795378727001662 0.029893703930513302 0.6795180693890188 0.05186624199423901 0.6242889214219076 0.051816452149511305 0.6243087323456393 0.029843921787849174
7 0.8791647083086218 0.15454325558180038 0.8933380577655043 0.21114788446871416 0.7951526227676595 0.23573217604870003 0.7809794676937827 0.1791277111720162
4 0.8978560425538262 0.21921261292535152 0.9186882842197974 0.23673070294418888 0.8771790529165173 0.28609186220315597 0.8563468514603301 0.2685738153967363
0 0.6663614299200162 0.19399157587225677 0.6989114241683865 0.1523302489061529 0.7683501001610011 0.20658208413297866 0.7358002253524774 0.2482433007183005
0 0.8939101513574315 -0.041252363311096184 0.9568099799233778 0.025246186782847232 0.7857715749435101 0.18702800649036894 0.7228719319850825 0.12052963719216471
8 1.0000001512225936 0.2525370734939759 0.9534077776761478 0.2525370734939759 0.9534078902291867 0.15955573012048188 1 0.15955573012048188
8 0.5007229255086258 0.9372893157003286 0.5511681770155974 0.872973031144262 0.6309567976467179 0.9355377359768833 0.5805125556343 0.9998530929622288
8 0.6215316943031439 0.654251367934375 0.5633657020675855 0.66404056896895 0.5435614752032052 0.5463764289485495 0.601726218591125 0.5365873355650542
12 0.3754930597507382 0.5615263900956827 0.4062131824664448 0.5621417666798629 0.40470847719200265 0.637249923917197 0.3739883546039664 0.6366345515651128
12 0.46560666864445466 0.4292415728944781 0.4234449706104897 0.4441588918684735 0.3974428463965296 0.3706707443871073 0.4396041795856718 0.355753496120595
12 0.3965977256609676 0.8339136948454694 0.3633397316824585 0.8327233986225935 0.3663405900121006 0.7489032900553244 0.39959791103706266 0.7500935742108455
11 0.25984026697847185 0.7806108660244695 0.2090358601508342 0.7853255712146043 0.19817261557409438 0.6682765402258666 0.24897570456653284 0.6635618968097693
11 0.5250090125340421 0.7286642004324335 0.5359082091233631 0.7153082693782747 0.554590691614294 0.7305517902252526 0.5436915334965988 0.7439076854978222
11 0.6055143559154885 0.6526126572027531 0.6139289094597871 0.6441708458446026 0.6346563461266896 0.6648286512124879 0.6262418174190998 0.6732704377787836
11 0.641700383246075 0.6317106300059724 0.6480416888715581 0.6204090270146402 0.6765140891070587 0.6363828823545805 0.6701728248257268 0.6476844496613671
11 0.386140949866558 0.5769619927675348 0.35658719853313414 0.5770395714453249 0.35642473370558037 0.5150865031114401 0.3859781805228977 0.5150089248333031
11 0.3486105136687456 0.31046633964459647 0.3783573551338577 0.30526219164648855 0.3940675915293923 0.3950585155515196 0.3643207566954061 0.4002626380386232
10 0.29299901841238807 0.5805335000256058 0.27013728338283727 0.5790585449705048 0.27298211858249033 0.534969439434977 0.29584368159976293 0.5364443889037168
10 0.23416959491521538 0.4010000250512432 0.215106514863578 0.4021475594479075 0.2122399704090867 0.3545291993751848 0.23130294653753936 0.3533816681061269
10 0.17987271386516568 0.7054364849151872 0.15751173870569346 0.7076078955454822 0.15303264593148924 0.6614881735434741 0.17539340663267922 0.6593167734074596
14 0.3251819507370328 0.8033872672469095 0.29350388004036176 0.7894093851057407 0.31235152727731474 0.7467032770107023 0.3440292938934135 0.7606810817847913
8 0.3291168081472051 0.7645338883366455 0.347955486769024 0.7640139549705016 0.3491680058604061 0.8079388380772756 0.3303293273467034 0.8084587687053453
14 0.3500533145697773 0.6416822123509246 0.3323566730954326 0.6386773268646705 0.3435903205586328 0.5725273745728028 0.3612867476831525 0.5755322414968806
14 0.24869379344943354 0.5220101294368026 0.25990346524145025 0.5186231036853767 0.271571567661681 0.5572363991822553 0.260361900728185 0.5606234136976858
14 0.2244489612508005 0.5079898907001952 0.25031933846616994 0.504599123522709 0.2545025147006754 0.5365127074451974 0.22863213923869807 0.5399034659374414
14 0.4098840616009056 0.309638537266857 0.40988408055272885 0.3287688753565486 0.39484926159445877 0.3287688783010106 0.39484925662645765 0.30963855421685377
9 0.9695926326782001 0.6588179400804648 0.9060817252158131 0.6826855096738503 0.8383147011522851 0.5023767913082919 0.9018235983293152 0.47850964667758833
9 0.8494272904279114 0.4547690786526327 0.8039510733397037 0.4455710932153034 0.8196320362874303 0.36804770585812074 0.865107814857538 0.3772456454285163
9 0.8399237432439577 0.3096383524218553 0.8399238876338586 0.3477409366145938 0.7808594136650981 0.34774102509206595 0.7808593819277121 0.3096385542168531
11 1.0000001228745532 0.5110944096385542 0.9749551704884425 0.5110944096385542 0.9749552944288098 0.44263592771084337 1 0.44263592771084337