9 0.30335402394314315 0.13186328511662904 0.3138503560621757 0.18372036794013913 0.10424460207309494 0.22614525818097958 0.09374861593744299 0.17428847633375855
9 0.2622401318674292 0.41435352322754626 0.2617672374999529 0.39548055279033956 0.3117816459869118 0.394227379357061 0.31225459702386615 0.4131002913271987
9 0.4690777157155708 0.38515839511094474 0.47460309164227965 0.3945590530431755 0.44004980917179637 0.4148672169531481 0.4345244596172506 0.4054665819205002
8 0.6256207043138602 0.18356806304875525 0.6195868781447871 0.2015483978209528 0.5899625939804309 0.19160719315175262 0.5959964283615591 0.17362687436734203
10 0.5063653650547622 0.24338113832006328 0.5131310477827355 0.3007470360765924 0.3809444124148058 0.3163360776106314 0.37417908661700494 0.2589705037779212
10 0.3865302455405981 0.3040944665682874 0.37134371010756695 0.3827321484689376 0.03359129742727873 0.31750332076362775 0.04877881811239604 0.23886677310846285
10 0.19805904104327965 0.1263986639071029 0.22707734190476003 0.12412044484374977 0.2281612217437896 0.1379260489416642 0.19914292096791542 0.1402042673683619
0 0.8536238270950207 0.09490969835011655 0.8446325731804336 0.08837718197562462 0.8529309262952438 0.076955486007233 0.8619221779313193 0.0834880011850699
10 0.6657195000227603 0.11534533897889665 0.6483126149352074 0.10224977541446428 0.6824420945321208 0.05688431726814088 0.6998489616865982 0.06997987076609284
10 0.8504755321163202 0.10078421028884228 0.8394640822774591 0.14458322579154168 0.8094652919197642 0.13704128508791869 0.8204767578359906 0.09324229373431386
4 -0.011992083953941801 0.6195940238407727 0.01707759501050532 0.5606992727633466 0.10684110550994319 0.6050004240882998 0.0777720710094627 0.6638946247353817
4 0.20445717243023864 0.5299348065341959 0.2630346019170702 0.5710019819247373 0.20830993283732369 0.6490517019044496 0.14973279349089808 0.6079848762995141
4 0.11236980279898034 0.7792757989821678 0.1354968933131886 0.7682578252902574 0.1454587229950448 0.7891641724387584 0.12233165170448501 0.8001821156925176
4 0.31488596866529406 0.7046081337439462 0.33239425130830114 0.7251063352874377 0.29062573929161317 0.7607763907603982 0.27311758926657603 0.7402783144967485
11 0.36042901686823825 0.5900698100644888 0.3939828205415097 0.6768380467072579 0.297965370854854 0.713962716500738 0.2644126152831632 0.6271953689079197
11 0.23925852319985097 0.672115393732374 0.2561828425882595 0.7278928728212584 0.13934700473532757 0.7633370311504081 0.12242355401053828 0.7075602900604403
11 0.00172015835005368 0.7978803340734266 -0.016767089197855967 0.7421402917458235 0.08527317214986851 0.7083020814864661 0.10376078051604054 0.7640414518583195
9 0 0.8103213625954199 0.04031129262086514 0.8103213625954199 0.04031129262086514 0.9135327926208652 0 0.9135327926208652
4 0 0.6463373384223918 0.03919301781170483 0.6463373384223918 0.03919301781170483 0.7139368944020357 0 0.7139368944020357
11 0.04778702162849873 0.5089058524173028 0.16389817430025444 0.5089058524173028 0.16389817430025444 0.5937627124681933 0.04778702162849873 0.5937627124681933
11 0.4361649835136632 0.6693983953689604 0.4382866182320413 0.6403047462348362 0.5057273599809378 0.645222157632608 0.5036059361092384 0.6743156060353005
12 0.6325361171890336 0.6891791249902532 0.603154908919123 0.6676457211271468 0.660719234642329 0.589112366092398 0.690100071713573 0.6106455724286767
12 0.6196191847707269 0.539064649373356 0.6076722020388843 0.5213650953269571 0.6523561299766243 0.4912064906466586 0.6643030944613884 0.5089059678588542