11 0.21226417831314848 0.3096385542168251 0.21226420316065742 0.3044540228086322 0.28126530406723305 0.3044542552218079 0.28126529595078864 0.3096387698468731
11 0.160094991900678 0.2924390802280072 0.15898420429141424 0.3097736657584115 0.06460558322567067 0.30372594051967594 0.06571643973427399 0.2863914320623427
11 0.46377089777092806 0.2553966892991466 0.4587912364281692 0.2401896273460313 0.53526739053234 0.2151473518744487 0.5402470735592715 0.23035436729623351
11 0.43875794388361555 0.2574167624532373 0.44090202288498404 0.27306317723320106 0.3736146686566144 0.2822834168078679 0.3714706377041921 0.2666370441683356
0 0.012096528590973321 0.18507206593778613 0.013313786878143219 0.15567877645270523 0.0970776844953889 0.159147601437613 0.09586049339804958 0.18854082465544564
9 0 0.21225709277108432 0.0278452 0.21225709277108432 0.0278452 0.22582255662650605 0 0.22582255662650605
9 0.3831518879178475 0.19744551911479644 0.3845212998094212 0.20848957314538105 0.31533499228896744 0.21706814686728876 0.31396560711516486 0.2060241168527571
9 0.23832693815904804 0.21186232106965813 0.23470681551339112 0.19076928213909314 0.37844109358945843 0.1661008293142224 0.3820612825804801 0.18719376757987827
4 0.7693632880155974 0.10047236262188297 0.7886283191388657 0.005229914921657112 0.9409762095641554 0.03604582072572126 0.9217113596943136 0.13128810524696974
7 0.8103360682118819 0.1580864447468513 0.8077481115765295 0.22258877917990544 0.7414551418364681 0.2199288927114631 0.7440432168244797 0.15542668398463994
10 0.5244094901162271 0.891912301944885 0.5529490011441567 0.8817716564716955 0.5923666193356212 0.9926784709407429 0.5638271943748805 1.002818945455519
10 0.5813983204818669 1.0000000000000224 0.5813985473191678 0.976736572390843 0.6229990794670357 0.9767369047474088 0.6229989983552287 1.0000001868990673
10 0.5298763460812097 0.8151998645740786 0.48827738282273003 0.8225465671573978 0.47180001773404 0.7292622332451854 0.5133980695743503 0.7219156133570256
10 0.539498744536445 0.7255895129486045 0.5282703971183764 0.7266161180709162 0.5225604593987327 0.664172941193148 0.5337886593335952 0.6631463428362822
13 0.14722986626497914 0.8206687108433993 0.17201000850934633 0.8031449876705026 0.21905917193316782 0.8696624353665416 0.19427918222879725 0.8871859741083911
13 0.3073785627084362 0.5819014014868904 0.33896270984268995 0.5667452611725258 0.39752896634468016 0.6887782095649878 0.36594494597420635 0.7039341509108186
13 0.5015288689810404 0.9801115569773404 0.49120734510586317 0.9850256081975911 0.4620927967002899 0.9238900362801381 0.4724141469946517 0.9189760338826578
13 0.52443154024661 0.9542228030257105 0.5320032944741797 0.9505723895820053 0.5459751811396245 0.9795449502465173 0.5384034379983405 0.9831953463955082
12 0.2047065099847032 0.5283764710725685 0.23153827545286276 0.5129763749447954 0.3031934809866925 0.6378099130896351 0.276361860487782 0.6532098126711083
12 0.17662811943330325 0.7328174838979176 0.20072096178478205 0.7242424487082081 0.23330815945178074 0.8157848706947706 0.2092153664984835 0.8243598075053357
12 0.1026220915474596 0.7132479080629097 0.12421637141653719 0.7068460710393752 0.15509977533452002 0.8110022639186504 0.13350552977624375 0.8174040201531642
12 0.06650046555432709 0.5298072397662436 0.031402278745531476 0.5456154247368618 -0.02126834014529777 0.4286808735235256 0.01382926035375931 0.4128728429978652
12 0.18529086416822338 0.6003266050526258 0.13898193695092687 0.6185231496368429 0.08713255519785434 0.48658102977967965 0.13344053348612306 0.46838469134002364
8 0.24744851382047273 0.8336688006193521 0.26405544182318863 0.8168150961475977 0.31606417719535784 0.8680512001261576 0.2994574099436704 0.8849047451230792
8 0.41746753073027776 0.959523992439476 0.4077422707820233 0.9655901399246997 0.3965650724179568 0.9476757511566586 0.4062902872192353 0.9416096222023034
13 0.4472506809904644 0.9463018859996791 0.45454436729335157 0.9428693785047596 0.4630132395163855 0.9608598101969635 0.45571955944706133 0.9642923077761988
13 0.5992609770892159 0.9608340245609904 0.6132931661593375 0.9533265678551932 0.6276864123824453 0.9802213487712934 0.6136542467965 0.9877287716182662
13 0.4401912850031522 0.9368861581236396 0.4432692088832937 0.911033390768522 0.4752269819069852 0.9148371480276367 0.4721491868333487 0.9406897981571241
13 0.46832345116570195 0.907509265115986 0.44789923071198245 0.921769991437106 0.42353194259419524 0.8868795752310561 0.44395599482470516 0.8726189315883766
11 0.8378126299603537 0.999999972309309 0.8378129326188173 0.9647106024508764 0.8845066310024094 0.9647109527361197 0.884506574698662 1.0000000765213048
13 0.7181806498820151 0.9125879399284499 0.7109921225500102 0.9026940680309916 0.7290738889723798 0.8895597750121099 0.736262405858497 0.8994536165585147
13 0.7945880778170249 0.8605265784293857 0.7936491148635696 0.8788249143774516 0.7713961200911399 0.8776832284375462 0.7723351340613362 0.8593849465159918
13 0.8276650799679146 0.8740226893518517 0.8199893864183423 0.7988351912608717 0.9610717504165223 0.7844350390552535 0.9687486290882816 0.8596211780667833
13 0.7832786756878249 1.01523799034992 0.7380937223420005 0.9410154202202353 0.80102942073961 0.9027125356770294 0.846214319395699 0.9769343112044084
13 0.67951807228917 0.8328149698794823 0.6634561017026499 0.8138938282230339 0.701343898250002 0.7817376929452313 0.7174057965856946 0.8006587199790484
0 0.7360923280800762 0.8403780453958406 0.7683841683640367 0.8656013633007146 0.7357469469227453 0.9073749120099948 0.7034552649603256 0.8821517722415063
0 0.7829115542846239 0.7543375208686103 0.8727768482548299 0.754012384671372 0.8729932477599505 0.8138126824494041 0.7831279538215767 0.8141378163263682
9 0.8914255212981743 0.7072152088138599 0.8883954330524375 0.7411435577314581 0.8171603878504357 0.7347822749867875 0.8201907157043706 0.7008541926141612
9 0.6795180722891566 0.833773048192771 0.7186479421686748 0.833773048192771 0.7186479421686748 0.8798391542168674 0.6795180722891566 0.8798391542168674
9 0.6944831565554068 0.72267211944302 0.690959592628019 0.7204905680367146 0.6969336317971511 0.7108430336670924 0.7004571890676061 0.7130245823690563
13 0.8185526848054678 0.7587348522178882 0.8102148091024901 0.7582900014437348 0.8108598209056481 0.7462028582780531 0.8191976734939317 0.746647708433733
13 0.7118768399054716 0.7803117970586838 0.7028548132262813 0.7575161457155215 0.7906585334854981 0.7227711144724145 0.7996806555242983 0.7455665176641536
13 0.8219863060240868 0.7026870337348872 0.8122483166742995 0.6753761183915047 0.876667218214493 0.652409979394543 0.8864052979364487 0.6797207028571611
13 0.6795180723561316 0.7955527977753 0.6757003303873717 0.7850133815251411 0.7055710877766614 0.7741951522804275 0.7093888479495263 0.7847345285583183
14 0.7316203057645225 0.7052618105850584 0.7194681848412756 0.6948618646270249 0.742159875901848 0.668350947239134 0.7543119437382302 0.6787508554495003
14 0.8188634423304393 0.6333844202492636 0.8159767965782976 0.6475089872266496 0.7924040313674823 0.64269196721975 0.7952907013740287 0.6285674333022943
14 0.7565367903614515 0.6756073012047873 0.7528069139380023 0.6725944799214431 0.7637276385238465 0.6590764549256883 0.767457506593928 0.6620892708964388
14 0.7693449987951908 0.6603676180722853 0.759741356630002 0.6517649403567719 0.7742822402864249 0.63553425705249 0.7838858587433606 0.6441369162488979
14 0.7842441433734848 0.6436057337349597 0.7793234042650283 0.6396710964400609 0.7915604521837167 0.6243690823060294 0.7964811793378885 0.6283037121407327
14 0.6929348455668105 0.7166446419563096 0.6872548035862565 0.7085330839461156 0.7011090634616721 0.6988332570226842 0.7067891012263772 0.7069448001997454
8 0.6937810984894668 0.7601974800032582 0.7005087623213058 0.7622550095297747 0.6983832498212905 0.7692037253758933 0.6916555867469469 0.7671461975903495
8 0.6991614319157406 0.7259566710687034 0.6950808445608345 0.7219422546040353 0.7004428760968722 0.716492706543879 0.7045234599466994 0.7205071196369023