12 1.0000005500033922 0.45937589583333327 0.9319796686376094 0.45937589583333327 0.9319800172179384 0.33914409548611113 0.9999999419403593 0.33914409548611113
12 0.8451512169546049 0.05799946831782121 0.8960852782806796 0.05687837787856897 0.8977469654013248 0.13237298013989496 0.8468129041103793 0.13349406933397442
12 0.8795084725677498 0.1416633259952098 0.9279669357227931 0.13714308885313342 0.9335263377862475 0.19674127925448698 0.8850678757193009 0.2012615093809668
12 0.8892708134765144 0.1108313836805808 0.8831670000345184 0.07156648544967005 0.9045024577679897 0.06824985399333369 0.9106062807368289 0.10751474020184508
12 0.8729667646484813 0.14242343576388777 0.8811703085889349 0.14198334415155567 0.8832297324064484 0.18037182833810417 0.8750261885002146 0.18081191954017098
12 0.9392275390013083 0.45513815065875785 0.9503888967304874 0.4520083469408016 0.9611265375551739 0.4902978702646011 0.9499651834286169 0.4934276650344663
10 0.9423341585836624 0.34895109070706626 0.9249372925899024 0.3543939927811998 0.8981957880647542 0.268923986165612 0.9155925146884556 0.2634811078034427
10 0.7858634484231288 0.24998574705102752 0.8219101255856458 0.24564788390666284 0.830639662642966 0.31818673259071983 0.7945929880719405 0.32252458200482
10 0.8057561579196317 0.4884046955452335 0.7650795337746104 0.5020859152939705 0.7359418478298494 0.41545930977361734 0.7766180132296086 0.4017781726155274
10 0.7599223613281083 0.6127444392361118 0.7963465372997689 0.6116458539663855 0.7994506881544794 0.7145521126498572 0.7630265127536404 0.7156506863598702
10 0.807884037394274 0.5729432860401243 0.8111585122264842 0.5887915415557193 0.798706377897588 0.5913640464566222 0.795431923510364 0.5755158088121012
7 1.000000051899974 0.2361111111111111 0.9732875437008488 0.2361111111111111 0.9732876021349739 0.1651843576388889 0.9999999976149638 0.1651843576388889
10 0.817854648759635 0.030337681860068796 0.7964276882941022 0.03745816697199236 0.7842399044550348 0.0007826936121778846 0.8056668619713037 -0.006337791029176819
11 0.6881390399333895 -1.8984833702601e-10 0.6881390400690179 0.01601374654815616 0.6701236101400809 0.016013746342546948 0.6701236103515384 4.256321394280791e-14
11 0.7231983717310868 0.22326218301359918 0.6784129486642314 0.24186600671907837 0.6357759694959668 0.1392258511682028 0.6805611427372469 0.12062208707627181
11 0.8146686781736889 0.1309402213436346 0.7594908987452982 0.13328287026183622 0.7550975054308537 0.02980114763098715 0.8102751324908013 0.027458502129442206
11 0.7962241255587514 0.20356591347011152 0.7675421387857568 0.2070915491415149 0.7564322117864322 0.11670960627709122 0.785114065570724 0.11318397915263642
11 0.7805466383432531 0.2659606279715557 0.7992783112937332 0.32366729126042215 0.7434022458098752 0.3418040715154487 0.7246707567037447 0.2840975642928612
11 0.9012558576173433 0.4568790675472805 0.8554698083146377 0.4682752169675437 0.8313907250849297 0.3715373717872726 0.8771762334873756 0.3601412921240517
11 0.8248417242724599 0.46256058980538456 0.8626873512974953 0.4229200748676903 0.9862593555742478 0.5408884462410344 0.9484142664994124 0.580528438773963
11 0.9604032009904131 0.5994277128486626 0.9871452246046601 0.5881473113929921 1.0233535883426157 0.6739750377226388 0.996611624762977 0.6852553374340976
11 0.18653060134352017 0.14130550312530857 0.1599620014261518 0.1370736605128949 0.17301112301674948 0.05514840716977262 0.19957966354581913 0.05938024523064941
11 0.14569471265463108 0.09681385856905027 0.17170827118479792 0.09112847374570307 0.18920045881839087 0.17116384262222173 0.16318690368336775 0.17684921773770831
9 0.3648768213637368 -6.342080346536651e-9 0.36487682522044906 0.0597833723068002 0.3349880370477649 0.05978336837303958 0.33498804201303756 2.606689995696442e-10
9 0.3519502163356947 0.2925320781914482 0.3336254088279702 0.3037941810670261 0.3065450705391868 0.2597321750738079 0.32486981652243685 0.2484700969554639
9 0.30564608500367285 0.18672532538727138 0.3418804705054299 0.16727604551253558 0.38729728882083236 0.2518873820731528 0.3510629473859126 0.2713365996683324
9 0.2756497071956119 0.44428367409571556 0.2842998461504749 0.44750729712652804 0.2705712524707451 0.4843436592101391 0.26192111816408215 0.48112004513890605
9 0.24381937339398974 0.46984822698755163 0.20756238969727292 0.45958888942750503 0.2282184448820317 0.38659414898913474 0.26447509979607275 0.39685343802155365
9 0.1365594970343409 0.4816813874015999 0.1972632389381488 0.4408911611963172 0.2483484902802502 0.5169105914376512 0.18764498295342946 0.5577005321441358
9 0.14062449417372136 0.7500002476240728 0.14062538883138131 0.6055696218791705 0.24801545534216984 0.6055707395894123 0.24801616927027226 0.7499997246051584
9 0.4038348966155354 0.49551923255841257 0.4390551536678231 0.5021224626564701 0.4254152861954026 0.5748684920836538 0.39019504001862515 0.5682653017804369
4 0.6953960256396385 0.46151845229909033 0.7222369189764777 0.4526886035592727 0.7393553183642325 0.5047213770020025 0.712514441739927 0.5135511900400066
4 0.7034764833116469 0.29778008383984983 0.727664155136722 0.286477880767365 0.7551832225192356 0.34536925992947615 0.730995573000655 0.35667142702074517
13 0.638568508846447 0.20924247971368057 0.6215854894595623 0.2380464614483088 0.556926355411747 0.19992341393806926 0.5739093724910163 0.17111950003458046
13 0.6854335247097652 0.47497598464137797 0.6409526662177996 0.46965374851987357 0.6536678346932376 0.3633949639664528 0.6981481011657706 0.3687171646395407
7 0.4682575089036618 0.019458580195765324 0.48413243543791395 0.015427439844954377 0.49867735683176306 0.07270638102301853 0.4828024309798593 0.07673751974613406
7 0.6186189846109755 0.027859373594088493 0.6351877509589485 0.010832299465677351 0.6681812367296516 0.04293771103733823 0.6516124746462992 0.0599647809984791
12 0.06783050271326374 0.559705805606723 0.031806919043788184 0.5535688333764593 0.04885215443562174 0.4535241820617342 0.08487520317862618 0.4596611086740876
12 0.0031216725727745143 0.6649509124374526 -0.008822862815918597 0.6631449027417394 0.0012280426226425334 0.5966794855116081 0.013172427629456251 0.5984854837029459
12 0.1412901065607457 0.23977842132762564 0.12333741806753551 0.23734674420635066 0.12958967718395797 0.19118817835999743 0.14754231175970745 0.19361985178985833
12 0.015746971709745594 0.22124851770517137 -0.000918877209414859 0.2186147359379994 0.009395094255296499 0.15335171729000754 0.026060882295837473 0.15598549419552016
7 0.16029105688062373 0.006253525073191187 0.17940101943156606 0.0033732792948167837 0.18787372081987996 0.0595882625692744 0.16876375846823066 0.06246850754403488
7 0.1481346160950352 0.1808197017461577 0.16134911575852584 0.17917737059577654 0.16870395805983662 0.23835506404452916 0.15548945897853628 0.2399973921018012
7 0.15084076749224096 0.33915173608388355 0.13700350974079356 0.34038329579458926 0.13156812795239148 0.27931514214875974 0.14540530849694733 0.2780835858284811
9 0.37600371733947213 0.21382840528847716 0.36828766615883524 0.22042346231337037 0.3522524678788841 0.2016629250837327 0.3599685117187619 0.19506787326392555
12 1.0000003041690206 0.5556107777777778 0.9642851478358807 0.5556107777777778 0.9642853695368103 0.4424016319444446 0.9999999363201368 0.4424016319444446
12 1.0000000007244125 0.6196671180555557 0.9990241261865549 0.6196671180555557 0.9990241274779237 0.6086194739583334 1 0.6086194739583334