12 0.4468464883585739 0.05768255079631678 0.5635987251051802 0.11238677495320573 0.47724224428191064 0.2966908511115915 0.3604901753891454 0.2419869240401972
12 0.431168427674379 0.08341300702062895 0.37171388816705075 0.044369166957826764 0.4063353468460491 -0.008351070101510254 0.46578985295298025 0.03069275487230863
12 0.4356891163195087 -2.2770162470516642e-14 0.43568911635338736 0.004899029270345016 0.4065150138696936 0.0048990292730581465 0.40651501388890665 -2.7114997397058182e-12
12 0.3647100035746007 0.0986172005046709 0.3600670725750206 0.1132971399611535 0.3202036502299279 0.1006892675655439 0.3248465863784986 0.086009337193052
12 0.32505397575641837 0.12270612228038395 0.329134314342582 0.09763238580290226 0.40663679547390075 0.1102445547370147 0.40255649600567267 0.13531825676760798
12 0.3285970465273067 0.12736728816921536 0.3593162728279822 0.11690879279129283 0.3751990592882066 0.16356025766092316 0.34447983865447895 0.17401874157754285
12 0.34220557121750517 0.1733395681247067 0.3720613397060788 0.1653843589636439 0.3860364424514273 0.21783212356981324 0.35618067886662175 0.22578731980297068
12 0.6430619018715333 0.13289166121376436 0.7021868233301802 0.21374791580416402 0.47707875187563786 0.37835032962534504 0.4179547920798541 0.29749494662027764
12 0.5929879546059738 0.3947911636031049 0.5836354696067474 0.4350485446771245 0.4369323026166967 0.4009677142335585 0.44628504111460643 0.3607106999418874
12 0.6242130572924225 0.4818612751118129 0.6242827948420882 0.45291363407261487 0.6993895684150857 0.4530944565931865 0.6993199861473158 0.48204194197714495
10 0.5943186649303698 0.3584143115234566 0.6032325774846186 0.33600128481598257 0.6697040891671122 0.36243664643043677 0.6607902798143641 0.3848495859469623
10 0.5863989429650474 0.42303775625424617 0.6009064735804941 0.42254570050261525 0.6012492686010091 0.4326519412888475 0.5867417380040933 0.4331439967162382
10 0.8954572634019087 0.22005018876044427 0.8974838843296311 0.21247146895575753 0.9127474606528949 0.21655303253046515 0.9107208443583659 0.2241317483581006
12 0.9106739196146236 0.17170298721942273 0.9029564614422725 0.21630977914752658 0.8292756531984651 0.2035622037508808 0.83699318589413 0.15895550323002128
12 0.8811442472657518 0.2795916400952312 0.8675967972390026 0.2357120970248374 0.9489024904180496 0.21061004300374858 0.9624500187475178 0.2544894456993038
12 0.9488228356656236 0.272618727222955 0.9709620432570318 0.32278442072394176 0.8418299294946792 0.37977082503806486 0.8196911346941533 0.32960548075878754
12 0.9999999949168341 0.3442985096049405 1.0006855252813693 0.38923057466519584 0.9032260047854379 0.39071701444323736 0.9025407225996105 0.3457851894697316
12 0.9985530342942184 0.41851694123844096 1.014099051420203 0.4922076268116526 0.8637316178020455 0.5239261442348468 0.8481865227680601 0.45023625523436817
12 0.5361857502188059 0.03567282608460844 0.5569234310760294 0.023383839240233788 0.5729584882764129 0.050443007396599494 0.5522208093262861 0.06273199167807839
4 0.4923207683052624 0.4593442673777995 0.48754404870123835 0.49367744301224586 0.4291299717607444 0.4855507451525853 0.43390681245466567 0.4512177146507372
4 0.39379158094857303 0.3487170977925607 0.39446596890525143 0.33625634760514567 0.41973842814047657 0.337624059343836 0.4190640574886402 0.3500847930744747
10 0.9861111111111112 0.09375 1 0.09375 1 0.109375 0.9861111111111112 0.109375
10 0.9817334461731662 -1.3077377429856627e-11 0.9817334461866949 0.004686496088739326 0.9625586024142194 0.004686496068584709 0.9625586024305903 4.308152943350051e-14
10 0.5827291334417168 0.5902212397328912 0.5846077471978788 0.5997763999492276 0.5686348988027703 0.6029164154133267 0.5667563011473931 0.5933612693069676
7 0.47394571518509565 0.04620738839741338 0.461512023161049 0.010600605142866436 0.5200901170182988 -0.009854541956848269 0.5325238118427933 0.02575223498886363
7 0.5624748654819314 0.09448769265746251 0.5497538554358243 0.06081443191274795 0.6022451425586723 0.04098441133638356 0.6149661610817247 0.0746576530072058
7 0.5833333333333334 0.109375 0.6458333333333334 0.109375 0.6458333333333334 0.14453125 0.5833333333333334 0.14453125
10 0.23539790416498363 0.09330774495144531 0.28079698722524427 0.0797905358775268 0.2887998490282371 0.10666898879038342 0.24340076893213336 0.12018619195476299
10 0.244812972811701 0.13033640277187897 0.25578827226092926 0.15748155139940587 0.200247817591503 0.17993738923421362 0.18927256339316045 0.1527922789265048
10 0.14456087776409277 0.15490380258600264 0.13599706142827017 0.14102342972816864 0.15433879104455173 0.12970714853068777 0.16290260677988044 0.143587514845963
10 0.19845758666372149 0.1714198089897306 0.19177752622908883 0.19935064499196714 0.13798036841978956 0.18648434827941698 0.14466045738379307 0.15855355382575068
10 0.14698092786682082 0.1996715529361353 0.14960933114116415 0.22212323629017144 0.0946220574913923 0.22856040088441867 0.09199369865348217 0.20610875816524682
10 0.2982424676974915 0.1951478332031539 0.3063056899801495 0.2192111288818936 0.2566331042363572 0.2358553095633005 0.24856993058244825 0.21179205516488653
4 0.37562166485872694 0.28774149785029374 0.33975187266412377 0.29796116056827626 0.31682640253188765 0.2174968215045802 0.3526959826389202 0.20727719042967208