9 0.09915504219986815 0.792660376742842 0.13708864079637806 0.7973039432415565 0.12369838501410868 0.906666479174098 0.08576479864473185 0.9020229787905728
9 0.2881459889118787 0.5761929874078979 0.2700855090074583 0.5834477835083999 0.2496359499115215 0.5325442226210219 0.26769628124998235 0.5252894600694299
9 0.19409453067078175 0.40922274861217 0.20754152068582243 0.4113407606473172 0.20099847730068632 0.45287939732285076 0.18755148864772764 0.45076139115474023
10 0.17727795642633737 0.6915609805457608 0.11555773199222585 0.6846182062573191 0.14280279840897947 0.44245259984542723 0.2045204757960164 0.44939523044697344
10 0.2142638608161178 0.3164900252535574 0.20363600531095472 0.31627221967403085 0.20428459486993233 0.2846259055364163 0.21491241978390008 0.28484371080373183
11 0.2627467702575359 0.7687615195087261 0.20958022457057268 0.7674629534261697 0.21558357633466585 0.5217651243238123 0.26874754198888695 0.5230636587783554
10 0.008673699685004976 0.5860860425673684 0.01803633534098026 0.5837713353321213 0.021827960686323422 0.5991062514255225 0.012465326213714434 0.6014209553600113
7 0.5593498869061477 0.18532490771357554 0.4909552973178961 0.18281265721491097 0.4969804605034369 0.018785391727037044 0.5653747916444445 0.02129763857567995
7 0.5903625791194145 0.43487540323670715 0.51871007685736 0.42975157835592104 0.5307034981259449 0.26204835158669015 0.6023548314771006 0.2671721369989744
7 0.5333565506031164 0.82009086758048 0.6059027761004927 0.8059376331902574 0.6361848939149013 0.9611215916785694 0.5636387579445454 0.9752745242691859
11 0.2610333367877047 0.13433511910375748 0.2938624387240907 0.1380679962810258 0.26887424752726474 0.35782528779072725 0.23604515077170163 0.3540924415318944
11 0.3288450659895261 0.5465475219275242 0.45284273003358066 0.5674463923940152 0.3907010109778639 0.9360913264407547 0.2667035605925321 0.9151933304095202
11 0.3386372571916354 0.9999999870062762 0.338639659568571 0.8629684553193997 0.4225103708449751 0.8629703184222702 0.42250960058481724 1.0000002110930941
14 0.5272968475836706 0.9604724073903866 0.4385758532878299 0.958730930224652 0.44176217188351075 0.7965451713795523 0.530479377155757 0.7982866117484351
7 0.5813440296381032 0.5422976949488656 0.573855710241105 0.6977545573487937 0.5038288512680538 0.6943809573391259 0.5113181339763742 0.5389250914513098
7 0.42484180830945206 0.38170584824793424 0.3742347214721349 0.3812899655190618 0.3753148366362211 0.24989458445949245 0.4259213350810569 0.2503104649110237
7 0.34128760730254726 0.23694575867987688 0.30142629662589115 0.2354365403222421 0.3057739149729741 0.12061238437114852 0.34563500807462333 0.12212159900188593
14 0.9253187688008211 0.5248306141082827 0.6474590313765702 0.5289916149731417 0.6395570162726472 0.0008410792290472191 0.9174003059547431 -0.0033197749811912573