0 0 0.5579679479166667 0.1041958369140625 0.5579679479166667 0.1041958369140625 0.7681437222222223 0 0.7681437222222223
8 0.07529171068199503 0.5429332507859091 0.035655644631788164 0.5705606393117489 -0.03963545210058328 0.46255119602033806 0 0.4349241111111066
7 0.2715107226562168 -3.833974357845287e-10 0.2715107233323124 0.03459493255534839 0.2572400063047553 0.03459493196129551 0.2572400068359002 4.247469264552109e-15
7 0.272530593111469 0.24498740663647522 0.2497414328540799 0.241143309206442 0.2641463631463239 0.15574737834120883 0.286935414151003 0.15959146681639952
0 0.2600440107421491 0.2126780017361135 0.270782851072795 0.21220257460157804 0.2762148033648373 0.3348957603881077 0.2654759631932393 0.3353711850945895
12 0.16320145858242086 0.005202862085986122 0.18948760943646903 -0.014097926272344465 0.26721694054640466 0.09176323061409157 0.24093080526859012 0.1110639989673274
12 0.41581047334045707 0.3364371257621571 0.38450878885259954 0.35465917325527513 0.3121055598496696 0.23028841634437797 0.3434069474174066 0.21206647783661933
12 0.48160525587843495 0.45005836147772066 0.4575878310840835 0.4638138787865977 0.38470891801671314 0.3365717695195844 0.40872600444163254 0.322816375049138
12 0.2778730371094298 0.0019130902777932204 0.2765304125983903 0.00011251015603438548 0.27909603857619913 -0.0018005801200502518 0.2804386630865565 8.617914217726465e-13
12 0.5813908197366118 0.5894682202632 0.6123173265431205 0.6139224955222609 0.5719322055367684 0.6649899924724849 0.5410058349840483 0.6405358693902283
12 0.5579293858523897 0.5279299153454317 0.5285396424217197 0.5150985474114301 0.5576835032297822 0.44835106261409907 0.5870729694208876 0.46118236100090476
12 0.5134578700536849 0.1027518962213688 0.5549109244302599 0.10293374242488225 0.5544641712375551 0.20477348169587903 0.5130111168730309 0.2045916359231587
12 0.511084845703067 -9.843430211661484e-10 0.5110848468385711 0.02787604012798702 0.47314468069839677 0.02787603903873763 0.4731446817708047 1.446931853325291e-12
8 0.7078132942883713 0.47237030049521317 0.6842611192327013 0.4774573073199943 0.6774051956199401 0.445717099643605 0.7009572670889384 0.4406301044186317
8 0.6398086094682185 0.09035029801372885 0.6619669229427245 0.08977007879678732 0.66280728059985 0.12186286318180543 0.6406489671326199 0.12244308210099107
0 0.06446469260379217 0.1531098334508185 -0.0010693213998820283 0.15224968894217875 0.0009400258561527153 -0.0008315482308507969 0.06647380267475 0.000028594701066333703
8 0.28932407371269164 0.6882097923233645 0.3288653518754927 0.6333942210833989 0.4151648478406287 0.6956377468028919 0.37562425293981505 0.7504527024930894