14 0.3176241012209857 0.5975958781518768 0.31734479660974557 0.5332429633893507 0.45917724120613457 0.5326268782059821 0.45945732853658683 0.5969790134113416
14 0.342915034400221 0.6775191112961331 0.38090252734207297 0.7498610362607735 0.2091388915123389 0.8400373806638403 0.17115328525915174 0.7676970740391541
14 0.40340706868209963 0.7358369786433557 0.38755121085057453 0.6834937672750552 0.491934001701793 0.6518784571816784 0.5077901988620397 0.7042210601636062
14 0.6692722981072166 0.7616905958147128 0.6562984221650368 0.9036049634292662 0.34316612494990295 0.874974993600664 0.3561449915172261 0.7330661240543267
14 0.23372648405779728 0.8496513180166306 0.30272122284134184 0.7847700162533554 0.3644525684181872 0.8504013642872692 0.2954585693534 0.9152819053879384
14 0.656106262073763 0.8846520801010801 0.6601364419173024 0.9623520676710428 0.34524378014941703 0.9786715221017911 0.3412172293677713 0.9009749720480306
14 0.23499298203387298 0.9460768428305435 0.1725829113115651 0.9203271505159083 0.18674541653092547 0.8860109309504206 0.249154915499048 0.9117604895622818
14 0.44884459291063195 0.9627851457570653 0.4460025028398604 1.0069060009443398 0.2849720320716642 0.9965330053674948 0.28781510967598933 0.9524131891027827
14 0.44983058385537333 0.9999997335432292 0.4498315637314363 0.9656528058902535 0.6051984948949212 0.9656565879552311 0.6051983142224344 1.0000026990846649
10 -0.0000022595454538532067 0.9999999999824316 0 0.9155835683594167 0.15025639071961905 0.9155865414178249 0.15025598900956538 1.0000011337570303
10 0.06729775881387923 0.8165638250024493 0.08999731762855845 0.8440505688376132 0.04864794327261279 0.8781906987783025 0.025948588054006905 0.850704145123743
7 0.4861111111111111 0.5831804580078125 0.5529638923611111 0.5831804580078125 0.5529638923611111 0.6342855185546875 0.4861111111111111 0.6342855185546875