7 0.23073997536945814 0.024238221757322174 0.2697044334975369 0.024238221757322174 0.2697044334975369 0.19551862343096235 0.23073997536945814 0.19551862343096235
4 0.16563344843575578 0.12277823080910606 0.19502635472099428 0.11518681898706291 0.21959539929025595 0.21031407990787734 0.19020250004007266 0.2179054724751219
4 0 0.42380849581589963 0.141994078817734 0.42380849581589963 0.141994078817734 0.5794979079497908 0 0.5794979079497908
7 0.07945833898065757 0.3026309733344595 -0.007021074282420159 0.2990523055527623 0.0025119145875578397 0.06870093587955295 0.08899036607647304 0.07227958599110854
8 0.1717684330646989 0.5841286924405712 0.0607138230345754 0.5309721706119962 0.1800261721341485 0.28172492797294113 0.29107738992740906 0.3348804954910583
7 0.2697048468291996 0.5763558472803347 0.23184952259941838 0.5763558472803347 0.23185010453073573 0.39338599999999985 0.26970443349762263 0.39338599999999985
9 1.000002026743573 0.5515463117154813 0.9022803628446354 0.5515463117154812 0.9022819368154842 0.2736870836820083 1 0.2736870836820082
0 0.06572924716340367 0.6987978432225873 0.021585514148227958 0.7084332490499512 0.008742204649365704 0.649599841546015 0.05288541260972579 0.6399644949511347
0 0.18859571311202217 0.8227670686417244 0.17830378815824588 0.8406019862521428 0.14378734536285265 0.8206877145816016 0.15407927034937074 0.8028528858813524
7 0.07110116667729471 0.7491392407618561 0.08632687317742693 0.6801175119799241 0.1354057096619954 0.6909423765192986 0.12018044134981665 0.7599637233464461
7 0.2646170665572072 0.7660809965433133 0.21985244578411312 0.761122945110969 0.22750685747996613 0.6920277861710875 0.27227079553347266 0.6969857995324793
8 0.10363852900354686 0.9881996310041086 -0.0018488156541707212 0.9862768422254523 0.001802058614202906 0.7862192860565724 0.10728385824450015 0.788142025241151