4 0.19422576652698353 0.017452391267302178 0.25814198113414477 0.03473058029873211 0.21269757950790336 0.20283991109247557 0.1487813840757326 0.18556177121473516
4 0.22902927343750434 -2.53450451179124e-15 0.3175454643849207 -0.012447567245920874 0.3372187277669809 0.1274513333327567 0.24870254010102144 0.1398988826433856
4 0.5961150568374478 0.103743710246794 0.6250999531829393 0.15977515883706034 0.5065930211718523 0.22107766697484538 0.47760833999927854 0.16504640277918642
0 0.252931267549684 0.21677546340355033 0.2897900228551862 0.23442557819096072 0.2609535036165198 0.29464372452261406 0.22409477753001283 0.276993655386527
10 0.8836606791034001 0.0037759242012714222 0.9182656294445906 0.04835894596180103 0.778935319341258 0.15650557540629795 0.7443304650690834 0.11192264405912561
10 0.9231048980076366 0.12347329531353538 0.8622890724726631 0.12065547598527375 0.8658845288306338 0.04305779477352253 0.9267002335024017 0.045875611277539044
10 0.8248686602537418 0.09291043953847722 0.8868870279011389 0.08069578472415798 0.9070541288100458 0.18309122000313144 0.8450357688203667 0.19530584798667655
10 0.7566807285130608 0.17834479622427318 0.7761230419987442 0.13031693038178122 0.832953001388546 0.1533222669586755 0.8135107747666552 0.2013500595007551
10 0.8717080452213395 0.20761759072995656 0.8960252527089096 0.2908667293257059 0.7786545102442233 0.325149668352014 0.7543377850214483 0.24190094187791955
10 0.9960813378837656 0.2048946648332521 1.020575243542794 0.2524781614889932 0.9414041174275098 0.29323099268256575 0.916910397632364 0.2456476550562346
11 0.4920874059585003 0.40739315705093215 0.49661484863975147 0.4641456429221409 0.4610446377705557 0.46698298007417677 0.45651733865986444 0.4102306277209504
11 0.51171875 0.40546797743055557 0.542089462890625 0.40546797743055557 0.542089462890625 0.4688224965277778 0.51171875 0.4688224965277778
11 0.5374058532569279 0.29612048496135607 0.5702029256980268 0.3514634510899369 0.5006956333676271 0.39265274152116114 0.4678988327243587 0.33731001224907126
11 0.6371035706993098 0.25393416527230933 0.6509903093860885 0.2680784294554137 0.6130344236655674 0.305342320721352 0.599147717008691 0.2911980885010169
11 0.7357535276910312 0.0668034964321633 0.7487037526650511 0.09681934682881778 0.7102096872683887 0.11342740327486342 0.697259482838831 0.08341157039359388
11 0.7380901643804236 0.024732201808119362 0.7614711908197478 0.038259475537278494 0.7424975889327925 0.07105410645693819 0.7191165651998972 0.05752683646825834
9 0.9599623961566977 -3.2119147238839855e-9 0.9599623994504327 0.043210423943538336 0.9179709078518954 0.04321042115203913 0.9179709109847636 1.2379669166267615e-9
9 1.0000000398179054 0.15660247222222223 0.9638299287325935 0.15660247222222223 0.963829987533245 0.058223404513888875 0.9999999774934167 0.05822340451388885
9 0.9777228950016479 0.16230792297913504 0.9883135587871266 0.16308596811960147 0.9868561566664766 0.18292378830219727 0.9762654929232895 0.1821457435678504
10 0.8692872974220336 0.4445456226506418 0.8557607792926092 0.44241493835821694 0.8594055206422127 0.41927798901878516 0.8729319978834837 0.421408670032183
10 0.7999216080070255 0.063100842378141 0.7678818814171109 0.0417188272059766 0.8099928498292002 -0.021382004132110777 0.8420325546875347 -8.982582166789542e-15
0 0.6156067830959273 -0.01336320103997737 0.6431555492889629 0.007406623726060758 0.5695137103939487 0.10508391061655775 0.5419649588594666 0.08431410391772123
0 0.6661933178974095 0.06283699169599448 0.7056074713422049 0.08714486842238613 0.6534437174724417 0.17172572479813905 0.6140295945187972 0.14741789058876337
0 0.6297145276103038 0.1625011652378857 0.6462719438727618 0.1768363315882399 0.5992469470785409 0.23115052137225747 0.5826895594899497 0.2168153857341591
0 0.6490108635492788 0.1537969287118512 0.6909278582368188 0.16139331956239697 0.6818192184347254 0.2116544260416877 0.6399022265442227 0.20405804609827283
11 0.5600121210210318 0.2152320618506939 0.5492526850002832 0.19432545436914142 0.5745909087395376 0.1812854759571011 0.5853503472542343 0.20219206544697477
10 0.6853902741088405 0.2058259165197415 0.6848972888451499 0.24522644413118552 0.6331900694718797 0.2445794062466861 0.6336831240446372 0.20517894897594702