9 0.3888168989079759 0.40398690144455474 0.21373128169977917 0.34895881489925057 0.2576066402948527 0.20936657527902292 0.4326900886723024 0.2643942995661676
9 0.1918366150816837 0.12896338208055125 0.18379574085042805 0.06634346085435273 0.3037783323071608 0.05093678935093809 0.3118192950997809 0.11355659614383541
9 0.5263362237453748 0.15025030212165102 0.5139021818300762 0.1873032542094823 0.40573351372711386 0.1510045911635235 0.41816761252562173 0.11395172135651387
9 0.4483493591409342 0.40980932651852764 0.4380007468076883 0.3935315591625429 0.4847944860729285 0.36378373926308744 0.4951430904515064 0.3800614524407905
10 0.5133113429134255 0.20910399533676524 0.5323809455155697 0.15227874214843032 0.6386622488432749 0.1879445728894136 0.6195928753180624 0.24476962977096808
14 0.8483257306263567 0.5089058512531396 0.8483258224135852 0.4831864738631615 0.8823239999509269 0.48318659105780737 0.8823239742441729 0.5089059021490637
13 0.14415026432345712 0.8228342141584098 0.13360285061651211 0.8553990065909188 0.06746005665740995 0.8339800714571177 0.07800762173019393 0.8014155628661476
13 0.16779339767094825 0.8546130121395193 0.16790023308249147 0.8249785191593909 0.23884093488061353 0.8252340234256339 0.2387343693907269 0.8548682475329127
13 0.04685537515092619 0.782855880813815 0.044718550642301125 0.7525896197434345 0.11475320729334726 0.747645824590532 0.11689026015699255 0.7779118379951591
0 0.3327668432233395 0.7909976772946018 0.3327021561829042 0.8090108363792232 0.27867437875227097 0.8088166183473674 0.27873918394448083 0.7908035778334509
0 0.5106112659103701 0.7190842874550825 0.504136336329907 0.739076221131658 0.4470661767101092 0.720595223222584 0.4535411756552321 0.7006034214082545
0 0.11993574438190535 0.7329319064106875 0.11884144274245045 0.7167429111538924 0.19034463299510662 0.7119101659619171 0.19143905271880612 0.7280990337183683
0 0.1502164267211583 0.6807295939003128 0.1527306610191772 0.7163369440581547 0.10866493428750346 0.7194477692359621 0.10615087844507798 0.6838405870424837
0 0.16728765392826972 0.6455289919033487 0.16967613146550775 0.6793560083362918 0.11332733639846992 0.6833339022459242 0.1109390641988739 0.6495070784244035
12 0.17719477883690615 0.6038652220209227 0.18952660416266554 0.5497856489301811 0.4033398456284658 0.5985351602431421 0.39100927770243743 0.6526136374912472
12 0.5872642951653688 0.6914735394402414 0.5924382631426397 0.6753421989073638 0.6245637788533713 0.6856446384778301 0.6193898779371239 0.7017759219486707
4 0.4154111773675595 0.9245777635934092 0.4149906747695695 0.9479837901434041 0.31128302461740986 0.9461200779029459 0.3117038661450806 0.9227143947642776
14 0.2682099666704971 0.7689693044716299 0.26865443498275 0.733786992049707 0.5189004214386159 0.7369452404264301 0.5184569769145355 0.7721265285615184
4 0 0.7889294223918575 0.02188712340966921 0.7889294223918575 0.02188712340966921 0.8065767748091602 0 0.8065767748091602
5 0.3150152191400366 0.6868589001405313 0.31284512346280735 0.7161564762796121 0.23401467004907772 0.7103178196054262 0.23618499174824592 0.6810204883218856
4 0.8804609258660321 0.7710675502178199 0.8487908082393005 0.7480614864756848 0.890163374777444 0.6911177558296598 0.9218331473967964 0.7141236381701391
4 0.8956496733120503 0.6733314447625968 0.8316160807725055 0.7614602848490445 0.5727419494468222 0.5733852073042475 0.6367744013716674 0.48525929312222915