12 0.08104905888467329 0.19345374279159666 0.14606873026150424 0.18448375219623214 0.18285981877011181 0.4511595440115833 0.11784017195702745 0.4601294135132515
12 0.5089806731118642 1.0074182780620233 0.4139740751311365 0.9997885075395254 0.43195174196114294 0.7760197759509825 0.5269528900867044 0.7836493349602155
0 0.7786307568359234 1.0000000000000102 0.778632125708441 0.9350492002765189 0.869888453380554 0.9350507467757848 0.8698879566347841 1.0000006832956256
0 0.6454640037645731 0.5080324962567836 0.6367867339814666 0.4534526222221457 0.668783331394252 0.4483660784294594 0.6774607046698975 0.5029458240884198
7 0.17458632075602054 0.4403158141688949 0.2106117918920063 0.4373564228870039 0.2175799740605271 0.5221763599660962 0.18155450544395535 0.5251357329379791
7 0.28888642577214796 0.6303561148129235 0.33411813683096625 0.6085943752887139 0.3688571289047786 0.6807902440156401 0.32362552888469054 0.7025518098781045
8 0.33225386804792834 0.6980655001672169 0.3495211900344657 0.6946231501319396 0.3581523185143851 0.7379114509845555 0.34088500139512234 0.7413537844050045
7 0.3372716140997909 0.8197480865243651 0.38206198971067806 0.7952492587801459 0.4182905351090085 0.8614709700638011 0.3735003265909427 0.8859695616410033
0 0.5965529491745656 0.9633617324907129 0.612259293746888 0.9645269789871258 0.6104351536696413 0.989107428697735 0.5947288095669592 0.9879421864782947
0 0.7132844263943525 0.7038220877221893 0.7021734959259902 0.7082369350890287 0.6854712995365162 0.6662081424912942 0.6965821365049578 0.6617933159664838
7 0.07853596111272054 0.1610619652859078 0.033460864218795905 0.167795179266491 0.015869861664100426 0.050033303229217306 0.060944807925011446 0.04330009977455618
7 0.6652002685447087 0.5372477243386973 0.6997955689482751 0.5328426703929369 0.7086325030401213 0.6022373545490634 0.6740372077772463 0.6066423818283386
7 0.7990514393608237 0.7247886567975864 0.7673060832164538 0.7307986902843119 0.7547812835683771 0.6646507016590183 0.7865262063974114 0.6586407098762731
7 0.7384612536944815 0.8460884242034765 0.7725132182497418 0.8408298273535063 0.7824542362651528 0.9051881006154836 0.7484022821943199 0.9104466519333794
7 0.8928267150544116 0.6679913533674902 0.8635285168058999 0.6734840966868375 0.8519706699178187 0.6118416341298132 0.8812685246987257 0.6063489235348497
9 0.8934311323456541 0.8246017398274459 0.9268870308901569 0.8153641448282891 0.9539542763409372 0.9133720340275266 0.9204984266161773 0.9226095047609526
7 0.952222665491604 0.6062090676775405 0.9803230149783531 0.604554033446809 0.9838695755290701 0.6647628803714313 0.9557692269115705 0.6664179049759995
8 0.5148135238033547 0.6249567331828593 0.6037412603137682 0.53593586913445 0.7055284254839762 0.6376056252370106 0.6166019349728913 0.7266252539002129
0 0.80096431918912 0.9244462075028844 0.8177512704158971 0.9273967965949679 0.8087792870350086 0.9784276854061932 0.7919923415570338 0.9754771184666831
0 0.8154701807590072 0.9360515423301262 0.8146121888502194 0.917828506890075 0.8342127430901201 0.9169058969316509 0.8350707829221165 0.9351288818969457
0 0.8656729167230424 0.9436352165184866 0.8538021211595606 0.955860777453633 0.8272774728291097 0.9301126096534548 0.8391482084610971 0.9178871130811956
0 0.8171647498288621 0.9125596853073898 0.7546822099985775 0.8700488597154027 0.8351245913705725 0.7518407228849426 0.897605552048617 0.7943508103271792