4 0.12213061846478013 0.40205843525246826 0.15083997254430415 0.3995312654985957 0.15426903410536852 0.43848432437799845 0.12555968080687308 0.44101148781567784
4 0.3000720927399243 0.348860191194948 0.3087488305507122 0.3049077011061541 0.3693485178287119 0.3168704065538865 0.36067193819280874 0.3608227564639042
11 0.3440803406484747 0.3433883624392835 0.45618525130271337 0.3355418450078735 0.4677949714729266 0.5014044121578628 0.35569007053982205 0.5092508458726254
11 0.2846137145263583 0.38368868057602984 0.32749716360024195 0.46419837425205723 0.19097837941717444 0.536909197323522 0.14809594532039227 0.45640037402980105
11 0.5199430591630971 0.3166934401709402 0.5016726551781403 0.3166934401709402 0.5016726880293163 0.2730666752136752 0.5199430199429571 0.2730666752136752
14 0.035728035612578424 0.9999999999999869 0.03573700754611764 0.8038057603279574 0.23790972284564305 0.8038143583435022 0.2379061780070515 1.0000032487442212
5 0.43121935307738113 0.5085404844381715 0.4312246311101262 0.6749565484644213 0.18162040548406821 0.6749595862781461 0.18161889461646297 0.5085472547865498
11 0.6519413461907106 0.9710885170550804 0.5591555600872198 0.9368952026696976 0.642513360849307 0.7107599517665864 0.7352938786825689 0.7449521836860648
11 0.7370143514492611 0.9999999984289523 0.7370146378093523 0.968864786888645 0.7776772439276556 0.968865141647 0.7776771475248552 1.000000163052555
11 0.808009741719161 1.0000000257163468 0.8080099640526441 0.9484572172001907 0.8458666618581674 0.9484574579948897 0.8458667293371036 0.9999999753903691
4 0.51994301994302 0.5445403482905983 0.5741349700854701 0.5445403482905983 0.5741349700854701 0.7478345149572649 0.51994301994302 0.7478345149572649
4 0.5830093374153194 0.9693827542342823 0.5227107762214018 0.9595650952605681 0.5451950853798735 0.8215120049068413 0.6054914061214731 0.8313294786262512
11 0.921134596866068 0.9999999999999803 0.921136191289861 0.9042715626266241 1.0000004967363338 0.9042731470533735 0.9999999999976126 1.0000004756681038