8 0.09639549357427768 -8.791662414571328e-10 0.09639549437088135 0.02573692304826752 0.06224469908534047 0.02573692213361152 0.06224470000006477 2.1917562607175103e-14
10 0.08101445115676142 0.3048009224910605 0.14742950880736316 0.23492261562912584 0.23451471558792036 0.31768969970374306 0.16810006289006196 0.387567608831147
12 0.8689341249441895 0.32368886088535426 0.8649614600182076 0.3555945223736424 0.7896404079765489 0.34621615389239085 0.7936131789314231 0.31431061195894355
12 0.677112513062184 0.32727656505442754 0.6804259643281512 0.2999252515846103 0.7959517288991265 0.3139198825203425 0.7926384486912639 0.3412710393347201
12 0.5174790544930374 0.3104192601320907 0.48160436120997474 0.3126612240281448 0.4783090939107524 0.25993226237293726 0.514183624549787 0.2576903035428435
12 0.5773486051131158 0.2115535804422633 0.6105530022566654 0.21932958897046606 0.5987377540436682 0.2697811082405694 0.5655333617688711 0.2620051144767452
12 0.8049743738359894 0.13756562023889418 0.77508203996274 0.16177187091595222 0.7428449275247431 0.12196238485695464 0.7727372245536799 0.09775615766721366
8 0.5153256960721819 0.10914445432892268 0.494964716807317 0.12017406644005503 0.4799180526275677 0.09239756716157568 0.500279015917954 0.08136796038552412
8 0.6052668019606244 0.5372027091606341 0.5870266118233758 0.5146796666468767 0.6264362710783189 0.4827664540681363 0.6446764132529097 0.5052894084337306
12 0.10666372687444436 0.6019669976313405 0.12844542514142177 0.630412114975647 0.06335856132227491 0.6802455230872617 0.0415771123915647 0.6518006334175604
11 0.1049037469048244 0.6507137463563968 0.12095482238385102 0.6713520497844669 0.08578380895869486 0.6987017863924581 0.06973283614456705 0.678063577108473