9 0 0.6527777777777778 0.0606994755859375 0.6527777777777778 0.0606994755859375 0.7745086059027778 0 0.7745086059027778
9 0.2961011311957691 0.5681800639114081 0.2800239449105675 0.5738755450920694 0.26324615162775444 0.5265194594405257 0.27932321488049183 0.5208240021681348
9 0.1755550595017894 0.35029228699341625 0.19632678721927732 0.3386086770745133 0.2141310779052219 0.3702608623532657 0.19335936688310085 0.3819444490100069
10 0.16124295067277217 0.5826843431620088 0.06704840900385989 0.5667900881958775 0.105322626886732 0.33999104061847985 0.19951423698319104 0.3558850453675232
10 0.2265624960440391 0.23611110445269515 0.226562508542429 0.26841355938850225 0.21455501135460509 0.2684135528212943 0.21455501372167873 0.2361111126592162
11 0.21711067944727347 0.4926285330825365 0.27949414122213057 0.49694734228022386 0.2643343798006299 0.7159013759487085 0.2019509267987587 0.7115826542595051
11 0.29954793577985583 0.18852884007791712 0.3418043507501807 0.20179448469547803 0.2920487989832736 0.36028252154712914 0.24979242173128569 0.34701696918466884
11 0.28875305125575323 0.6317704836759606 0.4054469782549859 0.6214401889865502 0.4285690711094503 0.8825926827675654 0.31187518885928966 0.8929226670846877
11 0.3328252858128735 0.8544621424432055 0.40173322079147056 0.853955931063233 0.4028063128288295 0.9999940188647086 0.3338983779744922 1.0005002198820272
14 0.8484837528010303 0.876517473932951 0.9256549123398372 0.8729003926717426 0.9316131268419667 0.9999874466523575 0.8544419722239809 1.0036044624301637
14 0.7667337137113464 0.7404529739326805 0.8547471556768187 0.7422371401330515 0.8499119733533007 0.9807075648753689 0.7618985328405188 0.9789234545232293
14 0.41250272264460364 0.8404793671709183 0.4677361160253213 0.8268571867828735 0.4966407556523791 0.9440286129515814 0.4414074431543895 0.9576505700082637
14 0.6713437442994064 0.7646926218408021 0.5586718501558607 0.7628175908950098 0.5642194643504581 0.42970656447079975 0.6768845832028774 0.43158153931652377
14 0.4936140749283595 0.21001542797953815 0.5550992620462694 0.20485913386398144 0.565188878666504 0.32516841791126866 0.5037036954493033 0.33032468672210474
7 0.3365172308307365 0.2526057492810281 0.372065545815758 0.24715641060663804 0.38588140609329 0.3372808789706081 0.3503330963967528 0.34273019549904116
7 0.3944186439310897 0.42439787328503936 0.4325483021090122 0.4193745852304726 0.44482663410678924 0.512568395602793 0.40669698286671974 0.5175916502131488
7 0.4864877967635266 0.3796993560236249 0.5267137379644282 0.3740352732684482 0.5405346799876725 0.47218568979820685 0.5003087466379839 0.47784973652887347
7 0.4976286659931475 0.5451130660293128 0.5371211523151942 0.5414931610766275 0.5462920318816487 0.6415356119075524 0.5067995500689904 0.6451554842684404
7 0.5206619588436752 0.7972983868263334 0.48056205013335784 0.7973507851310679 0.4804344403427194 0.6993436602504981 0.5205334593294992 0.6992912625243711
7 0.530325430148082 0.9691747101357556 0.491118714764184 0.9706959671392905 0.4875410558063322 0.8785026452420853 0.5267467623680204 0.8769814077284762
0 0.012207496093765258 1.00000000000003 0.012207506418462799 0.9964020694561275 0.024632617785073307 0.9964020966438818 0.02463261425782548 1.0000000203914383
0 0.23527667471864788 0.9513661934023946 0.22491314956027963 0.9500906563748769 0.22779562564176103 0.9266776672653427 0.23815908165101973 0.9279531999887387