12 0.48079236236060297 0.956209546437587 0.4821861278725237 0.9984672913766458 0.4003724985059307 1.0011641585870363 0.39897926423725494 0.9589069285921944
10 0.7755293750985857 0.7139404747588807 0.7662410335259437 0.7879610571019025 0.6572152864873715 0.7742813725862772 0.6665044093419965 0.7002617098287177
10 0.9722222222222222 0.9059538125 1 0.9059538125 1 0.9241771513671875 0.9722222222222222 0.9241771513671875
10 0.8963014077532989 0.8163216515773078 0.9127409750984725 0.8121708818380249 0.9259363731114263 0.8644216411658433 0.9094968163173007 0.8685723822872231
10 0.9111132482563562 0.8741649271978347 0.9212350962581013 0.8683420098081912 0.9296868620106125 0.883030098356417 0.9195650236654274 0.8888530025381345
10 0.9620266930214711 0.9999999986545959 0.9620267165837504 0.994104950811782 0.9809365986391185 0.9941050155754427 0.9809365920139044 1.00000004645297
7 0.6165772607949975 0.8018196183554313 0.6337469491020329 0.7696565970609108 0.6857795718173065 0.7974280115843607 0.6686101524373953 0.8295908021167266
7 0.6149717683856579 0.8707351613302435 0.6293360868565969 0.8392486203760231 0.6821218441646124 0.8633242726209783 0.6677578094263481 0.8948105725246112
7 0.5710145809936193 0.9040038386687897 0.5727284838203559 0.9398259353676104 0.5126662539939844 0.9426984511181189 0.510952667444144 0.9068766572952875
7 0.6076095739870198 0.9615052333449287 0.6071218916197267 0.9972692737353197 0.5468355451247362 0.9964469435751089 0.547323543986522 0.9606832223367439
12 0.5003119150235307 0.847843662042168 0.5056968724303488 0.9072813000654985 0.3297460566634527 0.9232154674762949 0.32436262645899205 0.8637792436466213