14 0.2908936592559712 0.42488955521627503 0.2685093717424252 0.5170286818788041 0.17760128045415513 0.4949443182607272 0.19998597063045054 0.40280578884929946
14 0.32923766179339964 0.628989358877466 0.32923789387916713 0.5974326043191479 0.3864305371780574 0.5974329828550831 0.3864304734038342 0.6289895682205895
14 0.4198117129201364 0.5931004812520867 0.35297286561888086 0.5780400029995977 0.3737385638039541 0.48589196978106086 0.4405764072744205 0.5009523302891182
7 0.37361534705473787 0.44234921030159174 0.31548772111227663 0.4478575170006955 0.30984530976957103 0.38831567064809447 0.3679724992713318 0.3828073847538199
10 0.7334380937702463 0.33414184184774187 0.7699546857277255 0.23571910071766666 0.9101777467502643 0.28774298410548393 0.8736619751118724 0.3861650311577606
4 0.4121159707314064 0.628988399186346 0.41211650359127816 0.6673288131527237 0.31251252189315437 0.6673295022060987 0.3125123664099192 0.6289894649357953
11 0.2629235537435761 0.7413002836135368 0.31879716273067515 0.7885525262967341 0.26314429995761657 0.8543463436085206 0.20727114734825136 0.8070945936195955
11 0.42917021069729344 0.8187701684154475 0.3811921055100811 0.8862840844225384 0.30581224867182755 0.8327265534393685 0.35379010898782326 0.7652134247156349
11 0.37261095709152414 0.8965312592365298 0.4251740033811302 0.8696946863138578 0.47247864317444055 0.9623237513186947 0.4199158687254112 0.9891599260746233
7 0.19691043866851032 0.8740214933386484 0.21536401577463948 0.8527983455013463 0.2562075661206791 0.8883036707884086 0.237754151882541 0.9095266643438322
7 0.29894138120300795 0.7428637559611381 0.2985084413119239 0.6982687098336743 0.3453909571477425 0.697813640068584 0.3458241242597069 0.7424084562185271
8 0.5334922001823088 0.9235705635083843 0.43605047739242764 0.914584726414846 0.45639870311640607 0.6940118362886982 0.5538353597971764 0.7029974447551781