4 0.16570372437126935 0.06013164697075801 0.15268102165453 0.07560572849888841 0.1275382909959717 0.05444608610388789 0.1405609907045573 0.03897200928778606
4 0.19016979245782295 0.046353662404575655 0.19969958216734085 0.06253662391227077 0.18146600556258363 0.07327396009078785 0.1719362194689893 0.05709100174184204
4 0.39559938097465874 -0.0010418899836097443 0.41208931641961044 0.0005382284532204422 0.4090332962857701 0.03243050344629961 0.3925433608582125 0.03085038512903535
4 0.43239824004274396 0.11444353185605789 0.4152854066943519 0.11371767925588962 0.4169451201850052 0.07458829631147969 0.4340579346176128 0.07531414851499522
4 0.38115257249239676 0.11107440849520635 0.39688976838931467 0.11339727202242814 0.39203618316480515 0.14627972642061782 0.376298987606674 0.1439568644084034
4 0.3980992806385757 0.14019002165353198 0.40568399132587274 0.16555486470001562 0.38433986851396185 0.17193721966673564 0.3767551735421648 0.14657239002066078
4 0.37445565917971635 -1.5073351758566952e-11 0.3744556592009758 0.007641902779938823 0.3623705507543491 0.007641902751366895 0.3623705507812929 2.8364087256957847e-14
4 0.3914082225242055 0.026818890695560316 0.3819821823112761 0.024758088463406602 0.38783818017407157 -0.0020270447667965373 0.3972642195840308 0.00003375738331726594
4 0.4359663999955501 0.2061534716935204 0.4298502297339155 0.2067070410097152 0.42815876748466053 0.18801892626104133 0.43427493092258374 0.18746535725481822
14 0.29250385594093586 0.0569425887829081 0.27818058219895647 0.0547890545509968 0.28658058362498195 -0.0010797711973783044 0.3009038516676128 0.00107376265060366
14 0.3066270799627091 0.05928680557988423 0.3006288909248269 0.059117358624349615 0.30167158082736023 0.022207642221413693 0.3076697672102 0.02237708914029123
14 0.3307789316565959 0.0696797692897927 0.3205137189602283 0.06900867884373932 0.32327996289063776 0.026695402777777502 0.33354516948577384 0.027366493029759714
14 0.33679556561821755 0.09144928569443715 0.33255127911729687 0.09126180805565048 0.33396685153059025 0.059214917331293124 0.3382111349164916 0.05940239490124548
14 0.379473656656387 0.09773650534573386 0.36636548206513453 0.10254948498255587 0.3526028138693391 0.06506685255020653 0.365710977265735 0.060253875121947284
14 0.34803469111216145 0.08675852611344692 0.36916148668115056 0.0868151941329863 0.36900730036938967 0.14429823861342878 0.34788050480131005 0.14424157065290621
14 0.36487413769373234 0.21611539409148706 0.35888808704373787 0.21613298560329466 0.358853894907611 0.20449753577345336 0.3648399411027867 0.2044799442681843
14 0.26772582248145227 0.0012832324719621395 0.2764539392170491 -0.0018903680803560433 0.28104171962684177 0.010727061913772925 0.2723136029088664 0.013900662427654267
10 0.029938135309180325 0.005276598876048285 0.03915358976109928 0.00728739358938625 0.033620203672512616 0.032646850784886404 0.024404749264817838 0.030636056224896287
8 0.05544519342822696 0.015193038194444444 0.04515921482357044 0.015193038194444444 0.04515921505901588 -1.5530052155583578e-18 0.05544519327349917 1.5530052155583578e-18
8 0.03448204794403864 0.022787324791690496 0.0445974565037659 0.025325551339198765 0.03980007070174452 0.0444442157982577 0.02968466223546784 0.04190598950850716
13 0.036715033470727576 0.06433081041490897 0.04661181026187933 0.06818797898570873 0.039465630307745414 0.08652371602662864 0.02956885398839404 0.08266654832259003
13 0.0568358855596216 0.17172208587068027 0.05501685367278242 0.1630392033405313 0.06165723287574565 0.1616480801604168 0.0634762658503405 0.17033096119889632
13 0.16316292744613747 -0.0008680253914869322 0.16734746004669887 0.001254559687592373 0.1597773097166737 0.01617859765027586 0.15559277714328346 0.01405601261027148
13 0.16596975614550047 0.07513095262570195 0.16167332989596161 0.07430279776748183 0.165603141964084 0.05391516148485315 0.16989956650752447 0.0547433161739098
13 0.1797288112474007 0.03165836625672636 0.1841238316816316 0.03289899411534093 0.17964945569042357 0.0487498108369421 0.17525443530701068 0.04750918310355787
10 0.467152766662025 0.024155147608955627 0.4715708164062562 0.018782765625041175 0.4800702663250149 0.02577240009866828 0.47565221682214087 0.031144781857278116
10 0.48456216729437074 0.013810736900319438 0.48001979514572213 0.014069345786550615 0.47939487545772863 0.003092854944443129 0.4839372474760921 0.0028342460619584326
10 0.5031362215231638 0.022940432126076094 0.5031362218046525 0.029990836781662672 0.4920804765572484 0.029990836822512572 0.4920804765908997 0.02294043248298187
13 0.530952495279962 -0.00012025743387998164 0.5435051739606251 0.005050639449884535 0.5209372296054653 0.05983573528980648 0.5083845516486463 0.05466483977836624
10 0.2051714378322913 0.022396628385094722 0.2197883421183633 0.02224620543007405 0.2200563583639905 0.04828988088490346 0.20543945407746378 0.048440303819692464
10 0.21873948077882233 0.03686783280936206 0.22756580889858924 0.046214922266484944 0.20670087862549735 0.06591737146904603 0.19787455270477494 0.05657028413271276
10 0.28015562418363515 0.06591170275965644 0.27318017977222553 0.06473574716393327 0.27527556516088225 0.052306517409464376 0.2822510080095526 0.05348247286994245
10 0.3147796224134254 0.05915520688164201 0.30889715180092026 0.06099548264600679 0.3052506663021859 0.04933944306103337 0.3111331357860081 0.047499167488480806
12 0.1625840039062041 -2.024093701170439e-11 0.16258400392928252 0.006588137155501638 0.14764261618643104 0.0065881371298856005 0.1476426162109874 1.7477908947197648e-14
12 0.13395921056064708 0.03129163629549694 0.12256622560039432 0.025315575850750317 0.13726256323002417 -0.002702066632917453 0.14865554677123782 0.0032739933351799474
12 0.127830990234429 0.022261003472222186 0.1418979424868212 0.02222058443540906 0.14197322665700085 0.04842156708003997 0.12790627440415392 0.04846198611113945
12 0.12807502513794589 0.0603150369690766 0.13517142771468116 0.060342793075495345 0.13512005152279016 0.07347812477333172 0.12802364894616858 0.07345036867063619
12 0.45834371386717976 -3.348456287338393e-11 0.45834371392493267 0.010957423630273367 0.4464864052288249 0.010957423583379514 0.4464864052733901 4.9757510603882004e-14
12 0.4380265765611284 0.018882732370672402 0.45147664265516596 0.01965072335034046 0.4468524117138486 0.1006362539969348 0.4334023456583509 0.09986826357984917
12 0.44413519724832895 0.1351094471293571 0.43129002875298283 0.1334683059794028 0.43932421965268986 0.07058525024853937 0.45216936157123655 0.07222638962284295
12 0.42470597971635016 0.15522435165168297 0.43497562149173064 0.14608251459951913 0.45389835420166946 0.1673395336646683 0.44362871848295526 0.17648136431025183