9 0.26987951807223 -1.524184497556667e-8 0.2698795332398731 0.06519928229047268 0.1856457689899571 0.06519926961749567 0.1856457819277466 3.165024629307933e-14
9 0 0.2407538891566444 -0.013557058298374614 0.216308024916276 0.02861926968262196 0.19291843332715994 0.04217633047232994 0.21736425900677625
11 0.3976388911074764 0.04425216595268727 0.39793050433036115 0.05872396568901986 0.3600998689857988 0.05948626155134702 0.35980826016577794 0.04501446615619601
8 0.3215694987345614 0.0059713789171826235 0.3218045687516451 0.017637217844132583 0.26987951807223 0.018683519277117092 0.26964444920440656 0.00701768127663159
0 0.6530757710811486 -0.0007085329192012823 0.6535288468403451 0.021776254752858052 0.5297502826754226 0.02427041629335064 0.5292972120481636 0.0017856313252721558
10 0.711476199886647 0.32946376538556527 0.7423171489846254 0.2970532785481879 0.8341825797789397 0.3844667613057694 0.8033418579337877 0.41687702521818026
7 0.26987951807228916 0.15111743253012047 0.30839343493975907 0.15111743253012047 0.30839343493975907 0.18898671084337348 0.26987951807228916 0.18898671084337348
7 0.26987951808041544 0.09231153760389185 0.2686170126975185 0.052664316701999586 0.31998966087314784 0.051028435061286015 0.3212521884472608 0.09067563208631685
11 0.807250893166156 0.074110338347569 0.7941301775119882 0.006570234437976352 0.9613888633355145 -0.0259223322777852 0.9745095920196718 0.041617657542921974
10 0.790439444744834 0.00414801841270645 0.7988046966606817 0.08658325197495757 0.3468281892057803 0.13244715404363033 0.3384633645815711 0.05001229082825039
10 0.5103016838464782 0.20244171870461208 0.5009348104478022 0.11680907151643756 0.9633824293180169 0.06622308967319473 0.9727500197528798 0.15185476723535465
11 1.0123444483257344 0.2565207504679034 0.9616624884298517 0.37665210683378464 0.5996671703856009 0.22393058838655722 0.6503496674079088 0.10380111025125252
11 0.6140633106996347 0.20357625529943074 0.6562050907281218 0.31651118137317114 0.31195710610143124 0.44496098635445264 0.2698178476398425 0.33202824473375503
11 0.6898590551292045 0.4056671819627094 0.6951871408950865 0.4954200855012729 0.4477633169295814 0.5101045845496581 0.44243685495587215 0.420353251268855
8 0 0.6268703048192772 0.07873321807228917 0.6268703048192772 0.07873321807228917 0.7446967759036145 0 0.7446967759036145
0 0.05348531197091688 0.9599024583388597 0.05492418218477724 0.8909943988419271 0.15686504589746164 0.8931222750385805 0.15542718713095383 0.962029341911417
12 0.2698798983967663 0.5884916698795181 0.21608506802215288 0.5884916698795181 0.21608541999648878 0.5069284602409638 0.2698795163405521 0.5069284602409638
12 0.2698798417580974 0.6951271289156626 0.21833135507654333 0.6951271289156626 0.21833166708870522 0.6338731253012048 0.269879510054011 0.6338731253012048
12 0.28495675222961836 0.7869358237741741 0.25482930577220486 0.8714413641447447 0.06645935404833381 0.8042949321896302 0.09658775151456211 0.7197914417123105
4 1.00000094490656 0.678004434939759 0.9345893385204818 0.678004434939759 0.9345901695897965 0.5318182144578311 1 0.5318182144578311
10 0.9506238571856329 1.0000003763541816 0.9506244395970498 0.8710152951703273 0.9999999963981736 0.8710158300536334 1.0000003225795808 0.99999999999744
10 0.9646315158560128 0.7921733895037114 0.9977622250640934 0.7878367053132156 1.0086942371565328 0.87133626215315 0.9755635374672238 0.8756729000675884
10 0.8644067762928671 0.8422401723793937 0.9352677498851563 0.808253850563798 0.9766420808201701 0.8944997555073392 0.9057813834746185 0.9284856462010608
10 0.8071970048349613 0.7990200706102882 0.8279522886192581 0.6749666305622862 0.9790065929421417 0.7002355361252615 0.9582537707524352 0.8242867592731131
10 0.9871093348907607 0.6731623513793783 1.024834924940592 0.7191786995534735 0.9638690830212227 0.7691519115307105 0.9261439184539313 0.723135960786368
10 0.8331483355080991 0.7342743639392341 0.7763501473292536 0.7533384802349842 0.7408753285150169 0.6476611961603934 0.7976722981150033 0.6285973010644441
10 0.9111089996303008 0.6868871139360752 0.8145613056293541 0.6923178606573269 0.8088871761868859 0.5914393975220937 0.9054329668192622 0.5860087046185104
10 0.9475884487509347 0.49839493752403086 0.9810312028982935 0.5344512962277157 0.9116094296380197 0.5988346708337202 0.878166965859009 0.5627785952249592
10 0.8016750565020629 0.6375441453564223 0.7187482047283993 0.5607941450607083 0.8460592898557024 0.4232517662930221 0.9289845356468049 0.500000432187602
13 0.7753742265050505 0.4999998083822534 0.7753743757821212 0.5297114604977158 0.7322291824920057 0.529711551691008 0.7322291337349043 0.49999999999998473
13 0.7312937313224666 0.4999995169489457 0.7312942293106062 0.5834829255169747 0.6764819282799408 0.5834830193598631 0.6764818108433701 0.4999999999999954