14 1.0000000222221388 0.5194988958333333 0.9932487531247034 0.5194988958333333 0.9932487728011665 0.4779909687499999 1 0.4779909687499999
9 0.9634238313536798 0.6295289073875767 0.9871396908481529 0.6143854920256985 1.0204024099110711 0.6664712648292955 0.9966866239511774 0.6816145875673488
9 0.7901270024415226 0.408247784530476 0.8430563045245663 0.40372091790254366 0.8517220785248583 0.505037314215577 0.7987927813237548 0.5095641486586528
7 0.8987940399842955 0.07952110160287673 0.9353066192242068 0.07483304958507042 0.9445395950996271 0.14674323866442318 0.9080270170012454 0.15143128499551123
12 0.5619862402343188 -3.2457367175185853e-10 0.5619862407028222 0.020540213670386626 0.5426903953217561 0.020540213438818945 0.5426903955078615 2.3591702229547012e-14
12 0.6150209502511643 0.1597833996746171 0.558296792146848 0.14238703044095866 0.5873115765779175 0.0477795223444246 0.644035563999978 0.06517586303713573
12 0.590693916615237 0.3538666099246472 0.56418322823788 0.3188844884648602 0.6220545225047545 0.2750289605629178 0.6485651582822811 0.3100109584642483
12 0.4367940121933316 0.29777531796012463 0.44271650295991094 0.23568333811479789 0.5312709562629152 0.24412968998197002 0.5253487137114234 0.3062214371915222
12 0.5640367958824299 0.4266893019509924 0.5731973892433189 0.48123170409520033 0.5210794411875668 0.4899843297003804 0.5119190741634156 0.43544212831013296
12 0.5369534388772763 0.5295633436490136 0.5697850124588513 0.5844517976523773 0.4418179854462778 0.6609860263723376 0.4089872585067269 0.6060983075742223
12 0.25792211021314415 0.45300253763272325 0.22626560752485148 0.4176949354569596 0.2854065340292209 0.36467252006381035 0.3170629040599806 0.39997994599940534
12 0.24464263155971366 0.5367941143581164 0.24837811779275398 0.4819416461386204 0.3269306482347929 0.4872906269368411 0.3231955185000288 0.5421427599798265
12 0.11162165269740854 0.6943922304880951 0.08294341473128952 0.6397357757302723 0.16284493028570068 0.5978167857408525 0.19152322547029144 0.6524727554715355
0 0.47061835631689064 0.04121205838389223 0.4930213543790387 0.07996295479352121 0.4472843152235555 0.10640476804317565 0.4248813429438769 0.06765389402787143
8 0.10730397879524389 0.20682301506780174 0.12366495065464278 0.11245792369184006 0.24629652168448501 0.1337195723823369 0.22993590186399615 0.2280843419460677
8 0.00029167828381559957 0.17167933333081262 0.04042594010627454 0.17191622605239273 0.040130560377861 0.22195877568813008 -0.0000037014385725342436 0.22172188332221326
8 0 0.22187393229166666 0.032386765625 0.22187393229166666 0.032386765625 0.3748137621527778 0 0.3748137621527778
8 0.08946697339467846 0.2717586162034047 0.16801268363713007 0.30718979254504675 0.13710747294771863 0.375699853334328 0.058561843134043556 0.3402688085936674
8 0 0.4509526093750274 -0.015249206139287708 0.37672283386958194 0.050323135991902745 0.3632527544659146 0.06557257107692749 0.43748223276659426
0 0 0 0.0991833466796875 0 0.0991833466796875 0.1477999357638889 0 0.1477999357638889
8 0.1255380584792647 0.018506800127971578 0.17516949065384324 0.0736668070619828 0.11755114930952004 0.12551005748473826 0.0679197672736791 0.07035009656695211
8 0 0.4435428159722222 0.0747593994140625 0.4435428159722222 0.0747593994140625 0.5363453871527777 0 0.5363453871527777
12 0.14659729819800305 0.9085552200226593 0.16457015249193319 0.9706314453920163 0.0071678520139357715 1.0161888244437236 -0.010803251889797139 0.9541141015106674
12 0.34687546190548346 0.6834904433344058 0.3808583211309724 0.7399675571388693 0.2406283904186921 0.8243291156843432 0.2066467387977582 0.7678530510905016
13 0.12568338471385232 0.5730452516326378 0.1036887014719241 0.5411828509546988 0.25606382638761715 0.4360058011363859 0.27805839517304776 0.4678677531674622
13 0.39913441129806415 0.15708750430593332 0.48024456986843234 0.24175235479309984 0.27170389010632334 0.44153041419096534 0.19059482258967364 0.35686667267105926
13 0.4301219431433765 -0.008802306917983015 0.4423697611106263 0.059966439881955956 0.24440222777354847 0.0952245693900391 0.23215450311704444 0.026455882055203477
8 0.35930163281250316 -1.5185948907459275e-11 0.3593016328286467 0.00444901908796555 0.3355221786931679 0.0044490190671502726 0.33552217871090306 1.7548958935809443e-15