8 0.15830336816406998 -1.248848319134883e-8 0.15830338606599526 0.06938295623081807 0.0773201831894994 0.06938294360272111 0.07732019522438804 7.88176237383488e-10
8 0.6562499999627107 -7.94881696145866e-10 0.6562500006929213 0.027799118471267554 0.6281767725446343 0.02779911758869058 0.6281767734377581 1.3069781293096028e-13
8 0.6851527233339993 0.10951907550453259 0.6476928176488173 0.10284559844813553 0.6570555655176804 0.05029041687883831 0.6945154242181388 0.05696388966704781
8 0.6575148801732666 0.18237736407083321 0.6265335097044726 0.18583268966870936 0.6205383924763055 0.13207892294960208 0.6515196848612277 0.12862360169242074
8 0.6685651571395965 0.2382705079707188 0.7025271050955553 0.2302722968760561 0.7206594769792218 0.30726423660281416 0.6866975384292573 0.3152624212643375
8 0.7415479272866605 0.3836471279215526 0.7424720220482186 0.4299791741900793 0.672539919410724 0.43137363166431325 0.6716160293566418 0.3850417849083937
8 0.7503867899362149 0.2907039931992447 0.7427555602164375 0.29188013606148405 0.7401545634451168 0.27500432393450086 0.7477857821257885 0.27382818193842284
13 0.07424392795257972 0.3338175361547478 0.0575852444087559 0.33028051374821665 0.07338165552278042 0.2558848865324172 0.09004023079364742 0.2594218971668155
13 0.08044035319551313 0.548915314085298 0.1261092648757085 0.5696119277320021 0.0873739660727324 0.6550753399859076 0.04170516315855366 0.6343789052598661
9 0.030624416426576317 0.09184021210722251 0.062299623449689534 0.03400328584113944 0.10253099506678609 0.0560365448919484 0.07085582444210559 0.11387343925047178
9 0.2134816575410241 0.04529110607479016 0.22932040882301408 0.07836526344503342 0.17440822189621485 0.10466186480898261 0.15856949683814037 0.0715877295758375
9 0.23745276341969657 0.09044187920180292 0.22505331482420843 0.09385738326518438 0.2137642375989799 0.05287422409757378 0.2261636753152061 0.04945872161986236
9 0.3139863449589484 0.303947172766446 0.3117864918796158 0.3436897007067339 0.23448014642326598 0.33941051484807677 0.2366801413148778 0.29966813833054456
9 0.34257872193234107 -0.002196969323815549 0.3555174877938043 0.00013212083328904836 0.34763489453848706 0.043922189320316045 0.33469612874318955 0.041593099467893274
7 0.6332157683735886 0.03693779601865411 0.6109311470713692 0.03992795380409731 0.6068475112704164 0.00949400670632825 0.6291321286799985 0.006503849146624564
7 0.6141300783293673 0.07494285534161339 0.6385199982291851 0.07601657040110894 0.6371753765247377 0.10656018736656417 0.6127854566503856 0.10548647275256827
13 0.7420994550761861 0.23106131560576654 0.7308719862960515 0.23266798361594862 0.7219072020250223 0.17002234880496944 0.733134628579478 0.1684156838386644
13 0.47540264387794195 0.42256319639818607 0.47713239318727574 0.44411604296320156 0.4551452278714123 0.44588051615561447 0.45341551223634724 0.4243277010818053
13 0.4781427335551598 0.4168702599167911 0.4690059190112379 0.4320608812895851 0.45627307021175056 0.4244027619296401 0.4654098839632752 0.4092121550015237
13 0.46530309513582324 0.3698919409596121 0.46353956706957433 0.3495110009767564 0.47867757113510834 0.34820118904815933 0.4804411144974665 0.36858211205352787
13 0.45860917936056467 0.35360109147325075 0.45120705413955875 0.3547867028620726 0.4491766387362759 0.34211065418694564 0.45657875408369364 0.3409250436038876
13 0.39044542505689606 0.1427406760888451 0.378713907401675 0.1423465543448395 0.3801265709615791 0.10029737969224575 0.39185807034550635 0.1006915011288901
13 0.3547334500572106 0.17408018467388947 0.3688976298229818 0.17233751098727257 0.3737225170015108 0.21155301795179518 0.3595583376173863 0.21329568960752143
9 0.2418103593173555 0.4186462457956621 0.23306938054520288 0.4168313858749938 0.23675993094309433 0.399057409930397 0.24550089055446733 0.4008722677957004
8 0.21927278292218944 0.4007979056791276 0.23053589678579556 0.4003124102672123 0.23118624884341443 0.41539931165635136 0.21992313500891214 0.41588480661261956
8 0.1192337584351435 0.331688086022987 0.12833608865173574 0.33735739639717194 0.11970373490532893 0.3512165303693089 0.11060140840595523 0.3455472248095619
14 0.2693016442234466 -2.6478185962232948e-9 0.26930164566010717 0.029944319564425097 0.21061888612564417 0.02994431681917243 0.21061888867188827 -3.648009251346582e-14
14 0.339863194931354 -2.710591284456894e-9 0.33986319698192347 0.031187181671945466 0.2876937801754593 0.031187179805263063 0.28769378222659725 -3.16813063973905e-16
14 0.2330147832624334 0.09341548055887224 0.23512234427698786 0.06599551780152396 0.29527352402283213 0.07061884955807603 0.2931659847871515 0.09803879281766455
14 0.2685114855150914 0.1998220054585167 0.24866251127377836 0.2143613376363004 0.20301889798713546 0.15204959730746517 0.22286781803688882 0.13751029374747717
14 0.27423045993145934 0.3076698257243156 0.22861799177940156 0.27500632470057396 0.2671990873558343 0.22113166566207773 0.31281138674353315 0.25379508002413304
14 0.24535532301786134 0.41045165196257627 0.2654838428587709 0.40965006326386916 0.26666241252007694 0.4392432749311663 0.24653389276818416 0.4400448620950351
14 0.32601804024056946 0.33682183646481717 0.35589462834752794 0.3381541771592459 0.35058209783346683 0.4572777525108437 0.3207055103687253 0.4559454214045998
14 0.3028069615215827 0.47981165891735716 0.2960818926090951 0.4534772560736934 0.33804533863519737 0.44276163708143973 0.3447704597107304 0.46909595981567004
14 0.32839814679471147 0.4941222491627925 0.3453833854985078 0.49512189378751864 0.34267685719078145 0.5411055866349338 0.32569161881758646 0.5401059456426768
14 0.32218815563840053 0.5763402470528195 0.3352737086615889 0.5929694742949506 0.29945903110592553 0.6211489082152127 0.2863735529818996 0.6045197499408795
14 0.33180016904020704 0.5850076742031396 0.3448945739677356 0.595308474115533 0.3221797216314144 0.6241804115800408 0.30908534768752816 0.6138796465203954
14 0.32175529290987015 0.6136377185537101 0.3372207447132496 0.6139088227678938 0.33639084630033267 0.6612455890807236 0.32092539453117297 0.6609744861111101
14 0.250047486760991 0.6196997757621651 0.2723405803398009 0.6289756704221893 0.25932498367592416 0.6602526266673234 0.23703190753133185 0.6509767626391886
14 0.3105431059984767 0.28259679824709644 0.32854167965660963 0.27541406605063706 0.3371656131827194 0.2970234845549897 0.3191670436011691 0.30420620937667264
14 0.3224881575283689 0.2436090020340662 0.30529244676733924 0.24891456353962435 0.2882428377126871 0.1936563064816554 0.30543848800925844 0.18835075487783348
14 0.2860950386677814 0.1334960930442072 0.3116196413596981 0.13284194326391865 0.3131380646109392 0.19208963400971868 0.28761346195142323 0.19274378282923535
14 0.3395506528261194 0.10764279004456273 0.3415810534136199 0.16446915377786878 0.3146297841564092 0.16543208974015794 0.31259941637222255 0.10860575746609955
14 0.3523492016747696 0.04790735984904184 0.34221980088375403 0.04444258871062579 0.358362455620977 -0.0027511076336821593 0.36849185316805233 0.0007136628948903861
14 0.3666315910255662 0.06298140345242274 0.35760606274982365 0.06273586500765783 0.3590744631950429 0.008760371699085907 0.36809998611613537 0.009005910070686695
14 0.36177243065776565 0.09052102567636618 0.3417118869715523 0.09002077138485398 0.3426215202058529 0.053544175619582544 0.36268204735063136 0.05404442970076236
14 0.3471519611757685 0.08613200031939919 0.364640951768024 0.08722951079896607 0.3621040797411297 0.12765480861677922 0.34461508921117456 0.12655729886299005
14 0.3442111166978066 0.12198608027052035 0.3620533477472918 0.12221082147524817 0.3613330150304819 0.17939775982172382 0.34349078399134214 0.17917301891156487
14 0.3416209872378886 0.17388192896104024 0.36276573964698855 0.17505285334705112 0.3563656304278311 0.29062544019757935 0.33522087836502124 0.28945452054979787
14 0.30581675778660156 0.2298195474299632 0.31304802437136914 0.22627064474927136 0.3445349520380887 0.2904273435569228 0.3373036919618926 0.2939762361466209
14 0.3408632306087611 0.28605236898079345 0.3560137302632711 0.2870330026072005 0.35225529780439047 0.3450979901967455 0.3371047984219331 0.3441173593068875
10 0.5917707901812719 0.2294821839676405 0.574002137574098 0.23524122259555658 0.5603789033154953 0.1932092977029342 0.5781475087890158 0.1874502673611204
10 0.53515625 0.33639752951388885 0.5673390947265625 0.33639752951388885 0.5673390947265625 0.3819444444444444 0.53515625 0.3819444444444444
10 0.41181685668277623 0.09525665317407928 0.417831429554667 0.09452003059634873 0.4195236835605556 0.10833735632014552 0.4135091107181097 0.10907397873885184
10 0.5525490741426893 0.5247893075285092 0.5323710633439305 0.5195609898864154 0.5380069179078646 0.49781201851701556 0.5581848617938476 0.5030403270708437
10 0.6660971264197997 0.3043944570689242 0.6563561409661816 0.308046023634359 0.6494640046953464 0.28966091364550217 0.659204974362865 0.28600935037545816
10 0.6235189136785948 0.20854210496273046 0.6229606968444159 0.21782417507542942 0.6113635406398998 0.21712673674556332 0.6119217607422343 0.2078446701388423
11 0.37839987878874126 0.44075147754236815 0.395351353685669 0.42469922290167295 0.42884819792834605 0.46007037503283105 0.4118967754169489 0.4761225760247895
11 0.3530905608397461 0.30121068755231967 0.3819392666435988 0.27100057245628856 0.4036225050762141 0.2917061451464445 0.3747738408735586 0.3219162193262833
11 0.4609166820561086 0.26169008574756 0.46130441815591894 0.2822942335881279 0.4328373218735351 0.28282989832108546 0.43244961056336706 0.2622257749338253
11 0.46422508049738553 0.05599189580266728 0.49196501205460663 0.05962888983470724 0.4848007585509322 0.11427168453775206 0.4570608273384096 0.11063469305979969
11 0.5102358445275286 0.17174590817842536 0.4907066008139509 0.14479153771551756 0.5161885152283503 0.12632926537266803 0.535717752325354 0.15328361654166536
11 0.507731390321851 0.23817107607257937 0.5215256880491097 0.23382141110024124 0.5305799487921377 0.2625350858357034 0.5167856532882524 0.2668847458115075
11 0.44340260785065766 0.23783603086681107 0.43502914376699664 0.23719995950356285 0.43626468296713483 0.22093522582689187 0.4446381375080364 0.2215712968250981
11 0.5514652235374342 -2.0029521519744e-9 0.5514652254995553 0.03097858558407963 0.4858174906075874 0.03097858273469486 0.4858174931640633 2.386037213183861e-14
11 0.556120729492136 -3.4442530258088065e-13 0.556120729493955 0.002546600694392443 0.5493734775378698 0.002546600693747804 0.5493734775390067 -2.2103437918912244e-14
11 0.530371127866033 0.3732894086610381 0.5693350722917785 0.39676189039453597 0.5233361906925893 0.47311508279543807 0.48437234681966856 0.44964273558903417
11 0.5760587784665177 0.13236235722154768 0.5930597603385195 0.14435118866822175 0.5750131419110858 0.16994234082304852 0.5580121671440565 0.15795351799235743
0 0.4004253583984375 0.037198486111111116 0.4218855234375 0.037198486111111116 0.4218855234375 0.07030012326388889 0.4004253583984375 0.07030012326388889
0 0.4395177557577199 0.08413468287709197 0.421390502995564 0.08521349930124807 0.41914306421142555 0.04744992656157026 0.437270303622995 0.04637111052854515
0 0.40618081756213087 0.2130445681287411 0.3922056750648153 0.21888151172872236 0.38049200317129817 0.1908362921948262 0.3944671228239258 0.1849993539843328
0 0.4301533039383685 0.2609337100235007 0.43142068011775336 0.24959765732100503 0.4491406447286863 0.25157871694566064 0.44787327717165226 0.26291476175713147
0 0.4434402399242572 0.3279136835502063 0.42356854119839227 0.3468978226415279 0.39381912158091836 0.31575846243145306 0.4136907760552049 0.29677436301125454
0 0.47504187498964257 0.2521764509583776 0.4739622865461115 0.23974628448797794 0.4997985647785299 0.237502382811503 0.5008781640482312 0.24993253710299737
0 0.7338636046599731 0.22732234585600236 0.6943013540186485 0.245208795829935 0.6500552075999622 0.14734356730122597 0.6896172475040885 0.1294571725683798
0 0.7616026106071558 0.38249951778519314 0.7404673013177216 0.38562194759118534 0.7319809365554875 0.3281807030118294 0.7531161158133273 0.3250582829360217
0 0.7699907314453185 0.3376842517361198 0.7539619400449737 0.3341352960749046 0.7682269656409062 0.26970977062982215 0.7842556630088211 0.27325871550790104
0 0.8238471142570916 0.5121825487416415 0.7898765296253032 0.5186454535192758 0.7734579491209388 0.43235042842859395 0.8074281064452862 0.425887565972228
4 0.3777063720702927 -5.393098538193362e-11 0.3777063721503282 0.012388927132117403 0.36540413864668153 0.012388927067565277 0.3654041387072766 2.6054364720066525e-12
4 0.3910195341834424 0.09475205182627336 0.4039598410004146 0.09165012819785709 0.40863634158347395 0.11115904509101653 0.39569603511358764 0.1142609677457942
4 0.44798581685915906 0.12085114440120202 0.47346506216319995 0.15502836482794333 0.4105528012727291 0.20192922947678613 0.38507362794734945 0.16775207476637574
4 0.4313259321057785 0.1612214549637371 0.4735703082645841 0.14873277966514808 0.497702898947864 0.230363199417551 0.45545853619455556 0.24285184296367035
0 0.4547630684253363 0.1262468120180895 0.4621262615019077 0.12467640582742362 0.46734073766924666 0.14912548407568954 0.45997754485097175 0.15069588944339127
4 0.4229232313970215 0.21538803037686252 0.4211813747984934 0.23491538133770246 0.40053434794867826 0.23307366318450226 0.40227621697374616 0.21354632603880325
7 0.40909660937495573 -3.933038432928609e-11 0.40909660940326376 0.009374074658830882 0.3955494989675117 0.009374074598147007 0.3955494990234456 1.2191090942133109e-14
7 0.3807478539894191 0.045049484354443226 0.36814716614935605 0.046313206928274425 0.3657267234847268 0.022178755941128968 0.37832740832845957 0.020915033514950426
7 0.3933080448051669 0.10266039296173093 0.3794559917641891 0.10750967315942295 0.37166213889395294 0.08524644847333819 0.3855141834844744 0.08039716988617845
7 0.3611770261817355 0.15506391813929768 0.37248283115593495 0.15619705052584332 0.37014785590167776 0.17949402571261053 0.35884205102854594 0.17836089400050692
8 0 0 0.0520927958984375 0 0.0520927958984375 0.02043091840277778 0 0.02043091840277778
8 0.033825863614765694 0.3135389250463588 0.00008778055189395673 0.3136717374007822 -0.0003861057040239757 0.19324879693936403 0.03335165401870199 0.19311598523414572
8 0 0.07608428993055555 0.027309310546875 0.07608428993055555 0.027309310546875 0.1908702065972222 0 0.1908702065972222
9 0 0.49718917361111115 0.037171876953125 0.49718917361111115 0.037171876953125 0.5681331996527779 0 0.5681331996527779
13 0.059918251582075754 0.33428722573391056 0.1010183515669496 0.34943932298758407 0.05310991366854978 0.47938475095584354 0.012009878454591671 0.4642327834765888
8 0.21877523276646116 0.2814030908266852 0.09880606699164218 0.30068362052320136 0.06966063067079631 0.11933058763194697 0.189628472395043 0.10005016658344963
14 0.31525681665982574 0.26442460236024706 0.3222065339381288 0.2611804557478472 0.329267273605069 0.27630587350959945 0.3223175577219308 0.2795500178915812
14 0.33571009784475336 0.2914902718285318 0.33241698085464577 0.2928328301490721 0.32912778380728014 0.2847650687529363 0.3324208985612813 0.2834225109472139
14 0.25466676289806855 0.5373297543533414 0.2417056144054186 0.5092113529691631 0.33870783987811137 0.46450146465261916 0.35166904731931936 0.49261963864366415
14 0.32727699387601206 0.5383980912033113 0.34186517183320575 0.5391995917550367 0.3391136815750997 0.5892749471527462 0.3245255038995083 0.5884734500516189
10 0.5682761689670315 0.008269443713636368 0.5972059924687301 0.054738729338727386 0.5183474897672795 0.10383262560055961 0.4894177068562158 0.05736337548835025
10 0.604825826650881 0.0502144180612952 0.6333159414760985 0.09793009258883785 0.553507733461629 0.1455818192541551 0.5250176921691718 0.09786620852098131
8 0.73024170802546 0.1586245102160548 0.7203836256986733 0.16025039781494135 0.7164213229335701 0.13622630335334476 0.7262793945312751 0.13460041666666397