14 0.8133420819114008 0.5868231727744986 0.7704733720163404 0.5816914763692311 0.7851619439722981 0.4590022160818451 0.8280298157849302 0.4641338616415504
9 1.0000001316270755 0.9959165885416666 0.9909175726171497 0.9959165885416666 0.9909176990485093 0.8981884444444446 1 0.8981884444444446
7 0.8858601228292855 0.9719396966675462 0.8620652112969083 0.9657226076203654 0.8794305680632988 0.8992784085585896 0.9032250415365297 0.9054954377774862
7 0.9564457724311524 0.8759101786336158 0.9915664683869636 0.8736030348117405 0.9961584240028287 0.9434872989784594 0.9610377302636834 0.9457944204826098
7 1.0000000055773626 0.7555670208333333 0.9972601934700833 0.7555670208333333 0.997260202170537 0.7326388888888888 1 0.7326388888888888
7 0.9984415898437646 0.7607102656249976 0.9999399477745783 0.7600087786476972 1.0014983571617222 0.7633369128998395 0.9999999994182645 0.7640383995779249
7 0.8434155036070479 0.550267489096813 0.8726172916614132 0.5511934410462616 0.8702559804727343 0.6256546735237639 0.8410541927086115 0.6247287277162406
7 0.8914843971522259 0.8007617228899986 0.8658192066420725 0.795354153975165 0.8806013493233422 0.7252094671015602 0.9062661328060813 0.7306169921340306
12 0.6950330158548468 0.4395236701200917 0.7351886245446622 0.43902002556770137 0.7362211085315948 0.5213345077317599 0.6960654999196549 0.5218381492577628
12 0.6285175939017336 0.6634329038340441 0.679418986966084 0.6869493296127871 0.6250709134734507 0.8045668324548512 0.5741697285396867 0.7810507461498181
12 0.6070644732598112 0.8846325551049808 0.654840046970321 0.8859752444170876 0.6519327452366497 0.9893959441440581 0.6041571723399102 0.9880532746428003
12 0.5836902374653619 0.8869946640058484 0.6137354280170939 0.9011109064342898 0.5628174144192144 1.009456229806186 0.532772376843127 0.9953402309005801
7 0.6700550466389359 0.5486517322813268 0.700552059536335 0.5561826432172892 0.6787226599917631 0.6445732798123793 0.6482256692797819 0.6370424306555357
7 0.608381312594247 0.7827989145407283 0.639757322621108 0.7902031221682927 0.6192204511361297 0.8772122725911186 0.5878444697740406 0.8698081480471401
7 0.5556008718394878 0.16569998455488893 0.6066483350293765 0.17309640537570725 0.5876710135268013 0.3040692057506006 0.5366235571211746 0.29667281900155473
4 0.511418794777569 0.2543995322862788 0.48935137114074223 0.25395275215859564 0.4912335459488304 0.16099321916833212 0.5133008333680209 0.16143999787311802
4 0.19358288149339842 0.24523593733395857 0.3162802146262038 0.19329626391098234 0.4360523535882521 0.47622629865706484 0.31335554793736264 0.5281651146126223
4 0.5885973350935956 -2.597573710962231e-8 0.5885973596709846 0.09948222470722867 0.5269510542710805 0.09948220207687716 0.5269510785336706 4.867102306122027e-9
4 0.5327478872841311 0.7522688927738767 0.5390191682482737 0.7983071497734245 0.4581996332661902 0.8093135537525403 0.4519288464799729 0.7632757405435848
4 0 0.688143890625 0.012762646484375 0.688143890625 0.012762646484375 0.7624256857638889 0 0.7624256857638889
0 0.6750370347759826 -7.536325837188106e-8 0.675037108729839 0.15430800570980188 0.6004306643166046 0.1543079407098083 0.6004307334754913 1.6944749820230697e-8
0 0.6447126471235833 0.537651476647529 0.5702148500678277 0.5313194570191694 0.5985458059776647 0.1980330951188765 0.673040763055269 0.20436499163829366
0 0.4550901148803632 0.6759159194415614 0.5071124121270714 0.6692099038345928 0.5160739715313412 0.7387194419428245 0.4640516839065185 0.745425406959113
0 0.3424105504665249 0.8045932029536861 0.3433936807999771 0.7510373214069431 0.40785677656185726 0.752220462931062 0.406874063625537 0.805775932572021
0 0.5100094324765223 0.8671034070868627 0.5520702046289898 0.8710997132489564 0.5436617066343388 0.9595764079350035 0.5016009413137681 0.955580151153959
9 0 0.7767591875000001 0.08507902734375 0.7767591875000001 0.08507902734375 0.8771320833333333 0 0.8771320833333333
13 0.22610495115884532 0.24316300495602858 0.18557423342599577 0.25607038085633865 0.14655100157983725 0.13353378696556492 0.18708143244498388 0.12062646108193847
13 0 0 0.2227069599609375 0 0.2227069599609375 0.4992964166666667 0 0.4992964166666667
8 0.3340489277567258 0.7851352644572257 0.24564064617447912 0.8639099505001937 0.16248425016692636 0.7705997236871802 0.25089103137963775 0.6918261934821989
9 0.3638287713843056 0.16203239796746105 0.25104312877135726 0.20124168635018522 0.1821974365557253 0.003206590715010211 0.2949824114986086 -0.03600255907625167
8 0.14298065448349462 0.8406843425489542 0.19181494249914977 0.8819616799575172 0.09390733799784812 0.9977636534815785 0.0450738607155472 0.956487190215516
0 0.0230958662109515 0.9999999999999696 0.0230963338882475 0.9738613683602897 0.09721720199524952 0.9738623279711488 0.09721702538615773 1.0000006703280873
8 0.19794325573172955 0.6558293214460282 0.1592991088806457 0.5899549971368852 0.28350994301911214 0.517096285489506 0.32215407129353935 0.5829697597754803
13 0.3806989433593344 1.0000000000000535 0.3806991617842641 0.9842034979316953 0.4357859079240143 0.9842039862900315 0.43578582097768503 1.000000358059579
8 0.35949358467769343 1.0084211429950507 0.25491307216384484 0.9716819084727849 0.3166548947076535 0.7959839939014904 0.42123048545636266 0.8327222779214408
7 0.4439208746269969 0.18848366329594488 0.36898566593265514 0.18207733826659833 0.38413415923037064 0.004886746948509925 0.4590690642900199 0.011293061406570704
8 0.37878669327039916 0.29764019239833844 0.5014380410182184 0.3113768661510456 0.4824581907785159 0.48083618579045484 0.359806863191352 0.46709964871745563
7 0.4567180717199335 0.5563001996813904 0.40504008345760667 0.5319672192239514 0.4625333977731998 0.40987403627069446 0.514210541794796 0.43420678638472027
13 0.5944507572675093 0.6493473806441133 0.6448126977284119 0.679110388608205 0.5313769783823545 0.8710208327337031 0.4810156068382412 0.8412585989811646