0 0.12249959705809488 0.3439795864628577 0.09387684271428043 0.3428609628772357 0.10334191769970857 0.1006836385949082 0.13196424580689836 0.1018022544020239
9 0.1766453983819929 0.4765064007415897 0.22590332222125653 0.46838006758226836 0.2554269856644851 0.6473225404566804 0.20616909108218806 0.6554487480972357
9 0.2306287318805289 0.230470324790759 0.21621995469206468 0.23066697166566164 0.21541282470002443 0.17152559509907755 0.22982154961744072 0.17132894858136208
9 0.1426536365145239 0.16435255471816726 0.11822581417402489 0.15476238646695029 0.13970800363472335 0.10004392069342412 0.16413577429932502 0.10963407757827374
9 0.29174997973711925 0.36892276620804204 0.25624605295354286 0.35032365981578056 0.3095596000993055 0.248556729242865 0.3450632086395444 0.26715573363151607
9 0.33745909512504113 0.9927362973446426 0.29902268405396626 0.9990698824477611 0.2765572633928741 0.862767326551432 0.314992207446835 0.8564338646050709
10 0.11943682237404118 0.20602870693284564 0.1652194796774893 0.19208582224284093 0.20970924403661684 0.3381688599363111 0.16392662765497334 0.35211165438665376
10 0.16847901199116677 0.5955541042066133 0.20301151543924334 0.5900652690442831 0.22546238595657542 0.7312948993760677 0.1909299014124599 0.7367836550624346
10 0.2920053427113771 0.5577940672513896 0.27240168274249754 0.5594293228839728 0.26470380267096516 0.46715191597800254 0.28430718375966535 0.46551667195315427
11 0.24609375 0 0.255414703125 0 0.255414703125 0.027777777777777776 0.24609375 0.027777777777777776
11 0.3058732087267799 0.33094769043306815 0.32222173421416755 0.3250139499264154 0.3315765432113267 0.3507872477803372 0.3152280219775321 0.3567209798419972
11 0.4148836952280135 0.7285932218555919 0.39329079444326 0.7388856289780167 0.36572978441631676 0.6810728285569214 0.3873224322085207 0.6707804926271456
11 0.4215247488862133 0.2159421464589332 0.3348403676330918 0.21348182123402065 0.3409657082124795 -0.002314433853533286 0.42764930540363366 0.00014587857260880228
11 0.5268733767911726 0.10579289073199806 0.6690560466576017 0.11734510531687016 0.6230765807337093 0.6832302251209366 0.48089395550437075 0.671678407100051
14 1.0000055433549733 0.7322405486111111 0.8233319729974937 0.7322405486111109 0.8233348916159002 0.2946627083333334 0.9999981399062108 0.29466270833333336