4 0.06575223115248718 0.20850282820940047 0.1179698987101574 0.2109162750092342 0.11186611030484528 0.3429758426771274 0.05964844346715381 0.34056240952502875
0 0.46082275327160005 0.16919419959822965 0.388421798111267 0.17298856586003533 0.3795017880246405 0.00278141706240316 0.45190230405899 -0.0010129356293503981
0 0.3227161687317448 0.4729443054153093 0.16952811028761516 0.46776115509813965 0.17929001253912702 0.17931435335584722 0.33247420832276475 0.1844974442003828
0 0.10599956531723365 0.1839512355081629 0.05964994303883486 0.19525640466221614 0.040945700559291254 0.11857183970357847 0.08729516717312436 0.1072666899284702
4 0.0871719828375286 0 0.32529405034324943 0 0.32529405034324943 0.12317097025171624 0.0871719828375286 0.12317097025171624
4 0.09002089592854645 0.43507595785730224 0.05802858221215956 0.44334450123945923 0.02517025794475103 0.31621527345814376 0.057162114952120646 0.3079467919757585
9 0.05630018134627335 0.46384147522704317 0.026236496944648025 0.48342776834720647 -0.015054269895244943 0.4200526265878038 0.015009191101057695 0.4004664309178005
12 0.7749301031342384 0.4292074778598378 0.7722048019695649 0.3835762172614799 0.8460379758266754 0.379166707137383 0.8487634714389287 0.4247977611329493
0 0.682669160469004 0.43069597657416986 0.682487803823733 0.38761847360011814 0.7401926066689839 0.38737549795354914 0.7403741170868443 0.43045284814041784
0 0.5389016018306636 0.4370626407322655 0.5802571933638444 0.4370626407322655 0.5802571933638444 0.4691075514874142 0.5389016018306636 0.4691075514874142
10 0.3568668574179128 0.6840705215810581 0.2533298910105941 0.7912229089360211 0.09509638099802942 0.6383468079808513 0.1986310478642963 0.5311968959243674
10 0.0794087379863413 1.0000000000000329 0.07940905292070966 0.9748385471110997 0.13362252350236759 0.9748390569227968 0.13362241364120564 1.000000305617809
10 0.03553782278481776 0.8332710802894123 0.05711848878240744 0.8349382079281098 0.05462558084309421 0.8672013993951603 0.03304491562346357 0.8655342787434811
10 0.016320184749247346 0.9063414934755661 -0.0007432918598624383 0.901474148980161 0.00944071726803486 0.8657809529124958 0.02650403282325442 0.8706482730070269
10 0.5120572179503142 0.9940376604573492 0.4556885434782316 0.9969909919908495 0.4523498817274003 0.9332752082995718 0.5087174885584318 0.930321905034323
11 0.31489803896010926 0.9737046411901472 0.2170983478825974 0.9603977430008215 0.23312622081857626 0.8426421311292251 0.33092272542171486 0.8559488088726338
11 0.4696097419380294 0.7045110796790696 0.5363026336617622 0.7757636529142062 0.4044618740679198 0.8991414983755469 0.3377705840886165 0.8278904912089413
11 0.18910478264547237 0.8219155545877207 0.21652712299498944 0.8204787229691164 0.2186828367363205 0.8616123671380165 0.19126049697547387 0.8630491911668918
11 0.04465906408995579 0.9491858608381821 0.0815431497372856 0.9586364706244889 0.06851957763365135 1.0094505361078783 0.0316355194507878 0.9999999999999976
13 0.41968041989844096 1.0351215383658132 0.33267030679166965 0.9979938376650221 0.39232365049576856 0.8582360953838531 0.4793304695618872 0.895363001023812
13 0.14816168723871215 0.6424234021446337 0.1945409497241144 0.7874244147159929 0.0567776809410816 0.8314784946733753 0.01040114781721968 0.6864797806365786
13 0.3444371961787738 0.825318162615248 0.3223973861181548 0.8254119533305503 0.32207652993656666 0.7499777442485401 0.3441159431072265 0.7498839543748584
13 0.11672570451673892 0.9344608123044419 0.13237418260166578 0.9369925100985127 0.12636259664668614 0.9741400213740844 0.11071412185015106 0.9716083374272961
13 0.017349798751752132 0.7234249679084473 -0.0003135865692911466 0.7223858811078026 0.001813524434737701 0.6862339905483805 0.01947677248472246 0.6872730732953456
10 0.7241596843354046 0.7996269228856412 0.7452705814523597 0.8178330192477358 0.6881478199167077 0.8840553579448129 0.6670371133244544 0.8658494653832755
10 0.6482338193968644 0.6093655450666882 0.6644320989770449 0.5898637819757173 0.7365984899172417 0.649798463260783 0.7204003980401694 0.6693000507867285
10 0.9068278409361028 0.4691056757298206 0.906829035135388 0.557163633537752 0.7756481709175205 0.5571645633874596 0.7756478890159997 0.46910755148743727
7 0.7433604885561635 0.46910723517051495 0.7433606073125247 0.4866514516784178 0.6814691643971855 0.48665168898951255 0.681469124713999 0.4691075514873632
7 0.5389016018306636 0.5270292437070938 0.5561246624713959 0.5270292437070938 0.5561246624713959 0.5733078306636156 0.5389016018306636 0.5733078306636156