12 0.07898163155573457 0.46546033016577626 0.038612309412883405 0.45877621724953516 0.05755290324930229 0.3443902757121629 0.0979216938889067 0.3510743455430284
12 0.15955087317934158 0.3133168198396042 0.2096158597446447 0.3290424165127492 0.17604928595517322 0.4359026226071916 0.12598434141114012 0.42017712584026956
11 0 0.402981347639485 0.016558478632478633 0.402981347639485 0.016558478632478633 0.4446703025751073 0 0.4446703025751073
7 0.07470647182037737 0.26632239177713213 0.09864290218126825 0.26768121903128067 0.09575776895542276 0.31850304658058065 0.07182133885589792 0.3171442223793294
9 0.4539832550281062 0.46273773978986477 0.3878821369852403 0.4591627371499633 0.3934669228884786 0.35591430026742327 0.4595672014545471 0.3594892803528001
7 0.011067298529496838 0.459227467778666 0.011067328357285078 0.44527710581414204 0.03217159357620858 0.44527714876582086 0.0321715840456136 0.4592274903722139
7 0.1040186615194898 0.3707786274672543 0.12603418277637957 0.37315807932807316 0.12031281498832413 0.42609170221876175 0.09829729492605566 0.42371225801283546
11 0.05217007710382404 0.21454859927953376 0.09706722079613428 0.22346095262388518 0.0839368013926105 0.28960592747182107 0.0390396641788584 0.2806935971141132
12 0.8486612086373952 -8.73702628717127e-9 0.8486612192097027 0.07260720950973155 0.7953574024352292 0.07260719899333809 0.7953574126377134 8.45346335061543e-11
12 0.8565791565266636 0.4068782096623814 0.783847544817263 0.44425964956878816 0.7234935140385232 0.32683524863724345 0.7962242377544726 0.28945408445901294
11 0.832001397196791 0.04041515690512312 0.8835148399475656 0.03424458633546023 0.8964685719266754 0.1423853255952743 0.8449551314205337 0.1485558867426992
11 0.9430452638401903 0.45834572676303226 0.8911435001610926 0.47434626499394555 0.8536167615628756 0.3526240960553579 0.9055177730976993 0.3366236813390758
14 0.9065948646723427 -1.295171851317812e-9 0.9065948661587981 0.034879163508234 0.8776149816975476 0.0348791622418091 0.8776149829060387 1.2160030837821942e-14
0 0.17909432224109878 0.8071162859479024 0.22157406627684395 0.8029108310274967 0.2290443066045782 0.8783526064741749 0.1865645685555819 0.8825580204876086
7 0.23297497848307103 0.9993365007559559 0.18508805245744497 1.0016165066959495 0.18153816987523896 0.9270691328829891 0.22942405176866032 0.9247891517984552
8 0 0.8544707982832619 0.1498826153846154 0.8544707982832619 0.1498826153846154 1 0 1
11 0.5897435897435898 0.8394869763948497 0.6282092279202279 0.8394869763948497 0.6282092279202279 1 0.5897435897435898 1
11 0.6285260939120008 0.999999927535768 0.6285335991047987 0.8062036906329385 0.8284201188939733 0.8062120385970668 0.828417921623668 1.000002874956141
11 0.9201039820183041 0.997046705159284 0.8239798180846947 1.0168942783363257 0.7964695303228382 0.8836846256971373 0.8925900827618989 0.8638374358359001
9 0.7008580832027747 0.820035613411148 0.6021800284883057 0.8326460257435947 0.5775915771770315 0.6402545648509603 0.6762654484126642 0.6276444221682149
9 0.6944384541637874 0.8028481650738762 0.6105948186877868 0.6819952189831648 0.7764388403768407 0.5669549082722538 0.8602818920282971 0.6878054191539618
9 0.8712551315605879 0.6853680011689247 0.9733723947190356 0.8492137069120533 0.8411535865560609 0.9315996449941382 0.7390398810388206 0.7677570476240582
9 0.9339076976716569 1.0000001658855497 0.9339093402516028 0.8702402800086182 1.0000004263175697 0.8702413218952327 1 1.0000000000000053
0 0.8591052930447631 0.6978035591054119 0.7819660562439594 0.5706692888081266 0.9773786194648437 0.45211572173688 1.054517457267707 0.5792471336099784
0 1.0000017617271624 0.8482898111587981 0.9288499413348745 0.8482898111587981 0.9288514229657494 0.6307741502145922 0.9999999752765234 0.6307741502145922