9 0.2431945085983216 0.07600216779460371 0.22455687856836448 0.07561578371263362 0.22585729654610986 0.012889297706211276 0.2444949098944562 0.01327568160926912
12 0.14658378925457782 -1.0410300394888467e-9 0.14658379053082626 0.04032810284567242 0.12833614080636835 0.04032810175973531 0.12833614179032793 4.517470402914481e-11
12 0.16204197566889889 0.15267131825970873 0.1510154751194932 0.15094361848215074 0.16193860860005316 0.08123059301989564 0.17296508114134213 0.08295829052227992
12 0.11839028536030582 0.23399312464189026 0.10274892792040191 0.2299551526072416 0.12441498563282494 0.14603141841926331 0.1400562687316551 0.15006938039241946
12 0.16175023437972413 0.2815517618781465 0.15015044753442908 0.2798943226715706 0.15921342956539775 0.21646743765935217 0.17081316093435817 0.2181248728435658
12 0.16701742453494717 0.2975670971396671 0.18304254184340607 0.3005476715937981 0.1563663452830042 0.4439672329771673 0.14034123454689507 0.4409866830222801
12 0.08161603244082016 0.4656699979667009 0.06959755075570229 0.4640512131592876 0.07980059042108678 0.38830480209706786 0.09181895321034972 0.3899235787427652
12 0.09408431550377827 0.5096114644807106 0.07825561308936813 0.5044938385706824 0.09780976680576714 0.4440178026595104 0.1136383335026494 0.44913540484346187
0 0.09659129117108023 0.11276692725296801 0.08574110129291057 0.11166463818317938 0.09108632567119912 0.05905007754089094 0.10193649964219276 0.06015236576279524
8 0.02970984984892766 0.43103749166976607 -0.00005381200674037245 0.4244803183624511 0.023607899147805256 0.31708310692351777 0.053371207347368 0.32364024027467714
8 0.02952386332219703 0.4533026403936015 0.04811347482871042 0.459315354794188 0.019925128121826674 0.5464593422303984 0.0013355361426192758 0.5404466697051149
8 0 0.3064345886699507 0.014856631773399015 0.3064345886699507 0.014856631773399015 0.36262713793103446 0 0.36262713793103446
12 0.1371054265574685 0.5792833821761899 0.1258578078817436 0.578817733990147 0.12766479033507494 0.5351758872043185 0.13891232652485996 0.5356415336916891
13 0.06640669598789373 0.5802520040821505 0.05686987263152332 0.5784511788948078 0.07985264320848273 0.4567495775926473 0.08938929566249953 0.45855038685796295
13 0.087896393577239 0.1772164048636444 0.11776660197972433 0.1809748053949535 0.0824624398103424 0.4615499148716125 0.0525922406702648 0.4577915672635963
13 0.077752290306762 0.09022042271806598 0.09486075855102172 0.09638212425257824 0.04147439129576469 0.24461250828202183 0.02436593463130521 0.23845083266977093
13 0.6315599012755229 -7.245552579442175e-9 0.6315600413531683 0.10046346229694551 0.2697043370646952 0.10046331911700042 0.26970448151473647 1.5716420105423177e-7
13 0.8556416273755758 0.4357781401856647 0.8472117567936266 0.4980498572608059 0.6441934412009687 0.4705663661866736 0.6526240554632068 0.40829549148130484
13 0.40106946166758917 0.21015755635390124 0.40207185518590904 0.19593894306361206 0.45411325083898646 0.1996077193668112 0.45311088192090665 0.21382630942504563
0 0.8018887137358206 0.5667855537229922 0.7800117313474857 0.46836921310543045 0.9643832494152775 0.4273876539967603 0.9862612232756192 0.5258025900541787
0 0.6476454973359296 0.12343286455792934 0.6452112523861615 0.15796372729544256 0.5460105393386812 0.15097048457797305 0.5484448507706929 0.11643969060915112
0 0.5758022203291375 0.08162450855289226 0.5800980957948241 0.020687716219017924 0.6696773188746192 0.027002788710085036 0.6653814919729939 0.08793953585267862
12 0.8835466785041035 0.5551001568200639 0.8836315365094833 0.5786829598275238 0.8063399725724594 0.5789606662719925 0.806255272634985 0.5553780194448283
12 0.732737221521802 0.392779553217146 0.739298807360683 0.3509835470380189 0.8122534501391101 0.36243620814025784 0.8056920630145896 0.4042320371265354
12 0.3965628079666885 0.3847629510132392 0.3808963393328213 0.41033482666729554 0.3281452098758564 0.3780184861349924 0.343811669805973 0.352446703975221
12 0.5726311212049495 0.26920223647554764 0.5703400496487347 0.3017018872954671 0.5015333089348815 0.2968513160655044 0.5038244696308993 0.26435176257798915
8 0.3020562224355672 0.2644170714763096 0.30091067176135766 0.2806668795029108 0.2688658999754807 0.278407860616011 0.27001147056193986 0.2621580740916622
8 0.8156046429384105 0.23095715694956895 0.810445465337807 0.21500340332978185 0.8472929944355201 0.20308768773168237 0.8524521828195475 0.2190414208624863
8 0.7653583319341806 0.0949874529196646 0.7640695986169703 0.11326848056124847 0.7221070658994222 0.11031029371534029 0.7233958103026907 0.09202927809686713
9 0 0.8996621625615763 0.03836507019704433 0.8996621625615763 0.03836507019704433 0.9497009839901478 0 0.9497009839901478
12 0.10629171680091076 0.8848210983913942 0.18749255246063967 0.8930503520817819 0.18086643814683612 0.9584157782542633 0.09966561433611787 0.9501866004333569
12 0.11834132465162384 0.5990062484731705 0.12799219453756905 0.6302591981847367 0.07703011992782649 0.6459941373415694 0.0673794351205288 0.6147413451561672
12 0.2697044334975369 0.6735731490147784 0.34894962438423643 0.6735731490147784 0.34894962438423643 0.8356684224137931 0.2697044334975369 0.8356684224137931
12 0.6503577453431717 0.5726220842725255 0.7083044262916474 0.6465485985728073 0.5651439978529424 0.7587465313112935 0.5071987648211689 0.6848213586533809
12 0.6272686471947964 0.5788156104510837 0.6272700403129647 0.6527743809414152 0.49038832733140225 0.6527755584031748 0.4903878842364975 0.5788177339901307
0 0.4593696358303987 0.818083547132783 0.4320894666250297 0.7805425975321384 0.47499905504571416 0.7493670752328475 0.5022791420918793 0.7869077871807115
0 0.6820633629591839 0.8396501965432654 0.7896754212254109 0.7614836604894039 0.847253449739128 0.8407356780446966 0.7396422345599376 0.918901228025687
0 0.9999998189051666 0.7453418593058105 1.0161058523166275 0.765740773948127 0.93522200825862 0.829590293472569 0.9191162468562197 0.8091916304177883
10 0.9836666206725795 0.578817160935291 0.9836670076696237 0.6243691544687604 0.9084844201433953 0.6243694120144347 0.9084843469655652 0.5788177340801577