14 0.4224822283489402 0.8533550807719217 0.3266985042387205 0.8494531736367725 0.33779800770912516 0.5771086652367564 0.433576070806339 0.5810104571772666
14 0.4925724419103972 0.8345818982522619 0.5757984020624463 0.8341244502668009 0.5767100859169432 0.999951678415474 0.4934841258555025 1.0004091158651516
14 0.5681501064452732 1.0000000000000513 0.5681508933046189 0.9464208894786226 0.635044950835777 0.9464217831065568 0.6350446943341694 1.0000003641725885
14 0.34298102214029313 0.49376559220893856 0.2911387108897543 0.49534252475778684 0.28832931230510894 0.40297831071773843 0.34017097595369705 0.4014013879621485
14 0.27775636184389896 0.9976869176792135 0.23511458257803497 1.0041682602092445 0.22071532490156187 0.9094561577090843 0.2633559400519516 0.902974905072604
14 0.9189272480583668 0.9999999970970838 0.9189274322570782 0.9743130433238902 0.9542697059284819 0.9743132929171261 0.9542696582029748 1.0000001098614884
9 0.8811510148276511 0.9997464591172953 0.8018110265688847 1.0075760015232953 0.7907362067877557 0.8953682918685173 0.8700736772583468 0.887538873107599
9 1.0000001145958777 0.4401878420138889 0.9803328025830069 0.4401878420138889 0.9803329178282638 0.33509033680555556 0.9999999892584128 0.33509033680555556
9 1.0000000013741328 0.5868055555555556 0.99835777109422 0.5868055555555556 0.9983577748258767 0.5690317934027778 0.9999999999915872 0.5690317934027778
9 1.0000000944472731 0.7393791111111111 0.9726561995203156 0.7393791111111111 0.9726563467129381 0.6994760677083334 1 0.6994760677083334
7 0.2801194613808775 0.5362757122204144 0.31331219376363606 0.531543350158562 0.3250259933492998 0.6136959551143348 0.29183326836732704 0.6184282830614362
7 0.18359375 0.4236111111111111 0.2109375 0.4236111111111111 0.2109375 0.4930555555555556 0.18359375 0.4930555555555556
7 0.21561218029614793 0.5682795426105196 0.24745432518500365 0.5646253200985101 0.2563411162207103 0.6420547411075427 0.2244989758413567 0.6457089375533823
7 0.2839833566619063 0.6744743542770681 0.3160443931565169 0.6705387138629517 0.32591240309852765 0.7509148739651712 0.29385137302767816 0.7548504800097529
7 0.2669676517642756 0.7997664410245267 0.2980387164778904 0.7955149979737007 0.3089394281357727 0.8751648159593407 0.2778683723129234 0.8794162155813016
7 0.2667730637376735 0.9461787687243564 0.29809810265135184 0.9406513214958742 0.3082619065189647 0.9982351549302991 0.2769368801471046 1.0037625543090793
11 0.2418127037664135 0.9433326544514721 0.14856998143943656 0.9540254586025853 0.12388848718831014 0.7388241288838319 0.21712618475760337 0.7281316118675589
11 0.08350707496742871 0.6162892628930844 0.1336063309822748 0.618466598370227 0.1257132144236266 0.8000564077354787 0.07561396114465424 0.7978791151260168
11 0.14658574070153918 0.36522939152665373 0.1800015565333979 0.3713300040340172 0.1557871120052141 0.5039562286907505 0.12237131102085641 0.4978556709422974
11 0.2130058575531848 0.923571617709523 0.21300631738392894 1.0000001848764817 0.1569277402370517 0.999999998426766 0.1569279092632314 0.9235720611792557
10 0.055875233156370996 0.6843060671679334 -0.015912337562667744 0.6755483050089729 0.007593341812253129 0.4829066924690367 0.07937844549451256 0.49166430161034164
11 0.08790277330217577 0.9789491880216642 0.09627848192917554 0.9794169564150608 0.09511825211700398 1.000185492403613 0.08674254361301337 0.9997177254761672
9 0.14665331727496778 0.6814604042070268 0.13413922705899495 0.6844089605549873 0.12409252255270076 0.6417748679579268 0.13660650683073072 0.63882632460948
9 0.07114053832879108 0.4832521634888972 0.08722169364148158 0.4836446531204174 0.08631143961883936 0.5209369264745553 0.07023028434923617 0.5205444379637665