0 0.8671507098888469 0.011497295482488512 0.8925737181406248 0.07859478446457868 0.7811084852384056 0.12082841829347774 0.7556855715336042 0.05373100916132416
0 0.49385756793265045 0.4193548241223054 0.49385827743344635 0.33324465547250504 0.5824627742819075 0.3332453283828117 0.5824625037973874 0.419355065145211
12 0.6780093679936954 0.4193548261229239 0.6780102184858379 0.309594824014434 0.7806931116537044 0.30959551921633116 0.7806928789054837 0.41935492633791843
12 0.5989557261519849 0.07758123665979251 0.6005051111321791 -0.0013140829481782044 0.6826827745383071 0.0002997602320218156 0.6811334315765407 0.07919503904166127
12 0.5679778205931143 0.05339156729860697 0.6375270481480584 0.1622883664491669 0.5171670547670146 0.23915792039884828 0.44761822459645373 0.13026146943244613
9 0.852600906310613 0.11434169397701938 0.943010765460599 0.23447624121830843 0.8231938788430853 0.3246450928357198 0.7327846889986631 0.20451115014681143
8 0.14395321256279203 0.8788544986267292 0.18000333966313065 0.9162231757007647 0.13259341986838535 0.9619481502692965 0.09654364247307967 0.9245798172043133
11 0.24593954950455554 0.9598286131188505 0.2395803508567269 0.8993350834959709 0.3227581912678943 0.8905933735859487 0.3291180175471027 0.9510861903905823
9 0.3722873054837237 0.9824003444006645 0.35527918980506 0.9002638372585361 0.47328738382896063 0.8758340112063441 0.4902965186132633 0.9579691019902583
0 0.22936188995493012 0.7657383749463927 0.2936360246530967 0.7589841427539982 0.29889341273519676 0.8090048906532901 0.2346192840942649 0.8157590821925361
9 0.4184042228051794 0.6913218753729209 0.3766198457107066 0.6574900820582266 0.4036877233257883 0.6240642310636576 0.44547187031366775 0.6578958772877015
10 0.8498239122199038 0.5867264969906724 0.8015101901653452 0.5879980340771425 0.7988073470161225 0.4852924854708945 0.8471202506169675 0.48402095923317173
10 0.897910560295486 0.7275418439235536 0.8210132441919313 0.7104619044727903 0.8594651278316405 0.5373721499269499 0.9363597932232324 0.5544517760312679
10 0.901927506026027 0.8254409519062059 0.8642217962305949 0.838833904255297 0.8251338317403452 0.7288075454129717 0.8628385922804682 0.7154147779204701
10 0.8964097809139275 0.78704278360213 0.8694072684066896 0.776039199450968 0.9038370891566956 0.6915644551306289 0.9308391112407435 0.7025679265874559