11 0.26672025706943714 0.5591259640103172 0.26672042888640135 0.5359592889593087 0.3250505102494117 0.5359596294024792 0.32505045113498454 0.559126191940257
11 0.29897753864418064 0.44559651283351287 0.3322012198631228 0.42103345238841566 0.3700917195973261 0.47228052483992305 0.3368681324965337 0.4968434757592715
11 0.5089976060684194 0.45521639460154245 0.46618758386512127 0.45521639460154245 0.46618776193736267 0.3903445668380462 0.5089974264039938 0.3903445668380462
11 0.4810868225338254 0.3550865745353336 0.46606150869251906 0.36177984263188806 0.4603492137161993 0.34895711625607745 0.47537450797312886 0.3422638531931379
11 0.48610208224886264 0.17610784283668662 0.4706839720992093 0.175799276718115 0.47110383179835935 0.15482076598075434 0.48652192559598006 0.15512933193530876
0 0.15790744473008544 0.4873105321336542 0.199500316294575 0.45166814959182117 0.2813537899396579 0.5471796919668489 0.23976124366276963 0.5828217233783353
0 0.00509481876611062 0.5591259640102899 0.005095600206004747 0.4884062768470759 0.08928533874336608 0.4884070204119396 0.08928503111815189 0.5591262460621033
13 0.16253942577486669 0.42086574603964144 0.15225886376390463 0.4128323903926266 0.16693963222928687 0.39404588091417475 0.1772201743754067 0.4020792246762908
13 0.22558676011669831 0.34500776864994326 0.23000500479895436 0.3640489154853837 0.20684865142732178 0.36942180151875664 0.20243043520224546 0.3503806793838495
13 0.26347652525601006 0.34912146807734895 0.23349529903202892 0.274273750712439 0.3739423420926187 0.21801715610025124 0.4039237406207121 0.29286436354513895
13 0.31301366777108797 0.44561944184121577 0.2643589689461123 0.507088330075287 0.1913684235751134 0.44931701567314347 0.24002292961927196 0.38784851533206477
13 0.03172900193294481 0.43189526312990206 -0.000511921009319849 0.4041129181266116 0.10246780733541527 0.28461189564978706 0.13470839664626055 0.31239399976056553
0 0.15967521596121514 0.3415439238672751 0.20020632890043544 0.3579188647857968 0.1790203731308111 0.41035590515833 0.1384892899922079 0.39398101738023733
0 0.1823865931310138 0.23954315102007634 0.27444893659026093 0.21278438554188964 0.29225570353992225 0.27404671032547023 0.20019338967597378 0.30080540880828
9 0.2798120961879249 0.15930959850852333 0.2866819459867429 0.1949943374115633 0.21175874866935374 0.20941791082897168 0.20488898601865912 0.1737332485740563
9 0.13973099493102836 0.33984627034384407 0.1546762825814767 0.38510949240909115 0.10625834125937672 0.4010955866313628 0.09131320586561742 0.3558324933941523
9 0.026815556273163565 0.26988516446990457 0.03766997415482365 0.2497904128908482 0.06830080821862339 0.2663356671548853 0.05744642346189721 0.2864303902877633
9 0 0.3961131233933162 0.016599209511568125 0.3961131233933162 0.016599209511568125 0.4219434023136247 0 0.4219434023136247
9 0.0018373870698269457 0.3949244647378799 0.009534198920391646 0.38704255001760984 0.018785692182518687 0.39607635279651415 0.0110888865481229 0.40395826136769136
9 0.08239075415781372 0.23307358044642495 0.07813587593295779 0.23187223534678947 0.08142534585044814 0.2202219072874287 0.08568022071744963 0.22142325188384657
0 0.1017445006646085 0.4856074468916861 0.08020313964129855 0.4664466404066295 0.10218994552985805 0.4417298523211087 0.12373124888426901 0.46089061437349316
13 0 0.45921480976862616 -0.006818987820565781 0.44205127641524156 0.03690453449416964 0.4246811254289008 0.043723543388637154 0.44184460479003806
13 0.22023004140999092 0.23357215457653263 0.21154863053732242 0.23556768499554706 0.20865573290052453 0.22298252437627358 0.2173371362467833 0.22098699485861262
13 0.11717755135475727 0.2870689451876408 0.10122303252796883 0.26634413989180844 0.18104933844233528 0.20489285069849628 0.1970038211954943 0.22561757598146007
13 0.20726981490997787 0.17508483290487853 0.18925334476784883 0.14994026474402622 0.2485617053146143 0.10744516992794473 0.26657816420288327 0.1325896999193
13 0.07481697554408129 0.322104079354969 0.06780305435859191 0.31241811790865825 0.10891266062526483 0.2826501298847751 0.1159265741893023 0.29233606876027163
14 0.043538708954201866 0.27722236410325507 0.049576914644944736 0.2823164529176867 0.031356647899428935 0.3039130308235261 0.025318448109601377 0.29881894837211853
14 0.11535542341744076 0.20429892423333348 0.09983557859970915 0.1972061161969335 0.11531041477553572 0.16334585947985936 0.13083023222031898 0.17043866029786267
14 0.1836880795116258 0.10493260412946599 0.18488162137214204 0.12026630710666261 0.1592908163853508 0.12225822251576517 0.15809728181420724 0.10692452638591089
14 0.13218756812341326 0.1665603933162123 0.1274767259210421 0.16456723105845758 0.13470091086810498 0.14749299471817015 0.13941174942738144 0.14948615610046517
14 0.14084113460364733 0.1471655505780477 0.12846316991885942 0.14116671964606234 0.1386021045434518 0.12024621140799698 0.15098005931031366 0.12624503948799867
14 0.15119135732641098 0.1255948123393183 0.1449882265103497 0.12300644260506273 0.15303770821640228 0.10371562642272482 0.1592408350080632 0.1063039951998618
14 0.07903047226886883 0.22734754367036267 0.07082066903444684 0.2206988110821497 0.08217610251529095 0.20667742006436662 0.09038589947738274 0.21332614864081767
8 0.09270557266574997 0.271762281791704 0.10020989223050947 0.27189433210556535 0.10007349437091762 0.27964554127346747 0.09256917480729498 0.27951349100257156
8 0.08815423434668901 0.23506612700771506 0.08278928066647495 0.23214885291019074 0.08668545702585106 0.22498378799433813 0.09205040822507726 0.22790106125834142
8 0.07342211477703131 0.2913541780897123 0.08323029605094234 0.35869447856454123 0.00009395761139785463 0.3708026256933824 -0.009713908123444526 0.3034626066841906
9 0.6757006798906104 0.4476117741921245 0.7258603723629449 0.4616720712857378 0.710930562982071 0.5149299948586183 0.6607708936400059 0.5008697547797586
9 0.8617210732647891 0.1403306799485784 0.9228772698567127 0.13026700528701635 0.9420716121663872 0.24690843059663506 0.8809154233214258 0.25697206971435826
9 0.9401377125474255 0.058564261048730575 0.9266557182457973 0.09193336337842173 0.878985582519249 0.07267338500122952 0.8924675829956641 0.03930430047927977
9 0.5672553382840988 0.21289406304773942 0.5460691338711285 0.26533117972019454 0.4929156051255177 0.24385576326476838 0.5141018482363506 0.19141874892020552
10 1.0000003373694426 0.3672371658097686 0.9287768125383309 0.3672371658097687 0.9287771159637259 0.2643373046272493 0.9999999533772552 0.2643373046272493
10 0.681855470515643 0.2037438523792517 0.6664473423501249 0.24187997251239093 0.618777095949099 0.2226199835794062 0.6341852478122973 0.18448392729620186
11 0.8035842548790697 0.34164768581738103 0.7746935851515673 0.41315303044414825 0.6793528555406283 0.3746331703069895 0.7082436774890084 0.3031282266550259
8 0.07051887954310132 0.7903009963797636 0.14472837151527074 0.7396705553296427 0.24178808283352282 0.8819034604898123 0.1675794971056348 0.9325327933496472
0 0.31783556238224264 0.8419629877224756 0.2856670876755061 0.8351382036793067 0.2941217764184785 0.7952963170182314 0.3262899359417588 0.8021210665322023
0 0.4180003290840659 0.8313695555668781 0.43104077198699997 0.8724419755132546 0.3931490120548915 0.8844696340365439 0.38010881903767313 0.8433974263803535
14 0.8884320799644456 0.6809095602344755 0.9815865560583461 0.7098747408676193 0.9293689425165894 0.8777805978272234 0.8362147316842083 0.8488160219192561
14 0.7064835756680168 0.7184867392871286 0.8212075923885322 0.7087343502500543 0.8457405945392793 0.9972726550172321 0.7310166231420681 1.007024671915486
4 0.5299114219379817 0.9854654896295441 0.5217375114464176 0.9675646329009621 0.5734012056083202 0.9439805158432979 0.581575155195992 0.9618812227383695