14 0.331477101449309 0.012798536926245828 0.3654701754579719 -0.04666535087379171 0.4975408902643039 0.028834070783651865 0.46354783473577754 0.0882979386412327
14 0.6527779756248719 0.13588808105468755 0.4222575780332818 0.13588808105468742 0.4222580389872519 -2.4848083448933725e-17 0.6527776800749052 3.727212517340059e-17
14 0.4460006807203172 0.14165877589185275 0.3799404888070512 0.21266408730202702 0.24150842587266652 0.08387325612095631 0.30756845824635093 0.0128681404283997
14 0.33449326610593744 0.23522516459375176 0.32635375119843957 0.32726493633513953 0.05322617193451151 0.30310938184013414 0.06136661265668408 0.21107061074779326
14 0.3989611993018798 0.26919684292889845 0.3714891030351737 0.19371734527304663 0.5863928656098096 0.11549983079155657 0.6138651885513582 0.1909788048742139
14 0.5631095493004068 0.27294313872065945 0.5610839547521209 0.22557284743695832 0.6653478567614002 0.22111438986750487 0.6673736293198544 0.2684844960833481
14 0.4028330921240695 0.4576780981344832 0.3769685713373292 0.33022610070977304 0.6895986710967463 0.26678318143128604 0.7154648631702685 0.3942329286612605
14 0.514669009142608 0.47524953219473604 0.46990631199298605 0.5805636714915197 0.18872076031493634 0.4610526362319854 0.23348427429618823 0.3557406653144687
14 0.7001922532527942 0.47921971696282617 0.7011844170100403 0.5330576131143853 0.6005439039570319 0.5349115422676334 0.599552166068861 0.4810740645723705
10 0 0 0.0789754513888889 0 0.0789754513888889 0.027713458984375 0 0.027713458984375
8 0.7185166075172447 0.06818259494138112 0.7370767461868581 0.07891001669027209 0.7170499547966074 0.11355944790350067 0.6984898204651699 0.10283203212578478
9 0.7013084836427197 0.07325792165275694 0.6927730029299255 0.07380746464742527 0.6910754037688775 0.0474404229376549 0.6996108804555661 0.0468908800707379
8 0.7124549097221688 0.054587789062509856 0.7189670583744601 0.04880494615962607 0.7323514130828244 0.06387725981021457 0.7258392654538284 0.06966010164336876
14 0.3810254346082047 0.1782637898963137 0.23345418399605933 0.3203894570576683 0.0556340643246358 0.13575655332590833 0.20320440304715248 -0.006368284716800556