11 0.7226342074465038 0.36942419908134616 0.6405436401514635 0.3585858585858584 0.6582187758374403 0.2247212202605781 0.7403084241537954 0.23555950220056168
10 0.40076362476520444 0.506329349494295 0.3556651980671859 0.5391841729720724 0.30705819130105283 0.47246790870426547 0.3521562328986647 0.4396132882305373
10 0.5106867411708436 0.519972751100958 0.46560536877245795 0.4747652703790127 0.5159288222689611 0.42458582903021597 0.5610099654994656 0.469793079015191
10 0.5093757562840437 0.5768936447759323 0.4879025874212175 0.5739409387414878 0.4943044412946165 0.5273893396260017 0.5157774433024542 0.530342034046155
11 0.563642832897699 0.6284850353215118 0.6073927674602828 0.6535624989704696 0.5492691247139874 0.7549497814831979 0.5055194132278302 0.7298726252991626
11 0.41722344150946356 0.8027999962500573 0.3685598558084848 0.7457871800143766 0.45235755173996495 0.6742736697514199 0.5010206799009893 0.7312857768216267
9 0.461221960430521 0.7897292427243999 0.5209328380810803 0.7186243618590413 0.5683228273400118 0.7584136296422377 0.508612497278591 0.8295179957813291
4 0.5260891247254449 0.8374828063013788 0.5570782805364161 0.8589246974688002 0.5215296101005151 0.910289844885856 0.49054060101013874 0.888848131313162
7 0.3925468085143393 0.6505980817121731 0.36435396401191156 0.6267363818068095 0.4021382691527151 0.5820992519265289 0.430330923830752 0.605960819631111
7 0.4362752834881576 0.8880216887519734 0.41812565342263497 0.863930582804274 0.4602484230927075 0.8322035924237522 0.4783979853536948 0.8562945317543338
7 0.55653986932316 0.8126339890727104 0.5774554356526096 0.8251343911343522 0.5526635756203859 0.8666069934971592 0.5317480670695431 0.854106668608263
13 0.3564414089402135 0.7328881370763036 0.34841801388654403 0.7334133554915482 0.34552942325990443 0.689292633287781 0.3535527414160242 0.6887674174039066
13 0.5896463376420797 0.4880874467957434 0.6156311231636664 0.531005698813647 0.5385583097361177 0.57766473943721 0.512573880573882 0.5347467988131349
7 0.5505774811631454 0.6024830981537851 0.5745910588034349 0.6240908382911595 0.5378420050998329 0.6649264727655125 0.5138285364218973 0.6433188470806989
14 0.820517156158985 0.8124728472426658 0.8855642950019273 0.880546734859796 0.7190754247030782 1.0395893677582446 0.6540305173017487 0.9715176706819979
11 0.6668202945444364 0.8523985339922636 0.6000114433214776 0.8160832382061101 0.6513575815248487 0.7216421257922917 0.7181650409432905 0.7579569541726363