8 0.21607199803781896 0.213063472567972 0.14809024191481512 0.2582860979039207 0.09107085228856704 0.172571375471606 0.1590522936311345 0.12734889421120735
8 0.3648237161569341 0.19970391273186783 0.2983032902969853 0.2068885808261193 0.2857155519124035 0.09034214954228735 0.35223562466489966 0.08315750108581874
8 0.5153998896443 0.2884427618116445 0.45075417340831336 0.2962108923131924 0.4381198618984854 0.19106907142886279 0.5027650953049942 0.18330096976986418
8 0.22453862496672627 0.37053561049152517 0.19515827708528377 0.4052029985914481 0.1064778030903426 0.33004959388340815 0.1358580100313702 0.2953824256541312
8 0.14931451846234722 0.754594963887606 0.25960367133677664 0.7541955470415161 0.260355409645058 0.9617256152181859 0.15006625679336594 0.9621250212128207
12 0 0.350624265625 0.054621236328125 0.350624265625 0.054621236328125 0.4599029236111111 0 0.4599029236111111
12 0.10149953764164366 0.2934963714099563 0.07272010409894847 0.29829363915073537 0.059408533496707605 0.21843705347446 0.08818779296871071 0.2136398003472286
12 0.04947158410686825 0.014223204857771623 0.03962451161100944 0.014491599574160283 0.03922952441405414 -1.0257599448762953e-15 0.04907659666150721 -0.0002683947135523608
12 0.08190999871658278 0.7947793112782601 0.0999586045201113 0.828118677301206 0.0731664527617113 0.8426197797498253 0.055117994165925666 0.8092805402860017
4 0.5947361865746643 0.22386502629626898 0.553923033602814 0.2761625220750671 0.4765426169517468 0.21577529556037892 0.5173556825872083 0.16347797666578154
4 0.6142926596099869 0.31793082043212684 0.5799894668621164 0.36444206654526595 0.5133886121255955 0.3153236396710598 0.5476917324421038 0.26881258301890404
4 0.7370398869751398 0.37854392695622824 0.8237683383281365 0.3708546687899031 0.8411663074348326 0.5670775171768445 0.7544378737796933 0.5747666670585295
4 0.7022808600528379 0.4517020833957977 0.7610206234569432 0.4611614139769319 0.7335098833657412 0.6319808793339151 0.6747701512217645 0.6225216840641292
0 0.7512639470593285 0.6578361981186823 0.7907069228172077 0.678297761208764 0.7612216640245606 0.735126953959738 0.7217787823601611 0.7146655296733916
7 0 0.16830060416666667 0.0090234912109375 0.16830060416666667 0.0090234912109375 0.22446131944444442 0 0.22446131944444442
11 0.02653531700525491 0.7025576591229877 0.004029789602896017 0.7065484668629234 -0.011211825071086423 0.6206063864308382 0.011293312819702805 0.6166156141966407
0 1.0000000291596507 0.14897048437500002 0.9765128342085063 0.14897048437500002 0.9765128638352962 0.0764443940972222 1 0.0764443940972222
12 0 0.4619998524305556 0.0702610546875 0.4619998524305556 0.0702610546875 0.596342390625 0 0.596342390625
12 0.006750471315854156 0.6227865765508608 0.0012359922517362065 0.6242678713271069 -0.0030011044265165765 0.6084960435749069 0.0025133585979801865 0.6070147510729216
10 0.0187987389817863 0.6789578693238302 0.02290953293243092 0.6776063965803998 0.03059297203242295 0.7009738659560817 0.026482179706476927 0.7023253352068038
10 0.04979418156642623 0.7715249727031085 0.04174943782095397 0.7739773173638561 0.029000842415598527 0.7321636135828982 0.03704551074213214 0.7297112812500137
4 0.9565343984374977 -4.7575544922884836e-8 0.9565345072091986 0.10673718291270648 0.7691955406214674 0.10673712609584153 0.7691956018800283 2.7477808413125998e-8