4 0.2905365811637921 -0.014468808217621369 0.33548788310429245 0.058397233519301074 0.2348203923827441 0.12049919936629105 0.18986916828646372 0.04763322772705104
11 0.1583685088888842 0.17800184534719446 0.13515313675168272 0.16959102410931012 0.1480111853334165 0.13410084790153493 0.17122651905197017 0.14251166141449748
11 0.027362305060364633 0.19550193564818996 0.008289197653539304 0.17124187423169476 0.031168006155098738 0.15325487813593566 0.05024110426734296 0.17751492058561136
0 0.1984433461844901 0.13775988688496907 0.23692903184144143 0.13351787188277187 0.243683701860391 0.19479915921207067 0.20519801729028586 0.19904116759762652
4 0.4211460666408584 0.45121728100816755 0.38325334256307997 0.46143560100216974 0.3607472942436516 0.37798017340666074 0.3986396189320658 0.3677619109090872
4 0.36133084205391697 0.444398892277217 0.3798234870645274 0.43889651002685437 0.3871624759573251 0.46356018422604134 0.36866983510071805 0.46906255668514396
11 0.5354055502100437 0.6090903354533921 0.5354058629984593 0.6416722585815725 0.46290023544543146 0.6416726062979664 0.46290014805822466 0.6090909090908657
11 0.5376134970148314 0.769445652072088 0.5633568473516561 0.9126566267338695 0.34574500926169094 0.9517593961912548 0.32000635342910755 0.8085525440450899
11 0.22850526305126095 0.7436713378622436 0.20304935055685291 0.7382953283294005 0.21256996667341355 0.6932220924305889 0.23802563094682228 0.698598074874448
11 0.0885993376064107 0.9841142830777098 0.059993203778731186 0.9857179772253383 0.05775508074634672 0.9458034058231393 0.08636087986121765 0.9441997210670721
9 0.9225167140114081 0.848105292051443 1.002144580789377 0.8806510636155481 0.9445860195362457 1.0214388124202731 0.8649585416900436 0.9888937469914157