10 0.11042421262209245 0.3137543749391996 0.10409454103012195 0.298957592549435 0.17044259928718475 0.2705763321905903 0.1767722862221035 0.28537306688036795
10 0.4032905408287206 0.2973798250896471 0.3982493605202535 0.3105975864284853 0.3201762402842405 0.2808215617234486 0.32521744069845226 0.2676038493808219
10 0.432025435211699 0.2663220584635533 0.4212873046998311 0.20507656686983514 0.6208135849454948 0.17009375020834508 0.6315520367814997 0.2313388345001638
7 0.5674499563359632 0.25989291087070965 0.5680309600071496 0.2874695325959844 0.5142515558394507 0.2886024789520043 0.5136706153441537 0.2610259192538972
7 0.4908546408142911 0.34428616880881435 0.4914041998430321 0.37037057806861434 0.4416549229052862 0.3714185730608052 0.4411054358228057 0.34533423413942876
7 0.3689430916354013 0.44883449853501983 0.3684555480867857 0.42568981670538664 0.41952704064431146 0.4246140096344609 0.4200146611715354 0.4477586127275912
7 0.9752718029623111 0.24037014068362367 0.9583853890223963 0.24068799070570526 0.9574961908236901 0.193446863777824 0.9743825518232825 0.1931290142555915
8 0.9614647014077491 0.16558310782994778 0.9415327253053647 0.16617467894026516 0.939797458248222 0.1077073764848639 0.9597293857251543 0.1071158060978776
11 0.8179045364386184 0.04723379783869813 0.8048565202896043 0.04736935016681731 0.8044954640241713 0.012614565434798363 0.8175434759299378 0.012479013129103005
9 0.8953759446833374 0.20168467270031662 0.8797015760635531 0.20019999494063026 0.8835899699512311 0.15914920268695387 0.8992643029577039 0.16063387873834375
12 0.900371062470299 0.3431971597597489 0.9291851858940845 0.34027946297969236 0.936775524287782 0.41523583015866206 0.9079614027652951 0.41815351433172293
11 1.0005869796150364 0.24249855312431234 0.9912263821247507 0.24267474619772714 0.9901663021140621 0.18635559537910104 0.9995268654266738 0.18617940262582008
11 0.8634208163192625 0.06929700932920718 0.9013925480472835 0.06783033028424866 0.9045319072688471 0.14910683436981062 0.8665601757547847 0.15057351143323294
9 0.9330406924761974 0.2153152800020768 0.9174742610717885 0.21422485608168068 0.9204483892647204 0.17176824110098 0.936014782246616 0.1728586636821337
7 0.7965041215738893 0.1727456656539235 0.8176269655622264 0.1723480734773298 0.8186873685722276 0.2286833685074825 0.797564524612767 0.22908096000242273
12 0.8635843631196849 0.21535932903854743 0.876330052072376 0.21666613412818267 0.8727862873784034 0.25122905426117637 0.8600405986873056 0.24992225078222927
10 0.7155199458221659 0.360660352054224 0.7073957651059573 0.3608132682931231 0.7070133647214334 0.340497311493706 0.7151375277486522 0.3403443954217285
10 0.6909698073960726 0.35168284079186585 0.7007188131185558 0.3514993418986748 0.7010702452382702 0.37016964291445026 0.6913212395210167 0.37035314161927185
12 0.7067710743982616 0.4496717724288598 0.7067710870163637 0.44189169141162293 0.7219858962628223 0.4418917117861833 0.7219858916848807 0.44967178476882286
12 0.80293968493379 0.26430124602122185 0.7854463684244593 0.26622646758232377 0.775161232857613 0.17277270234074862 0.792654440542492 0.17084748683359716
8 0.7849844254462823 0.11389749731636165 0.7779222664726149 0.11489331669775768 0.7736816156567556 0.08481951228760415 0.7807437680702378 0.08382369338306507
8 0.7855830305858262 0.2833646187276699 0.7969568700440277 0.2831505338479437 0.7973971293282602 0.30653989457398917 0.7860232898766526 0.3067539792288605
8 0.8013279187227909 0.29557440852183164 0.7979916277932944 0.2944954983425391 0.8023073160594549 0.28115053491694864 0.8056436032013607 0.28222944443656683
11 0.8228047310446982 0.3487795205899044 0.808219085979772 0.3523081170778249 0.7929155304086635 0.28905189587868857 0.807501087301489 0.2855233105178247
11 0.6514859447237313 0.3517085543523042 0.6662458355364151 0.3509060285799281 0.6688953774126958 0.39963384185143336 0.6541354867795235 0.4004363653866667
11 0.7334971759247537 0.3658510685373756 0.7183169270298322 0.36613679678589867 0.717629595716403 0.3296199520724912 0.732809785985296 0.329334224375309
12 0.7340560622342309 0.30919176493848866 0.7503044043546652 0.3088859317910248 0.7512466142360381 0.3589421388535767 0.7349982721376591 0.35924797122235114
8 0.8596895817445329 0.4208784563613066 0.8257194430682375 0.4215178490856827 0.8241905003279726 0.3402816743543248 0.8581603194462559 0.3396422846359204
12 0.4993113642431126 0.7761537428606852 0.5631584216089323 0.759884225354403 0.5928140329049256 0.8762397626821405 0.5289670664699315 0.8925090347530414
8 0.1960910858419993 0.9999999597231518 0.118923314188919 1.0032411574996372 0.11544605983931433 0.9204586494804151 0.1926119730821938 0.9172174906571429
8 0.12078054226174118 0.8713404601235708 0.045947975184162715 0.8744437816989867 0.03486263510114895 0.6071355408105321 0.10969050437643091 0.6040323194748337
8 0 0.5074994387308533 0.09091914879649891 0.5074994387308533 0.09091914879649891 0.65465202297593 0 0.65465202297593
8 0.2735522692152017 0.44820474545917144 0.27941389152840657 0.5600224403638714 0.17164249182440017 0.5656705274881638 0.16578184397201312 0.45385375562979047
7 0.9696861790322373 0.6734174035481836 0.9689467678526853 0.6398893424924769 0.9994533664395249 0.6392166584901694 1.000192877618474 0.6727446171751822
7 0.9026877304454501 0.5885823063313375 0.9314640021860896 0.5922208366221666 0.9271789957118699 0.6261061621277851 0.8984027261375331 0.6224676433393448
7 0.832348226750355 0.5767178380376109 0.8322940902385199 0.543752435369427 0.8612131719698937 0.543704951759981 0.8612673896909655 0.5766702731477271
0 0.9506279703638256 0.5281393961535714 0.8634246848657767 0.5723108139556401 0.8236369462129005 0.49376691503624554 0.9108392481094825 0.44959579493282437
0 0.7591603083366181 0.7725825510084302 0.6709655714194014 0.7137120772212561 0.7519316520107395 0.5924355396071103 0.8401243940469385 0.6513050969239094
0 0.8694668448509901 0.8810982963265757 0.7686627453514348 0.7663946689098095 0.8895710341951144 0.6601591926427925 0.9903735629707171 0.7748606050387294
0 1.000002194766239 0.987970133479212 0.8525827876451331 0.987970133479212 0.8525853110039634 0.8571584343544858 0.9999992661527131 0.8571584343544858