12 0.4883385014401256 0.9999329206501538 0.4747238151948068 1.0016053756134808 0.46864346215750174 0.9521217586139346 0.4822579497035804 0.9504493159590727
12 0.4864646634694054 0.8465475783368502 0.4481043194839458 0.8285044470965816 0.4806927448199758 0.7592347843761872 0.5190524845074833 0.7772777497320181
12 0.4953534453405837 0.8816608163141014 0.5072431384747915 0.8851613967734732 0.4887717171178565 0.9478837164144265 0.4768820374608822 0.9443831677706988
12 0.5280146720884886 1.0001715529333954 0.5017684829737163 0.9995032610146941 0.5029373392209209 0.9536190826867937 0.529183169574253 0.9542873700322136
7 0.48828125 0.9305555555555556 0.50390625 0.9305555555555556 0.50390625 0.9722222222222222 0.48828125 0.9722222222222222
7 0.5324007122311514 0.8420572647764141 0.5128341234543541 0.8417995858198126 0.5134356030300751 0.7961451584899036 0.5330019712563399 0.796402836004339
7 0.5505402831287256 0.902259498263785 0.5304018647606199 0.9044073845921613 0.5254789878042629 0.858260719268598 0.5456171591816883 0.8561128461716849
7 0.5550576395093003 0.9999914716193007 0.5338662355646875 1.00074480720835 0.5329173373049798 0.9740574189604458 0.55410857146137 0.9733040863895738
13 0.6340275366835613 0.6529015700307199 0.6564364144277306 0.6527796375902133 0.6566140139964318 0.6854146879724076 0.6342051362555594 0.6855366200075869
13 0.6215555769293815 0.7334719462518681 0.6122287376789473 0.7351238414820861 0.6055835928719944 0.697610104721488 0.6149103571183332 0.6959582162534449
13 0.7038516996617545 0.9733320222101224 0.7126848563744943 0.97160433228756 0.71823057750521 0.9999495986521578 0.7093974229509286 1.0016772810799375
13 0.8936822343749782 0.9999999999999688 0.8936822576813483 0.9935354222322043 0.9095804901237443 0.9935354684360281 0.9095804824218021 1.000000030600561
9 0.9678480219652101 0.9088816170822973 0.8961591782855294 0.909502407023141 0.8953785252315356 0.8192619705910809 0.9670656867835987 0.8186411878738916
9 0.9441088065410668 0.23523000930983437 0.9883335420778394 0.23666469735546705 0.9865256602889758 0.29239212776635676 0.9423009248849894 0.290957442937701
9 0.9661973813153963 0.3564284578771294 0.982382850155318 0.35713884211404495 0.9805474749858831 0.3989544481355351 0.9643620062571472 0.3982440656112322
0 0.9449873034502616 0.9723669560901064 0.8957370818434356 0.9752582911413887 0.8903152105722256 0.8829180674868382 0.9395641488098363 0.8800267701922639
0 0.6323157561147354 0.4912541241698096 0.7383619871465044 0.46932162678890554 0.779182902388925 0.6666774947544499 0.6731367927649217 0.6886096023480104
11 0.6765472023068924 0.9999999982330471 0.6765473044247301 0.9795598490170118 0.698934528184509 0.9795599657375959 0.6989344951171006 1.0000000458020704
11 0.7020327321999957 0.9847914365295378 0.686308223877063 0.9891444379743697 0.6788186924740103 0.9620973288329357 0.6945430772065038 0.9577443454839918
11 0.5371405985707725 0.5374211927451541 0.5233864012383265 0.5389850132607613 0.5116652574962472 0.4359014978912716 0.5254192470703174 0.4343376892361169
11 0.5535635422318137 0.6255928686560892 0.5334659401912631 0.6295779911084953 0.5194966464740673 0.5591355581010732 0.5395939970011341 0.5551504612266179
10 0.49350522754104986 0.5924985344194973 0.46778163114072413 0.5997029433975267 0.4443969835781445 0.5162145395295776 0.4701202308253869 0.509010181817612
10 0.514412036877502 0.6724282709136774 0.4949755110392289 0.6742274186272872 0.488606257874153 0.6054267357034216 0.5080425234580161 0.6036276001298552
10 0.5387075264793566 0.678702440655944 0.5535870072010312 0.6756683046603402 0.5643399535298386 0.7283932084603719 0.5494604779981955 0.7314273269217199
10 0.6102782486841534 0.8899567759278763 0.6232521845780639 0.887150434303446 0.630147739803192 0.9190212526074439 0.6171738078869566 0.9218275816169578
10 0.6565050155331846 0.9321443762856331 0.6426574863311316 0.9330358934001255 0.6398435011806214 0.8893371872193424 0.6536908632616587 0.8884456754884288
10 0.628475819221535 0.9550925329364832 0.641522291217484 0.9513264344800668 0.6487246229908123 0.9762696404845793 0.63567815696058 0.9800357245592767
10 0.49666875267553223 0.6836772862781716 0.5076655675821939 0.6773769459895889 0.5184925414222334 0.6962719791780907 0.5074957370333095 0.7025723050362829
11 0.43915157477215416 0.31196387664530173 0.4688254240176093 0.29527289655484357 0.5041324165326841 0.3580409958055754 0.4744586116208893 0.3747319147092402
11 0.6510930914831761 0.877689504344942 0.6262630588637421 0.8867616978419254 0.598117776551021 0.8097460476472964 0.622947342563748 0.8006739473441337
11 0.6177486725183599 0.792675886412695 0.5978493669948648 0.7996838037050206 0.5793125648186788 0.7470568894989835 0.5992116317271439 0.7400490182788867
13 0.8263080183012335 0.9736484555018473 0.8158363183229085 0.9695260465601808 0.8243482967867521 0.94791021796305 0.8348199330313264 0.952032612842471
7 0.4733192973479845 0.43244570148224304 0.49073893014849546 0.42104485691440674 0.5180079142497789 0.46270735894711423 0.5005883125054424 0.474108164799235
7 0.5558330767996722 0.6370736722813068 0.5413933391409955 0.6465436231933231 0.5124725203127127 0.6024503983897836 0.5269121523061813 0.592980494381098
7 0.49694333715819994 0.6554985992889651 0.4889758688497068 0.6577475888079997 0.4816326755662885 0.6317361783059822 0.48960010427185807 0.6294871946978028
7 0.5033612408296904 0.7161015533607386 0.5139687059589733 0.7095519709938386 0.53630501228713 0.7457212345969253 0.525697570951138 0.7522707859649843
7 0.5756823199964174 0.711982790435351 0.5585830779750722 0.7174713908730044 0.54312521826796 0.6693205861981653 0.5602242929628574 0.6638320145995013
7 0.6438698028215413 0.7214192289038074 0.6209080728812069 0.7273331721898906 0.6052107422743802 0.6663944255687375 0.6281721843461128 0.6604805209746223
10 0.585107822177747 0.8366240013848387 0.5808774052254648 0.8371469257840508 0.5795097058060037 0.8260846299547511 0.5837401109383791 0.8255617062949903
7 0.9814501214885922 0.784174982923944 0.9544329988389109 0.7829751297454489 0.9572699113265344 0.7191122090858028 0.9842866449663461 0.7203120536997335
7 1.0002281432924747 0.6070941175129659 0.9777710228203205 0.6078545299478835 0.9757361528374986 0.54776201100397 0.9981930402907437 0.5470016024692377
7 0.9594386213208281 0.5166051469583505 0.9356757694396265 0.5179968019393273 0.9321972189761709 0.45860214141172856 0.955959862666532 0.4572104925176152
7 1.000000015564524 0.37379343750000005 0.9934490424623164 0.37379343750000005 0.9934490585113736 0.32777635590277776 1 0.32777635590277776
11 0.5360270265488225 0.5358821525524159 0.5132018535814495 0.5407301996918914 0.49127625989422086 0.4375090146493107 0.5141010889389008 0.4326610051934134
0 0.49030594178930187 0.31246094422553683 0.545638980273111 0.30138066890772713 0.6196856197240095 0.6711328563696412 0.56435266974961 0.682212809629579
13 0.7175339565228569 0.9597350378919872 0.6714505455969402 0.9728226172773914 0.6030973571478171 0.7321906518931437 0.6491779352393223 0.7191035020559916
7 0.6459896621088319 0.8081732066747321 0.6255606438726318 0.8154633487510232 0.6075104444170165 0.7648909063229468 0.627939225869909 0.7576008103643826
7 0.5990688842391592 0.7710148432747848 0.5811224509111526 0.7768231848078107 0.5691866538618342 0.7399505220060866 0.587132940544393 0.7341422059549846
13 0.49968070494753647 0.2620815291180361 0.5958808483344455 0.21733488640963386 0.7074088086762913 0.45709926733698997 0.6112090705173614 0.5018452502699935
0 0.8158666339064666 0.9999989614322141 0.7277940701205807 1.0176278399343759 0.676488565430418 0.7613612597096125 0.7645552143887926 0.7437329864910918
0 0.8720497880984794 0.5607512447568562 0.9632556661001672 0.6058243547247543 0.8374824867858024 0.8602890863368173 0.7462775094866174 0.8152173631098831
0 0.8512579574660322 0.6223738068929258 0.8370383176239784 0.6183840746332216 0.8492873245643295 0.5747329389372587 0.8635068533710637 0.5787226546775517
0 0.8393119992992979 0.6160323316566361 0.8513241520658994 0.6190481390730191 0.8378192554114321 0.6728323116711078 0.8258071085642769 0.6698165206517996
0 0.8255132845265507 0.6628831991796226 0.8342432113164477 0.6677342412081277 0.8133051597338863 0.7054089808583929 0.8045752484449622 0.7005579605969446
0 0.7961019186024032 0.7343474867604245 0.7796648445204255 0.7251885746536473 0.7983774635087002 0.6916112352006586 0.8148144284696173 0.7007701094593324
0 0.7726519151391358 0.7631598823055198 0.7570300399855796 0.7516856450564386 0.7806368190866806 0.719551123858628 0.7962585983974577 0.7310253097828989
8 0.9649908433719929 1.0000003498985255 0.9649915206064179 0.8333871129566449 1 0.8333875763888614 1.0000001362105877 0.9999999999986456