4 0.1094206510093727 0.21497218566409548 0.13472958028489757 0.2143376160353395 0.13678388389507745 0.29626913495815665 0.11147495467491808 0.29690370254532183
4 0.12849088685356946 0.34903420280050684 0.1486176547124387 0.34517310056257217 0.16595649073053664 0.4355513018632624 0.1458297288849053 0.4394123830107064
4 0.18127139003979664 0.5442354975032667 0.16965985076956258 0.5464847093472206 0.14900384590714566 0.439856070693734 0.1606152058176349 0.43760687644250235
4 0.16986424292520041 0.43842957509786584 0.1913684561775426 0.437100006190299 0.1967464668325647 0.5240772149940831 0.17524225438660324 0.5254067754817211
11 0.10159721802585864 0.40959509848515807 0.07544987962330651 0.4081110401669772 0.07898754794234719 0.3457861746720075 0.10513469433806222 0.34727022743996666
11 0.10855856720957036 0.38778160669158623 0.1288111681293458 0.3881825582326004 0.1268559597181138 0.48693726581591734 0.10660335885438599 0.48653631692527516
11 0.11048459570019986 0.5078709976435885 0.1274959634198467 0.5067481359378435 0.13222741485833467 0.5784234886776195 0.11521604783206385 0.5795463437365425
11 0.15171329216923368 0.5794829703304266 0.1309490525768524 0.5787657078920803 0.13412786482138017 0.4867529400886476 0.15489179012899967 0.4874701970472647
9 0.06042072903096596 0.5801261775123528 0.03791765152482185 0.5787393034326109 0.04187171519981803 0.514589723892415 0.0643745527605688 0.5159765905675682
7 0.07910077025258033 0.4890603599807388 0.06727322831079618 0.4889264810821007 0.06780895995620995 0.4416037958619996 0.07963642292452278 0.4417376743150061
7 0.11288334943117206 0.3603515658371249 0.10118300334215746 0.35985614740239785 0.10314806264364051 0.31344943446201073 0.11484835325256881 0.31394485172368025
13 0.6927159418842166 0.07303895979429903 0.7591541676742963 0.08910936016069597 0.7014764957136777 0.32755758099755716 0.6350383072775685 0.3114873058565471
13 0.6914805892761251 0.42431193784503674 0.7268439027328668 0.44579816121842814 0.6329929273030075 0.6002518352012407 0.5976298461431497 0.5787659122605715
12 0.9614117011042254 0.162938728862213 1.0180811012437516 0.19037467630485774 0.9688527531138789 0.2920550297178571 0.9121834170284728 0.26461918808948903
12 0.908020826150505 0.032773344304391515 0.9688672584046572 0.0464593209042124 0.9484919404469565 0.13704569647513695 0.8876455136914956 0.12335973604900935
12 0.8368895595460799 0.13018117751968658 0.8798975521250441 0.13781064722280062 0.8558848879375773 0.2731706211547263 0.8128769035649839 0.26554118405264165
12 0.7858805141377161 0.12368049299114854 0.7425124963560847 0.12499109498348197 0.7387511318671613 0.0005256025589082196 0.7821190450029007 -0.0007849978250195817
12 0.8304668509852036 -4.143774947902745e-9 0.8304668559884476 0.049647528466106434 0.7757107007307695 0.04964752340661549 0.7757107056650057 3.286469637164597e-14
8 0.3310805282375213 0.5788177321705053 0.331080583990115 0.561252687490385 0.3564437963068485 0.561252758697264 0.35644377924791115 0.5788177646999477
8 0.3247843329850184 0.32818039970658774 0.3922957745941176 0.3497324493264324 0.3494502230570333 0.4839388904244042 0.28193886558142367 0.4623870290509671
8 0.6095833919774805 0.5570100506836261 0.5429874503253131 0.5924092530022598 0.49500510480856974 0.5021476221360173 0.561600142957559 0.4667487137170419
0 0.5739495322311541 0.33157364518991306 0.6018143506864817 0.32697145434373187 0.6125801085122475 0.39215228867214885 0.5847152941296372 0.39675446288113647
0 0.5300885620972622 0.42100090778124744 0.4984656830354197 0.4026790462059181 0.5254722744098217 0.35606895017687334 0.5570949962367422 0.3743907541493769
0 0.4960637361908766 0.532668353002825 0.47387528184003713 0.5168372257888408 0.5049532429352439 0.4732827911364625 0.5271415691327093 0.48911385289815557
0 0.725624541614593 0.26643213551419664 0.7582606870075779 0.27670059277300707 0.7367870487665868 0.3449481733967933 0.7041509185401083 0.33467975030128216
0 0.7727117649804995 0.37715747105240216 0.7978855967259051 0.38657374113550086 0.7815583622870008 0.4302214701474228 0.7563845445283732 0.42080522703642953
0 0.62542766866477 -1.5991990649725647e-8 0.6254276863592168 0.07534987133703791 0.512850441914793 0.07534984213728138 0.5128504765319803 3.007679190619319e-8
4 0.5698396857500256 0.36739339576076724 0.5890114533225415 0.377853979681541 0.5548875382455662 0.44039192687533646 0.5357158026594107 0.42993138877847487
4 0.358621830443667 0.21492779391552738 0.36340256179721564 0.21959000074143575 0.34184385077719526 0.24169643211931896 0.3370631243842581 0.23703423029553003
7 0.8605611899200767 0.11162648060182244 0.8168533835399785 0.11433828256293878 0.8111318574019606 0.022120422562203156 0.8548395886944036 0.019408622793561942
7 0.43964264730755076 0.38589196029500555 0.38357525842138784 0.3720043711066326 0.4055536178324246 0.2832768942592021 0.4616205097195234 0.29716441921892317
7 0.24436969703003797 0.6872541361656193 0.1885724190710789 0.7277888257297809 0.09329124574844627 0.5966469496342994 0.14908733735740043 0.5561128822635547
9 0.4121791019134662 0.9577317533659973 0.40535958113525794 0.9781481158940488 0.37002518080134905 0.9663488362238667 0.3768447583447596 0.9459325850800261
9 0.2697044334975369 0.9349558583743842 0.27736869334975367 0.9349558583743842 0.27736869334975367 0.9588623140394089 0.2697044334975369 0.9588623140394089
10 0.2697044334975369 0.9657087118226602 0.3014251403940887 0.9657087118226602 0.3014251403940887 1 0.2697044334975369 1
11 0.3493435357620456 0.9999999912325725 0.34934404808677755 0.9602810337241403 0.4146359985277286 0.9602818469023469 0.41463587315138284 1.0000004149646993
7 0.6445373873075368 0.5788170474995287 0.644538326205975 0.6716065884606234 0.5484897853713164 0.6716066193473044 0.5484896933882055 0.5788179169505436
11 0.2697044334975369 0.7652507783251232 0.29188589655172414 0.7652507783251232 0.29188589655172414 0.8647367118226601 0.2697044334975369 0.8647367118226601
11 0.48200184581423855 0.9999999780606977 0.4820059388126765 0.8777003571607077 0.6283570821406101 0.8777048107761215 0.6283555494358097 1.0000018877162904
7 0.7392706283242205 0.835171648137 0.6455119678915935 0.839836731745348 0.640381115764967 0.7367122214496107 0.7341374785602284 0.7320471948406923
7 0.4608633766906678 0.7595261203761854 0.39760603646675463 0.773538454238407 0.37823490052051056 0.6861010613710227 0.44149105512906317 0.6720888625666616
7 0.322807628780879 0.7327166433980864 0.27789642451386953 0.7453169641208794 0.2565622881980971 0.6692857693704138 0.3014727896626255 0.656685552020974