12 0.14713119145983455 0.16284555500268227 0.18249709971325956 0.12014332765608893 0.2401853601189714 0.1679203070492828 0.20481953915634676 0.21062245279894332
12 0.3209717002499701 0.24314689470209927 0.3489274594081735 0.2235591995378294 0.43319986755307127 0.34383081340284166 0.40524421681982403 0.363418380048414
12 0.2848446518817127 0.24241339919358487 0.29547621072640595 0.23247750652279867 0.31790002454613386 0.25647089608564266 0.3072684777686163 0.26640677636841176
12 0.4798388510770337 0.41935483870967744 0.43571186199335443 0.41935483870967744 0.4357120070504834 0.3653415456989247 0.4798387096774377 0.3653415456989247
8 0.1037531650127903 0.23133617366752393 0.2292484075919674 0.18154352779468935 0.3141328190945387 0.3954775265433277 0.18863786493022872 0.44526962663757474
9 0.1794286360808428 0.4691961529376025 0.16236286730054417 0.46622362338722145 0.1707604401574372 0.41801519315989294 0.18782609837262498 0.420987712843521
9 0.2483339061722063 0.5199800990155511 0.25960261380043903 0.5196632583957552 0.2611213956317897 0.5736752496288282 0.2498526880646068 0.573992088826072
9 0.2186066409004752 0.4854924141773232 0.2409385035583682 0.48489190886299494 0.24332344811534767 0.5735770603864918 0.22099158562548382 0.5741775614145307
9 0.34171578103939737 0.5694303579586188 0.3393927403641328 0.5806862889918303 0.3230307092347857 0.5773097520917235 0.32535376192322474 0.5660538374735626
9 0.3260069438606479 0.49105828734715173 0.3524229569483168 0.4941635422322849 0.3465858974176399 0.5438146945902353 0.3201698863914544 0.5407094519493635
9 0.29569942333159815 0.7905222635788741 0.26914954978417427 0.775671974196896 0.2902040157724741 0.7380370409942665 0.31675367638433727 0.7528872559384322
13 0.12272254055676513 0.757237281712543 0.13691493234784957 0.7597203734215644 0.12159103274893823 0.8472890764624377 0.1073986478995721 0.8448060117404232
7 0.13184483308361905 0.6171701882115237 0.12176680659888461 0.6185715874897809 0.11521764443853044 0.5714787308693109 0.12529558594462742 0.5700773375610385
7 0.060714377273257014 0.7690274175558646 0.05125129570240006 0.7693458420598307 0.050343664605861704 0.7423762793777569 0.059806687725426855 0.7420578558548364
9 0.21840627525568834 0.5332542320945909 0.22326763560590734 0.5334775467622505 0.22207176871086176 0.5595081575043456 0.217210408393953 0.5592848433210291
10 0.6371776984551616 0.5004349673435308 0.641979377462917 0.5023918079779262 0.6239042769855132 0.5467406772354285 0.6191026021505195 0.5447838440860301
10 0.6795188230108806 0.733481006175988 0.7391541138059665 0.7538673459812166 0.6979672492608415 0.8743261109973471 0.638332109091948 0.8539400889602055
10 0.6354418142082068 0.9151551411493886 0.6262745051373031 0.9112830412769548 0.635871509005824 0.8885675825488263 0.6450387636558617 0.8924396693508255
13 0.576550206095817 0.7300594393098447 0.5664704205153157 0.7243742768538639 0.5812797137260759 0.6981215841865644 0.5913594466948098 0.7038067280277996
13 0.6404723897481972 0.7181733479243576 0.6459635665158885 0.7212131354661201 0.632277991703404 0.7459312041434703 0.6267868217292971 0.7428914261752488
13 0.6655540068211394 0.890821493745951 0.6944879734131746 0.8999013153111353 0.6772464677515018 0.9548293597902318 0.6483125338638729 0.945749611621445
13 0.7228130008149947 0.9341461807899372 0.730200371666001 0.9369206595149491 0.7241450419736566 0.953039307501446 0.7167576746978739 0.9502648356439
13 0.6271137788711485 0.8931052824381011 0.5956007293513039 0.8924565928916202 0.5982902025660906 0.7618654793175439 0.6298022192037251 0.7625141582592335
10 0.7086204664477691 0.9309662757120521 0.6686070125284687 0.9384556584631629 0.6521311800225931 0.8504494685707172 0.692143682795745 0.8429601774193471
13 0.7095199025861803 0.8465176361284789 0.7336941265956511 0.8548282681295308 0.6871301591303336 0.9902413305903129 0.6629560160528172 0.981930864384498
13 0.7081514326466731 0.9395772773840675 0.7132575918254815 0.9418316133565934 0.7026504528453188 0.9658505772702519 0.697544298793332 0.9635962498884789