4 0.4624196117958945 0.02274949942904065 0.5123815812768271 0.022562971881287384 0.5129623387691709 0.17812024936213708 0.46300036929790167 0.1783067764648082
11 0.44966814792928744 0.33105314510853506 0.3639467343571141 0.35168991765308427 0.3275626615387637 0.2005584286823264 0.41328303431851054 0.17992178728808975
11 0.22835982265883104 0.026421312841304393 0.24385168365154186 0.026639383536379915 0.2433447282188581 0.06265375516269107 0.22785286722660203 0.06243568452117833
11 0.2998183917334245 0.017998040107630522 0.32463348512840184 0.017415696530927144 0.326055404009594 0.07800712788928248 0.30124031062155154 0.07858947121294184
4 0.38683815014110223 0.15830644886153059 0.3664092275668054 0.16365519092054426 0.3540562173445778 0.11647446825042292 0.3744850996090463 0.1111257317977747
4 0.4091027680389061 0.1356149397354548 0.39779368543952387 0.15209350995101345 0.37421385855293465 0.1359109860762932 0.3855229386119845 0.11943242569934673
11 0.4537100967789911 0.11305224572195469 0.4307777784242717 0.12138675262862635 0.4176211860475405 0.08518659732683932 0.44055347949222323 0.07685209548609816
11 0.48871519444787737 0.2637753639007888 0.5083858285033784 0.2559378051456838 0.5227132649333726 0.2918958629418506 0.5030426378723405 0.29973340883279437
11 0.467395794454319 0.43386559478501 0.4860503964354166 0.43266290906946503 0.4882916368719634 0.46742420372273863 0.4696370351657606 0.46862688656107776
11 0.36330223105005643 0.6123331875 0.34572784728175066 0.6123331875 0.3457279045172754 0.57797953125 0.3633021790138855 0.57797953125
4 0.3078545014187739 0.756360822026907 0.278579272298316 0.7612535764198172 0.26789730835889713 0.6973485966914579 0.29717212697050854 0.6924558772831515
4 0.5147140754783095 0.7438232925065279 0.47222094433232087 0.7438098850747323 0.4722467728003039 0.6631317256022508 0.5147391694322323 0.6631451329181864
0 0.5185058430420213 0.1642648245779604 0.5523089002214192 0.16890157722304455 0.544902785210752 0.2228933765032384 0.511099729522698 0.21825663129714992
0 0.5327331152343504 -5.930796465779262e-12 0.5327331152418537 0.0034722222193879757 0.5170524853448342 0.0034722222133229197 0.5170524853515417 -1.3506680485362983e-14
4 0.6844102553955054 -0.0011176429600626846 0.7330010439453645 7.578665451924786e-16 0.7310739347656181 0.0837832114868664 0.6824831462021166 0.08266556915019892
4 0.8285118857421594 -1.5084479817439034e-10 0.8285118858694887 0.012468600748198354 0.804734784027346 0.012468600591164655 0.8047347841796864 -2.327566566818089e-14
4 0.9653362407188979 0.10728994878558819 0.976607693914957 0.1080510584585684 0.9745871861290425 0.13797310702651758 0.9633157329748201 0.13721199777841459
8 0.8600480794390251 0.20122132447690524 0.9010083905000101 0.18174496943069934 0.9474970390429007 0.2795127794573244 0.9065367776689754 0.29898905767415546
0 0.925184307905397 0.7242253224675489 0.7926085562686467 0.7073885960154138 0.8260724712730507 0.44394140327891296 0.9586420425546294 0.46077773298039165
0 1.0000001367269533 0.7327118194444444 0.9906857290005746 0.7327118194444444 0.9906858637496043 0.583668685763889 1 0.583668685763889
4 0.8186718318352177 0.5244219561328445 0.7789906133716613 0.5238000685245366 0.7802484999375565 0.4435579321292333 0.819929252386828 0.4441798161029312
11 0.07290326855468265 -1.7810111516355128e-10 0.0729032687028166 0.015693173666756134 0.05483259453808387 0.01569317348147874 0.054832594726576644 -3.269386579793455e-14
4 0.07760563485942384 0.6553265399402285 0.10265602298341037 0.6412376828146383 0.12808741003971136 0.6864493567641904 0.10303707535319973 0.7005381392479906
7 0.1655448472193939 0.10415071342076594 0.12740751573346643 0.10665937111924347 0.12271079714889765 0.035258232648924095 0.16084807527306566 0.0327495766150672
7 0.12548507935082398 0.22558552800069007 0.16077730652637 0.21279548359563472 0.18452018204709475 0.2783092738230488 0.14922797231781715 0.2910992841820739
7 0.791547944335889 -2.0235683272710416e-10 0.7915479445205165 0.01621897920627584 0.7717505476416591 0.01621897899752079 0.771750547851525 -2.3928704361323177e-14
7 0.7282136011750708 0.22580600973310727 0.7604098474928378 0.22365381319658117 0.7650091961762655 0.2924574736646046 0.7328129504679737 0.29460966442869535
8 1.000000224958285 0.5194107829861111 0.9677266186239422 0.5194107829861111 0.9677268032867232 0.41896972569444446 0.9999999575194352 0.41896972569444446
12 0.11718552095851464 0.0685506495437587 0.09826747140880343 0.060265643237500555 0.11916662958537927 0.01254438767103932 0.13808466755335758 0.02082939094193297
4 0.21219503400106987 0.44194560606339967 0.13926904847789956 0.45417166921969665 0.11770788495255147 0.32556616909462316 0.19063276517874783 0.3133402013526085
11 0.2628151555854856 0.3700684979045684 0.2167275067947685 0.38124238570667096 0.17605975686922193 0.21350811293220218 0.22214673611222224 0.20233430922209308
4 0.18519400701097766 0.18007822411206154 0.2060933520845083 0.17761317148551395 0.215671811410175 0.25882071757049124 0.19477246758674482 0.2612857634955429
11 0.4096924472655701 -9.05982515194968e-11 0.4096924474059733 0.009377105822444052 0.364121986187115 0.009377105676792246 0.3641219863280867 -1.4064015232096488e-14
4 0.6270623675786737 0.612272482769445 0.5555014196205548 0.6628305847637598 0.4876566971630609 0.566811161368331 0.5592165650411971 0.5162536015784114
4 0.7161690865106038 0.0788687667683557 0.7302856595506455 0.08105458231961957 0.7261650471505163 0.10766651674370167 0.7120484743011275 0.10548070202626321
0 1.0000000245551064 0.1524776128472222 0.985184680337511 0.1524776128472222 0.9851846992968376 0.07078397395833333 1 0.07078397395833333