10 0 0.48467806681514475 0.04466074053452116 0.48467806681514475 0.04466074053452116 0.5389755011135857 0 0.5389755011135857
10 0.4211079317002486 0.3814962279109509 0.3768436097509493 0.4663289673108975 0.25414951704237865 0.4023115306158277 0.2984139273976325 0.31747948834628265
8 0.1310965350450033 0.37903233967766814 0.12005065750372523 0.31571780311763603 0.2278444415226204 0.29691259368582346 0.23889059716350403 0.36022677082068094
8 0.08778756840411006 0.24693331498052878 0.14702008244614717 0.27260327444813715 0.11169386975848283 0.35411502648489895 0.052461416882920275 0.3284451705880362
8 0.05024651389965129 0.2388178587261796 -0.0004969142172512875 0.22136500889542074 0.01663376979149689 0.17155918846351279 0.06737704947977363 0.18901201084462266
8 0.1784162116631478 0.10509447786934574 0.1779129740159533 0.05406508194778006 0.2398877608619614 0.0534538969569392 0.24039103649306526 0.10448325588604629
8 0.27761915658425096 0.0940320413715954 0.2822573432754325 0.07098188407951901 0.3160570066360151 0.07778308678532918 0.31141883185830466 0.10083323359126306
8 0.4198222210802669 0.32677073942093543 0.3433116478371403 0.32677073942093543 0.3433119747054434 0.22345608685968812 0.41982182628066766 0.22345608685968812
13 0.2991214052028681 0.017703064166084605 0.31362358581088756 0.028955691804224956 0.2619560167669306 0.0955438400949913 0.24745384333198217 0.08429122062779804
13 0.3712119988864142 0.011675375278396436 0.4198218262806236 0.011675375278396436 0.4198218262806236 0.0901414276169265 0.3712119988864142 0.0901414276169265
8 0 0.21985629621380848 0.05680587082405345 0.21985629621380848 0.05680587082405345 0.27624296436525614 0 0.27624296436525614
8 0.0027556658881167095 0.1966635821236182 -0.0019107111027096835 0.17173849191831286 0.06540166916636281 0.1591366168840667 0.07006808132393871 0.1840616605954591
4 0.5219441804347298 0.44722778941233304 0.5082459271353628 0.47572669412796464 0.4240474944288053 0.4352581253053381 0.4377457839643739 0.40675940200446764
6 0.4198218262806236 0 0.6285003240534521 0 0.6285003240534521 0.14661523830734965 0.4198218262806236 0.14661523830734965
6 0.48943470155904834 0.5389755011135764 0.48943515517191827 0.5052650793893385 0.5954231968845534 0.5052661230118766 0.5954230270765493 0.5389762642537049
0 0.8159928920622406 -3.10206229988025e-8 0.8159929159214698 0.07257254457202597 0.6881183177803223 0.07257251653790998 0.6881183475235275 5.7880204094771515e-9
0 0.7433709717331567 0.178063671056774 0.6202274754715518 0.2129263405454868 0.5971022345728443 0.13124220126102246 0.7202452547986695 0.09637960465172518
0 0.6986260284957098 0.27817094052112507 0.7612149453196935 0.30116907473060694 0.7107360492306043 0.4385410924984716 0.6481472233879231 0.4155431410446267
9 0.9092051590786241 0.11979648696899452 0.9070473025742558 0.19017780516213562 0.8406588554131531 0.18814227271730932 0.8428168181071669 0.11776106212652986
9 0.8774947221567118 0.20053091892265612 0.8478402844247057 0.2658025067185142 0.7893031612103414 0.23920796426672347 0.8189576361831996 0.17393651420318634
13 1.0000001698191454 0.22499808685968822 0.9374117208514008 0.22499808685968822 0.9374118704533885 0.11710596547884185 0.9999999724758482 0.11710596547884186
9 0.929103062322838 0.47150142781516363 0.8595823670909795 0.42281732549462153 0.9135674638520186 0.3457313546283173 0.9830875977287405 0.3944151805980262
9 0.7772306127434376 0.5389754476021045 0.7772313446786256 0.4472536642748376 0.8708279608154044 0.4472544637360387 0.8708278736345392 0.538975595422388
11 0.29228084012584077 0.5786470858733196 0.37130583516091065 0.6262428409977403 0.2127643957194323 0.8894318044341342 0.13374063969229155 0.8418376959257069
11 0.41982182626713893 0.5389741875604158 0.41982393924274675 0.736201602454676 0.3374808221768717 0.736201382747938 0.3374802901430485 0.5389755529349823
7 0.15268475105551715 0.9031631229175204 0.19923674485221454 0.9295719585382801 0.17388452375780616 0.97424928292077 0.12733267072746912 0.9478406416033951
7 0.061066765940836376 0.794438536628416 0.105652386586371 0.8168469825343593 0.08304182175027108 0.8618252620895684 0.03845629519560134 0.8394169587091425
7 0.07096743149679696 0.6642736052543801 0.11474293556227622 0.691819605665922 0.08731302567798593 0.7354040145076379 0.043537639346936885 0.7078581653933659
13 0.4840545153952007 0.8681864134489851 0.4894246607562991 0.8435048467567633 0.5520742515541315 0.8571327423013566 0.5467043451375275 0.881814100984641
13 0.5481148459039105 0.8130599997502331 0.5493572793653811 0.8394669628799742 0.49420348044384355 0.8420610916919321 0.49296123878184517 0.8156543123166847
13 0.5977799582391299 0.9050749125926465 0.5938691066446609 0.8796127075440261 0.6496333299388652 0.8710495729442814 0.6535443392269826 0.8965115836969638
0 0.5417975755295856 0.6077110804243374 0.5387773763681025 0.6215945386265214 0.49125713494572665 0.6112580567848184 0.49427737883831924 0.5973746612547816
0 0.6036428905305229 0.8129552728332902 0.6007098250560148 0.793858645430927 0.6331931849558714 0.7888704534793889 0.6361263125266987 0.8079670042018117
0 0.7708395496381399 0.765777202283178 0.7755380824864915 0.7441808230664299 0.8217325606228769 0.7542291330966683 0.8170341634506713 0.7758253942296022
0 0.7086627860850285 0.8948462334870503 0.6936580609308294 0.8784405432382464 0.7270092733604088 0.8479445167341084 0.7420139203226199 0.8643501084047662
0 0.7155642916587794 0.8903161511427349 0.7173884185699535 0.8738006745817708 0.7879298857419599 0.8815898935889187 0.7861059317599484 0.8981052113752367
0 0.8468655359497461 0.8873278228399696 0.8425025287425569 0.9073816474501947 0.7854601638958911 0.8949739857403827 0.7898232843398318 0.8749203205617149
0 0.9043896780734713 0.9282478224403405 0.913213488881297 0.9580677094539698 0.8219230326636762 0.985072517380836 0.813099706330263 0.9552530441531542
9 0.4891322741808608 0.6111237956443025 0.48341903297887256 0.5540906966951933 0.6505180858655422 0.5373521502774516 0.6562320757486759 0.5943844377646723
12 0.5703541829661845 0.9723343090555087 0.569376221046241 0.9607608858695896 0.6175512514844286 0.9566910905144075 0.6185292878160453 0.968264431447323
12 1.0000012205421172 0.9070088964365257 0.9225826930572794 0.9070088964365257 0.9225835366370347 0.8057044944320714 1 0.8057044944320714
12 0.8657585944204129 0.7293170967111765 0.8614474301205064 0.6841925300055015 0.9563078820145847 0.6751308382203488 0.960619455526853 0.7202549399412937
12 0.6912520662135648 0.6920716886518078 0.6756255841088432 0.5561194675582614 0.9146387457806213 0.5286496442801544 0.930267848233143 0.6645987038391727
12 0.4198218262806236 0.5800817260579065 0.4474810968819599 0.5800817260579065 0.4474810968819599 0.6289680913140312 0.4198218262806236 0.6289680913140312
14 0.4127741221039969 0.6943532837739174 0.4198218914817744 0.6619584998589683 0.5218499529895553 0.68415197113994 0.5148025898437254 0.7165464034892495
14 0.6552603881591494 0.6639026440388545 0.6567175902404188 0.6857348558098776 0.5973541877051503 0.6896962772109956 0.5958971274519627 0.6678641989399353
14 0.7237927468623866 0.721587970987566 0.7724836462128906 0.7516143267004551 0.7140304048892858 0.8463844775726249 0.6653398082994499 0.8163585203003719
14 0.5556582739160376 0.9386918995644586 0.541926677077754 0.9492908121668459 0.5221581046771462 0.9236860233852701 0.5358896180922557 0.9130871595781683
4 0.5640060517655456 0.8994018760297945 0.5666134984841165 0.9163766433949481 0.5219030113948975 0.9232425541798842 0.519295683882433 0.9062678932963203
5 0.7653061807601489 0.8576301568546852 0.761069461895886 0.8300460829581473 0.8136531968174268 0.8219712082764683 0.8178900680335346 0.8495550952527525