11 0.17210986918769322 0.9392734800803534 0.2033867682808932 0.9869374809684376 0.13739614543715106 1.0302268805864967 0.10611988481241497 0.9825634422307581
11 0.21217674932836417 0.6444198645710143 0.19080767611046667 0.7146844495122902 0.11931572542789581 0.6929445797437225 0.1406851000883762 0.622680527252505
0 0.28335790999619803 0.7485018587408718 0.21092946808835222 0.7336782043653428 0.22512761844473062 0.6643196503325485 0.29755501151805674 0.6791431952498848
0 0.2713711855467409 0.9401105813457469 0.3117404538206756 0.9451373094108708 0.30430607600578696 1.0048253015235742 0.2639368161119364 0.9997986181334589
0 0.33345265951743386 0.9915993339981026 0.3130933248537531 0.9924073562774925 0.3112357222054243 0.9456123112473492 0.3315947759042501 0.9448042945493673
8 0.3910304107913589 0.9999999974377358 0.3910308625735297 0.9643016668749791 0.4464687438075998 0.9643022554811836 0.4464685878274395 1.0000002910333965
8 0.4162486647916239 0.9347583297088455 0.40260934735135834 0.9346097032979812 0.4030756270872189 0.8918385759442806 0.41671478189914524 0.8919872014678143
8 0.42033571810964077 0.8949814583295684 0.4318718679335234 0.8943816182559216 0.43385128684690244 0.9324403066355559 0.4223151372725624 0.9330401435268375
12 0.595703125 0.999999999999975 0.5957031264127863 0.9983923071825113 0.5993949214077929 0.9983923098601891 0.5993949208984759 1.0000000017743083
12 0.598357662355852 0.9369862636505994 0.6326456613867322 0.9371578041695037 0.6323304116529016 1.0001531684587468 0.5980424126264552 0.9999816295291275
12 0.5848345376459747 0.8163906059533685 0.660447090128514 0.8192162410419345 0.6559258954110874 0.9401737743639652 0.5803133456284968 0.9373481848080509
12 0.6296930762339343 0.7330264956362762 0.6015593703375544 0.737168309960825 0.5805126618396343 0.5942238869748777 0.6086455551518384 0.5900821336334281
12 0.6372622456445924 0.5208289689119953 0.67136069295384 0.5199323636819839 0.6738711164970255 0.6153963338753882 0.6397726695711299 0.6162929317061376
11 0.5909344838265724 0.9724786601692046 0.5483925837920651 0.9789397039734243 0.5253560514942137 0.8272918301970349 0.5678962077868164 0.8208309203972494
11 0.5572450928848411 0.6730605843800515 0.5725812357181894 0.6743898132509482 0.5694594785943536 0.7104022850591282 0.5541233364158415 0.7090730612499023
7 0.5949606936537748 0.5740840957232156 0.5789285434393605 0.5744402723663995 0.5779998167519125 0.532638043644313 0.5940318556999955 0.5322818682250456
4 0.9322521513671518 1.0000000000000127 0.932252271168295 0.969414930166924 0.9491771027219329 0.9694150108006654 0.9491770605468446 1.0000000030803602
4 0.9837637831178654 0.6470959773599307 1.0090927421315428 0.6565931224363428 0.9833339040819737 0.725282400075072 0.9580049829560267 0.7157853278361831
4 1.000000007730705 0.5994964201388888 0.9937546608264256 0.5994964201388888 0.9937546740956122 0.580504625 0.9999999998412932 0.580504625
4 1.000000001965418 0.5366215260416666 0.9966633758843955 0.5366215260416666 0.9966633798151179 0.5256990711805557 1 0.5256990711805557
4 0.9454321051215402 0.8727366755437242 0.9519177660996547 0.8738967386203775 0.9484388435364508 0.8933420425459809 0.9419531833710835 0.8921819825510683
8 0.9780055063241662 0.9299246404231576 1.0096533224158293 0.946648759609201 0.9754320837676005 1.0113885346106193 0.9437843922410138 0.9946645969692182
8 0.978102957579722 0.9051689976822703 0.9504712222737908 0.9113164760693283 0.9409681605220612 0.8686116569568775 0.9685995779653922 0.8624642154606751
8 0.9439001842366679 0.8214171291946355 0.9134563458781031 0.8179808054119131 0.9194752378966768 0.7646692239501416 0.9499186853690844 0.7681055254573176
8 0.9325863321336101 0.6834331134421856 0.9099416227560368 0.6799995573282986 0.9150567695213567 0.6462697042481809 0.9377013246009938 0.6497032484366204
8 0.9108803634165952 0.5067277579308552 0.9492881248203275 0.5167510755954573 0.9347011660248654 0.5726410785930357 0.8962934227579353 0.5626178086063184
9 0.9174759023708248 0.4960692920227876 0.8474122389432068 0.5530956547616154 0.7575607295934788 0.44270912695983383 0.8276234785359975 0.38568335380763086
9 0.7841048836879736 0.5909649630991747 0.799814908242638 0.5736161446057273 0.8377182588092182 0.6079354096111034 0.8220083190072955 0.6252841466628778
7 0.08718462890624323 1.0000000000000464 0.08718462901811108 0.9997561108264698 0.08922869437151348 0.9997561115133363 0.0892286943359295 1.0000000006109844
7 0.09834887774445633 0.9503391664150692 0.08005945164472905 0.9505330997370051 0.07972931135202543 0.9193983536564106 0.0980185756592391 0.9192044211909953
7 0.10411430300553093 0.8711884111911481 0.08548931657412595 0.8741906859863996 0.08090202627727194 0.8457388788235618 0.09952687559791684 0.8427366152665696
7 0.10122298230487559 0.766135928889809 0.10177626947643148 0.7960861740349412 0.0830130780844911 0.7964326738965893 0.08245985893154284 0.7664824954736977
7 0.12545977258730545 0.7117309645723683 0.14082320693830752 0.7081291864463588 0.1471226722742358 0.7349954150794064 0.13175924165159358 0.7385971822625844
7 0.32470339870553744 0.7437820843347219 0.31047495376697043 0.7421526175704414 0.31323735975058753 0.7180356871786145 0.3274657288096705 0.7196651495652968
7 0.3507856825530098 0.7578024133771922 0.36384228860970325 0.7568665852776773 0.36584197409524677 0.7847610621438488 0.35278536837063257 0.7856968871750539
7 0.4039922611369775 0.8453833632287407 0.39104262122555156 0.8447679687640696 0.3922452960962346 0.8194665269216751 0.40519485329161853 0.8200819194227104
7 0.4446171513694708 0.8083541595932543 0.43343952521718165 0.8111612200435502 0.42749316149411243 0.7874874653035455 0.4386707246321748 0.7846804131224877
7 0.49555858076257664 0.8004114599752826 0.4842520234655012 0.8024002294439169 0.4800907298084667 0.7787467641179132 0.49139722354209425 0.7767580003551253
7 0.3848723905471161 0.8704676819721654 0.3966237343593093 0.868509820033748 0.4003069575991276 0.8906118345154594 0.3885556152358731 0.8925696905757841
7 0.393322790209254 0.965588564042775 0.3816335314533035 0.965540078861118 0.38173882316505114 0.9401723842756606 0.39342799603923595 0.9402208692794759
7 0.38129460124139314 0.9798610721985591 0.38850216233356605 0.9786699186757548 0.3919386120768422 0.9994573952400829 0.3847310519088296 1.0006485449795752
8 0.8932834748338792 0.9144725451249963 0.9096159893522326 0.9147742776117601 0.9091607998307154 0.939406869511612 0.8928282853427163 0.9391051380755611
7 0.8804394174104573 0.6156068355520811 0.8603866984396973 0.6171711271745984 0.8570600341619183 0.5745300894033107 0.877112600160217 0.5729658037281711
7 0.844638442190103 0.6908820778069396 0.8637210547123004 0.6855211454909522 0.8747786558532198 0.7248755769897669 0.8556960529074331 0.7302364857457307
7 0.8584853263084824 0.832505534428346 0.8389417240533703 0.8338544873680099 0.8361790026327753 0.7938348507667281 0.8557224125439689 0.792485904461782
7 0.9823096946345231 0.8236215090905251 0.9991691671264107 0.8260446719550693 0.9939830169403194 0.8621202817313588 0.9771235468738269 0.8596971301745229
8 0.5264374888546399 0.7736966006722426 0.5116114421974771 0.7858894002235798 0.49928351178823505 0.7709017261857933 0.5141095161009162 0.7587089544923836
11 0.16482394737602135 0.944589792475167 0.20529016829118518 0.9071636544302244 0.27081698044173663 0.9779939971921371 0.23035127596654092 1.0154196048338928
11 0.19067457031246704 1.000000000000009 0.19067464252009358 0.989429127023187 0.22063873124500333 0.9894292878597958 0.22063870703095745 1.0000001128487945
12 0.5729048711514224 0.796308452498533 0.5953058617569695 0.7963727750366995 0.5951189833018589 0.8614418343059372 0.5727179926954022 0.8613775122946382
7 0.5961937588667752 0.977702469269979 0.5822129452851641 0.9780695757956228 0.5810050902784951 0.9320794862108237 0.5949857178776483 0.9317123821192212
7 0.5935264045278927 0.7370852143504529 0.5775587656534071 0.7367563540080604 0.5784111941303536 0.6953769156293924 0.5943786897743166 0.6957057745026705
7 0.601157461594994 0.7537133050801247 0.6169346597924914 0.7502210127698523 0.6266396838467472 0.7940577518132633 0.6108624916421377 0.7975500256801555
7 0.6153310838885773 0.5926497112345654 0.6306864934208534 0.5897176980043898 0.6386801627728573 0.6315771176987142 0.6233247565487545 0.6345091192980078
11 0.5535661109537386 0.5004371091382118 0.5831630459658754 0.4999104046668625 0.5843157530508734 0.5646786821750917 0.554718818123547 0.5652053838808575