9 0.16982219518072292 0.22758383493975906 0.26987951807228916 0.22758383493975906 0.26987951807228916 0.519277108433735 0.16982219518072292 0.519277108433735
9 0.0339853446653251 0.08100453980870045 0.042555829601042205 0.005495810660576187 0.1777137748496216 0.020836623724899337 0.16914337681760117 0.09634528144172294
10 0 0.07404774939759036 0.07629897108433735 0.07404774939759036 0.07629897108433735 0.2558882060240964 0 0.2558882060240964
10 0.38693420604408857 0.501075092879468 0.3834815665247788 0.5007695712470074 0.384471148157445 0.4895873862010385 0.3879237818588308 0.4898929075744466
10 0.4362636242556164 0.4503270124723084 0.45149836144264555 0.4545060787880448 0.44407021882989284 0.4815835122826118 0.428835484908177 0.47740445427775496
0 0.36769034093026676 0.4787617032621407 0.3450839249321689 0.48575397836584766 0.3238367452681814 0.41706445100874456 0.34644295676389447 0.41007220957994855
0 0.1951218988212986 0.647072596818018 0.09499731574669568 0.7647882623606991 -0.045094087295410645 0.6456448743727877 0.05502913235727647 0.5279313363071318
10 0.8031206795180879 0.9372968433734694 0.746541070119406 0.8674409178000599 0.8542418782420782 0.7802282424771116 0.9108208479525501 0.8500829584009629
8 0.621672722763833 0.839264765229794 0.6734775854386044 0.7492454754658991 0.7905984220511755 0.8166335518691886 0.7387953313849493 0.9066513081284373
8 0.749559146665888 0.6822804773438552 0.6661580584498097 0.6828753630781444 0.6652755357899878 0.5590343037449365 0.7486746809323677 0.5584394249177953
13 0.529682630609841 0.93995671096553 0.45883830363948164 0.9804187625389789 0.40249176351449023 0.881786160522638 0.473334305246226 0.8413247539157923
7 0.5200482323068627 0.8266161730245773 0.5709005487362901 0.8061761763792197 0.5974662302942306 0.8722543468717282 0.5466140173557505 0.8926941548707528
7 0.655110856536453 0.7307278059529507 0.5986304389821271 0.7740353325020669 0.5595696489245938 0.7231010459614612 0.616049532264924 0.6797938274428679