4 0.17731480812324207 0.019370176240244726 0.18441047747762696 0.023352493833070035 0.17643019203228505 0.037571714428135755 0.16933452288265016 0.03358939712183353
4 0.17627378384736403 0.027379360802675824 0.18603613698451227 0.029491021017943583 0.18068150513693126 0.0542458473153073 0.1709191521063076 0.052134187441190895
4 0.17074719484435263 0.10344259651902049 0.1669923476913482 0.10396545685538346 0.16560288492109976 0.09398725348016015 0.16935773096201956 0.09346439322194235
14 0.18919082376464758 -0.0017904303487119968 0.1958805125367462 0.001964038532727322 0.18711756213792796 0.017577807462571808 0.18042787342892552 0.013823338665213632
14 0.20438114693138232 0.05576273471061723 0.20066118962358814 0.05652342459698015 0.1987390915260221 0.04712390689398165 0.20245904830176187 0.04636321706304539
12 0.15894272723085123 0.09767098849050393 0.1532453377656111 0.09679396203388003 0.15707596098479826 0.07190932040707051 0.16277334673452515 0.07278634656882146
4 0.6299912776337351 0.08229864591991 0.6596672017684568 0.10110803945670667 0.6314864851368611 0.14556907682661852 0.601810574457545 0.12675970095814337
4 0.6220418204304679 0.2933878901136559 0.5822795653183448 0.2885032432738535 0.5928066104892196 0.2028133646701301 0.6325686043976475 0.20769799509111497
4 0.7005134212524808 0.15573511673341506 0.7120299084837143 0.1578867709395363 0.7069176462892983 0.18524934240981233 0.6954011594781377 0.18309768976610646
4 0.6854673663043513 0.31043540907499234 0.6997931088302494 0.31607668987844256 0.6832015848137871 0.35820859380026127 0.6688758492598481 0.3525673260016887
11 0.5171822964662169 0.21660433806960824 0.5732686067939312 0.20848254831287338 0.5873163644970418 0.30548972068312774 0.5312300604540496 0.3136114783756717
11 0.48660558717381264 0.4567988029861485 0.5252213248654698 0.454618402462099 0.5305276628183719 0.5485888122654574 0.49191192650039284 0.5507691970803744
11 0.6592880849442508 0.4227226435283389 0.6130352700404273 0.41591774473511284 0.6279268011747945 0.31470657575084543 0.6741790986175147 0.321511436106802
11 0.6800139903270974 0.29186230707992017 0.6515518189505656 0.28916760230525246 0.6626144346787441 0.17232467979176247 0.6910763770407584 0.17501937382835242
11 0.6936455049851702 0.14293432601419528 0.6645656421706008 0.13883800576679522 0.6793733084917903 0.033718730299671894 0.7084530867851981 0.037815044382471345
14 0.901230697535425 0.26138404595964665 0.8432592038524263 0.25718414969701453 0.8512916654298124 0.14631551595069003 0.9092627772502055 0.1505153987317266
14 0.9280612913929644 0.09590055957493986 0.8902171914745622 0.0902280276848829 0.9006087366334441 0.020901460750909318 0.9384527890387062 0.026573988963224337
9 0.6933698057966922 0.012598855355553936 0.7373104553250869 -0.010862586638901953 0.7754880106870132 0.060639680068692386 0.7315473687632448 0.08410111072737798
9 0.8839049443122349 -0.004363254827043311 0.900841842625141 0.016922334073550958 0.8770326131163984 0.03586728467159662 0.8600957162634586 0.014581697226807843
9 0.9671128430688896 0.02763304406867895 0.9577986845270061 0.03150432299184197 0.9506077045285792 0.014203083621669638 0.9599218621494856 0.010331804906539576
4 0.6673953648926272 0.08990199847015536 0.6391792890544821 0.09169800400471038 0.635390706031103 0.03217732744039206 0.6636067435377981 0.030381323278299458
11 0.5975768107321073 0.13343912377048955 0.6271132626065992 0.15215997576663437 0.5739183214795958 0.2360863595996749 0.5443819106495766 0.21736555993569368
11 0.6610582833224043 0.5794320230012899 0.6343048915416603 0.5806710784975406 0.6291798934697681 0.47001738460736364 0.655932815282199 0.46877833996523177
14 0.3706969392613928 0.9999999809801216 0.37069957271580734 0.8445781427907525 0.46962664227487494 0.8445803731468818 0.46962616822418113 1.0000000349772076
4 0.30200187936520706 0.9339507959300455 0.3308187029305145 0.93949580680942 0.32318384704512937 0.9791623315630809 0.2943670327985046 0.9736173533529191
4 0.4067086235025954 0.791223177936974 0.40625355331428636 0.8199515916771424 0.3786039227563833 0.8195136118330978 0.3790590888386305 0.790785295814796
4 0.19295313085444832 0.6902996878010975 0.1212639959360331 0.674336801841091 0.13772744205004983 0.600411184433643 0.20941556288710217 0.6163739543840687
9 0.7186054818794219 0.6788736353875039 0.7298675666800136 0.5622575347294613 1.0092714862673802 0.5892361184981639 0.9980128609174699 0.7058489547661926