12 0.06636760899948513 -0.007790638461964118 0.09871011893199011 -8.299259871943864e-15 0.08400068674654904 0.061065579982513114 0.05165817726833666 0.05327494359487875
12 0.05448215169417381 0.05058021535728826 0.08189216099162877 0.05892489627234442 0.038519325863603626 0.20139224946855125 0.011109326766700178 0.193047592864027
12 0.059904287766926245 0.38634688578209697 0.011953143764912966 0.3642232205400938 0.030576817676433166 0.3238598124683036 0.0785277631258623 0.3459834242579752
12 0.2649745910848651 0.15342817689261642 0.2954223522611983 0.2112421114073681 0.22670296088369923 0.24743264790536043 0.1962553623130816 0.18961885326284658
8 0.10423650377583726 0.53449852358301 0.12670742681257252 0.5252690765457727 0.14392718679857808 0.5671902320209993 0.12145628358371141 0.5764196439403358
8 0.3496363754978802 0.3782517266144378 0.32780895145629074 0.3848656067961147 0.3163176456472456 0.3469428524802011 0.33814497997207127 0.34032898686809476
4 0.9494702769732157 0.1476395648790974 0.9312722050123057 0.147288583779094 0.9322476976906273 0.09671125197411921 0.9504457352861664 0.09706223274190481
4 0.841266026408789 0.08191408566701278 0.8269929281544819 0.08666495352993996 0.8150679331373567 0.05083856286076731 0.8293410214088226 0.04608769679183217
4 0.772219859546567 0.29955390169986706 0.7914372301916046 0.2901535231433864 0.8099101444153121 0.3279169654421109 0.7906927860747146 0.33731732509617923
9 0.7766798450533088 0.08594839316263775 0.7516054406299872 0.09354642238190873 0.735983887231896 0.04199345989430296 0.7610582663110108 0.03439543483845068
12 0.973929627503253 0.4065391112641234 0.9411888954122105 0.4244028513480023 0.8911753031048875 0.33274135439437835 0.9239157265814129 0.314877718092798
14 0.8422643097513856 0.17248167365892722 0.8245759935660999 0.17999737441328606 0.8120174710326182 0.1504409080080631 0.8297057627841014 0.1429252131566673
14 0.7983954954788715 0.38260818027351656 0.8137494402431003 0.376541288923535 0.8252957960571621 0.40576118329947963 0.8099418575100117 0.4118280632061942
14 1.0000000455220288 0.2655580987055016 0.9776791623021381 0.2655580987055016 0.977679210760698 0.2049145954692557 0.9999999994436166 0.2049145954692557
14 0.9545021016194823 0.011658203437972196 0.9921667471007822 0.0008756779629687779 1.0065728872833688 0.05119803226154867 0.9689082422788715 0.06198055514012639
14 0.9689266788186615 0.5332029975355502 0.9866234476722866 0.5288348544897631 0.9934599583201589 0.5565293186917847 0.9757631931663582 0.5608974513896123
0 0.9480321293672205 0.6102338139296586 0.8806156444173894 0.608414239482199 0.8830349297470548 0.5188096765843618 0.9504503816438046 0.5206292371314443
8 0.458178938106812 0.9999999999999432 0.45818081122888543 0.8969883029634763 0.5388356254468363 0.8969898568985818 0.5388349514540778 1.0000003579592116
4 0.02229673516069397 0.8580916978673645 0.07245835837102277 0.8469411429615701 0.08630023802436426 0.909195467233548 0.036138646097015226 0.9203459264476628
4 0.1975602971178887 0.8128639636587216 0.2433857626367626 0.7835836033926591 0.2733208564885672 0.830424437845677 0.22749555073892225 0.8597045944471878
0 0.4126818260035634 0.6976618871151161 0.475163720418891 0.7556511295448372 0.43363893674074916 0.8003849606249209 0.37115743444201144 0.7423961227816693
0 0.35622329579041434 0.9416988593691249 0.3019592494542849 0.9265689108637215 0.33866626145618284 0.7949531698641644 0.3929284717601149 0.8100828484426438
12 0.4811349706138799 0.6088593510049628 0.5334990454898616 0.6033658991631866 0.541018147603495 0.6750299051411192 0.4886540791526386 0.6805233181109069
12 0.17582592403482522 0.6052935260250121 0.2769421139875021 0.6625082212853076 0.18877669580467682 0.8182997233833904 0.08766131841866809 0.7610861384367718
13 0.4315136997024638 0.6702223361496757 0.36991288942397205 0.6804953798216042 0.35791480774639695 0.608557169075932 0.41951476337089844 0.5982841980257932
14 0.8709247255023911 0.6495715394035501 0.9784452963626791 0.6846022919746536 0.9276267037738535 0.8405549050869476 0.8201064293906484 0.8055248021338185