4 0.8166300683293457 0.2258636254292864 0.8531095425285002 0.23316440608057526 0.8412239597909092 0.29255137275804155 0.8047444906297869 0.285250609584291
8 0.8246391082620903 0.45817490494299795 0.8246392552788393 0.42904222450165214 0.8731464442448669 0.4290424277443251 0.8731463927880441 0.45817501304600816
8 0.9052828879858907 0.28036808290159576 0.9260044685405546 0.2369347109473072 0.9685889664864362 0.25725089122527367 0.9478674848710398 0.30068417871200576
11 0.8091948986187845 0.24529075121772373 0.7752066075240691 0.29176557999311586 0.7263496882900426 0.25603578314142494 0.76033794273485 0.20956105959406174
11 0.9256795461618594 0.11416565615626255 0.8828949995792073 0.15232047478705668 0.8404250943071929 0.10469736168723487 0.8832095899213073 0.06654258187293614
9 0.938740122462832 0.3932341713975169 0.9447487486130512 0.41314453058096673 0.9073876964258716 0.4244188488421238 0.9013791269153444 0.40450853794750513
9 0.6711081845257922 0.010352577594890812 0.6860101034473018 0.06967399241331479 0.5897435897435344 0.09385668060838523 0.5748417251270439 0.03453531366317842
12 1.0070226854886641 0.30264826221832797 0.9953652592131448 0.39866160549637597 0.8933043188297916 0.386269824236588 0.904962191874688 0.29025699123189075
14 1.000000094959887 0.4388972623574145 0.9516658281855825 0.4388972623574145 0.9516660511160353 0.381563264258555 0.9999999689412107 0.381563264258555
14 0.9474900716276125 0.18356805290966044 0.9267651970186535 0.2243378694488859 0.8789772951287205 0.20004565347331169 0.8997021779571241 0.1592759027409861
14 0.9522651931897599 0.02667551087535729 1.0004245503533866 0.027480091250343758 0.9997375279587004 0.06860281873661407 0.9515781708109898 0.06779823859768387