9 0.24401627728286712 1.8126676875997152e-14 0.26873286017212195 -0.011260991574250425 0.28880787221623905 0.03280135236140714 0.264091290227384 0.04406234247441565
9 0.12777201456492548 0.10038902506169256 0.18910488295443884 0.07336023082171397 0.2333692532522491 0.17380310884207037 0.17203642193953783 0.2008318431158784
9 0.058243766059490554 0.000004268335152688489 0.15731573717607716 -0.00041789319442356624 0.15778573535112628 0.10988022245089875 0.05871376422282992 0.11030238359253977
11 0.07730740311797035 0.23862285746103126 0.1115713384576793 0.23441590673824614 0.12794708742023886 0.3677865144118915 0.0936831566739329 0.3719934391438562
7 0.07409555359049591 0.21246444099348008 0.06595279101873075 0.14614732301154063 0.11121546824858797 0.14058980233190266 0.1193582995288125 0.20690683784117672
7 0.15622675046893164 0.456725413236631 0.10583346978864938 0.41912643707555464 0.1522202797150385 0.356958407359394 0.2026132339229889 0.39455720442434117
7 0.3166903699136583 0.3498401200392335 0.26846871584359633 0.3146888523203037 0.3100870544923282 0.2575973292261246 0.35830848902855905 0.29274848056879854
0 0.7755704399222623 0.08658234254243832 0.73811488757201 0.10059491685295047 0.7199548610145712 0.052053267790064486 0.7574103765517748 0.0380407010640999
8 0.6149860807524874 0.08974780177613842 0.6873481774325683 0.11778196852109299 0.6399932980018548 0.24001392501220398 0.5676312524560672 0.21197985010248632
12 0.5652488997412775 0.3924535771486622 0.6099194160935895 0.38930966637635384 0.6155899871473594 0.4698761289525846 0.5709194724546478 0.4730200231160776
0 0.566003820245669 0.05109394060154762 0.5966956711994271 0.04103273862732135 0.6197210295441664 0.11127183705199095 0.5890291831150307 0.12133302967112038
8 0.775184369673525 0.412563260135916 0.7998204959829991 0.4142647455435935 0.7972164873796146 0.45196656933033874 0.7725803615151108 0.45026508815611904
11 0.6538851477046137 0.012801300950248673 0.6837136718269221 0.005477020946159574 0.6960313288799398 0.055641331251266704 0.6662028057085081 0.06296560926708777
12 0.6773237231669782 0.3158429400455435 0.7177985278729011 0.3129942671716642 0.7242059594448165 0.40402964048200535 0.6837311563027697 0.40687829913782836
13 0.5408952216035914 0.04644265924276353 0.5506580228320672 0.045755514874864955 0.5562605578874127 0.1253549992192566 0.546497756734766 0.12604214288793014
13 0.8224923010880048 0.19126116275958863 0.8081891399622236 0.192267872722291 0.8020481240674826 0.10501771016391559 0.8163512282850434 0.104011002227175
4 0.7795573211462852 0.18639719964440865 0.7976964471807833 0.18768056573355504 0.7946124116151623 0.2312698410380591 0.7764732857639274 0.22998647673635592
8 0.7388995567013126 0.0033724100358260654 0.7492135840293486 -0.004195036417811706 0.7598095487273895 0.010246700294647212 0.7494955215144046 0.017814146609568298
8 0.7538413590207256 0.019088419675705483 0.7582069477143705 0.00784209241780561 0.7771805228054518 0.01520723635146559 0.7728149348376974 0.026453562984716465
13 0.71289894543429 4.2400148395174285e-14 0.7168761832332393 -0.008304321910291968 0.7375828078097584 0.0016128237925193492 0.7336055700312727 0.009917145676347527
7 0.811721145128331 0.03822792194513028 0.7951016823143391 0.03939766843251085 0.7929448777551897 0.008754315299119537 0.8095643370302241 0.007584568934366754
11 0.7983916874591159 0.24433770974361455 0.8260907887728308 0.24238817817682926 0.832386678795956 0.33183860489347133 0.8046875782491725 0.333788128812769
10 0.17576112186395676 0.6688334574537125 0.10198116803121593 0.6079030478923401 0.19010882536474583 0.5012026054500108 0.26388764959142463 0.5621322655247648
8 0.3433834544052843 0.7200069672241447 0.25868904234869206 0.765198277121384 0.19988944271017317 0.6550145291691145 0.28458204468586246 0.6098238119049133
8 0.16625003995227416 0.7804246312669817 0.23191706968896142 0.8208006520601571 0.17195339334807613 0.9183030258885561 0.10628682203480366 0.8779276040796972
7 0.2640129883290001 0.7887082721538562 0.3294950467337685 0.7824225717609126 0.3351648679237087 0.8414769750799397 0.269682816540012 0.8477626291944872
11 0.7943874135446549 0.6969787348890507 0.7881420699567343 0.6503066137959358 0.9004878156423501 0.6352749887832769 0.9067336107074198 0.681946568647395