11 0.26987965690693727 0.1672568734939759 0.19391490515761234 0.16725687349397586 0.1939150432816632 0.04546938674698791 0.2698794877221644 0.04546938674698794
11 -0.017037226798606753 0.2775878558684385 0.0071857767039773535 0.04713036102105947 0.13410953658319613 0.06047113473436418 0.10988733323017641 0.2909279283978712
11 0.08097081868413625 0.01819697062022209 0.09109720833737356 -0.02752377898212799 0.24907131329644017 0.007464890043117279 0.23894494935223065 0.053185606003711805
12 0.25310966392555656 0.30683342855571255 0.19943315065870593 0.3558125215377785 0.14742144666900003 0.29881394528666905 0.20109774470540742 0.24983502689280093
12 0 0.4123710819277108 0.02429167108433735 0.4123710819277108 0.02429167108433735 0.4858851301204819 0 0.4858851301204819
10 0.8004237888045509 0.2179838123240161 0.8009153502320032 0.20766246934357238 0.831064294643511 0.20909830677850783 0.8305727438154236 0.21941963956358043
8 0.9122215543470702 0.1816855732271003 0.9098397065288282 0.21835895475407938 0.8408916236024879 0.21388091559921288 0.8432735421687312 0.17720761445779099
8 0.9390714574259391 0.20601071303946977 0.9408586962159688 0.22324684038248413 0.8465101811472096 0.2330296400056344 0.8447230015329978 0.21579356641540362
12 0.11104022760048338 0.6505782177969613 0.05953100346209794 0.6922847048449556 0.019144980739724815 0.6424122852245905 0.07065379036146169 0.6007060626506269
12 0 0.5579871807228916 0.06932422048192771 0.5579871807228916 0.06932422048192771 0.6822544759036144 0 0.6822544759036144
4 0.7045402143764932 0.6203205758343768 0.7033245148969627 0.6313208008004679 0.6597281837211995 0.6265031994014606 0.6609439230762746 0.6155030205946819
4 0.41497514554578174 0.6521657095234077 0.4146796012589675 0.6494174913717671 0.4291345501281967 0.6478631937188317 0.42943009787381925 0.6506114079121963
8 0.7519945504569705 0.6361441404699463 0.7534538947134024 0.6507257641174996 0.6929676682623267 0.656778242947579 0.6915084185151272 0.6421967057936876