10 0.4494680991938367 0.26670719015957445 0.43589664453202204 0.26670719015957445 0.43589665967817837 0.2390536183510638 0.44946808510644587 0.2390536183510638
10 0.34681475309162124 0.48807655828945457 0.31752756918672276 0.4913048581407043 0.30558142247514297 0.38293389519461946 0.3348681872932957 0.3797056186251465
10 0 0.3613931662234042 0.14018343085106383 0.3613931662234042 0.14018343085106383 0.5610316223404256 0 0.5610316223404256
7 0.1384602231637473 0.5861836851355459 0.13452461597364618 0.52990282003628 0.20206127754283898 0.5251805486484712 0.2059971827136451 0.5814610888821351
7 0.38194119444938224 0.6446429148164292 0.3628717238628951 0.6280679602151665 0.39345501876096023 0.5928860904786766 0.4125243905514253 0.6094609726430837
9 0.6721392469705734 0.4001159696663471 0.6418524220184736 0.40218422612982274 0.6369671150931708 0.33064642102948844 0.6672537013627107 0.3285781726924984
11 0.6252278782365011 0.1518960652546152 0.6819759785191764 0.16426470851781835 0.6454436716385317 0.3318744552559021 0.5886955945550199 0.31950589077740027
9 0.6171831426820518 0.48480564664194137 0.6284310362016186 0.47989642700805296 0.6466435706702214 0.5216214415371923 0.6353956873231255 0.5265306440611403
7 0.7371681103176115 0.020360078798193636 0.7724305341371291 0.019424470054432662 0.7750385762773249 0.11771960330011362 0.7397761524858879 0.1186552111001373
12 0.7116094847012846 0.36601850335107033 0.6862094931211686 0.3576152976102508 0.7033846691296048 0.305702728158453 0.7287845269337367 0.31410590967585006
12 0.76225958228747 0.00027052405999638835 0.7796670940136892 -0.004348150353317809 0.8122813524933008 0.11857296850629367 0.7948738433217386 0.12319163766399048
8 0.8069093121296191 0.1116132371056088 0.8162824226108114 0.10752197477447077 0.8273327247341058 0.1328381848404089 0.8179596154872115 0.13692944506216292
8 0.8134417181628351 0.15155784979432416 0.8030626818218707 0.15408352702564618 0.8000548542210026 0.1417232070221196 0.810433884908548 0.13919753050974062
11 0.7997962290908163 0.15362935072594233 0.8237264576843017 0.15067277571158824 0.8399606726155753 0.2820693289556394 0.816030446523996 0.28502589129679756
8 0.8342319275036516 0.4755643204474151 0.7862160588150573 0.4750715040164188 0.7878413636317418 0.31676650799911316 0.8358563112886941 0.31725931969039217
10 0.24669108232501458 0.7515469089317158 0.33519631946523987 0.8284662464003912 0.2421404468085484 0.9355142273936149 0.1536364799161447 0.8585962577910279
11 0.4530460394698821 0.9928145707838757 0.4230192766547134 1.053115374702608 0.26764669838314603 0.9757678454554611 0.29767374258995005 0.9154685882097392
11 0.27180344946805235 0.9612998829787079 0.25314584213083435 0.9461816484747875 0.2858207520810083 0.9058680393690237 0.30447818494678813 0.9209861622482156
11 0.4494710630137888 0.9448197446808512 0.33342321078464465 0.9448197446808512 0.33342714543744023 0.7068897327127659 0.44946808510644587 0.7068897327127659
11 0.4494703087733569 0.7408879853723406 0.2835930695713387 0.7408879853723406 0.2835947706640809 0.6289893617021278 0.44946808510644587 0.6289893617021278
7 0.8158548456182189 1.0051285619900738 0.7540174093320502 0.9896642161384032 0.7692765576045986 0.9286671228636031 0.831112902188238 0.9441313258757654
8 0.8666976812545499 0.9809132734434998 0.8543821249685379 1.002112881062355 0.8236556084995073 0.9842679637813587 0.8359711639309353 0.9630684687845564
7 0.9163808922872931 1.000000000000033 0.9163811466981997 0.9811424688002959 0.976240719878092 0.9811431011666819 0.9762406358147473 1.0000004619176968
8 1.0000007388589438 0.7499892686170213 0.9508355571279026 0.7499892686170213 0.9508361100683942 0.6289893617021277 1 0.6289893617021277