10 0.04268780416487061 0.8943564179898533 0.04294419122641102 0.9314881067340467 0.00005247812964626064 0.931783968395997 -0.00020368560797123791 0.8946525019188907
7 0.161994454280034 0.7693392862242794 0.17443110650538074 0.7315216505819053 0.2380756009072229 0.7524480144857209 0.22563929446096154 0.7902653558534846
7 0.1176890566447355 0.8483398474052121 0.11636194240986697 0.8851257834206918 0.05219257941178057 0.8828108037707092 0.05351999263439211 0.8460251764326059
7 0.15610220104872496 0.9034448040279597 0.15906402946507114 0.9400985606202491 0.09589887894890126 0.9452008662905498 0.09293739995541728 0.908547435413946
7 0.19881771557334105 0.9649328691152004 0.19759599195049304 0.9998250816532753 0.1332267814593706 0.997571397027354 0.13444882811586467 0.9626795189668851
7 0.515643953062181 0.999999936009247 0.5156441817150608 0.9838490049907332 0.5865732496683904 0.9838497153646871 0.5865731940585874 1.0000004733691517
11 0.34748387772492606 0.6899072632442502 0.3379601223997497 0.7400069402648154 0.2427367167842931 0.7219073546259661 0.25226086704572026 0.6718081975646093
11 0.28229905743535255 0.7637517343066954 0.3459376699255472 0.8006424981484656 0.30688704115209475 0.867993144332767 0.24324869079123346 0.8311027370968803
11 0.3277389298817752 0.8534316868591327 0.33221284641660986 0.7944038196862677 0.42578413954845473 0.801494205687158 0.42131096858497585 0.8605213755523813
11 0.24416534855436112 0.8387377259745632 0.2554844586524041 0.8856749268855757 0.17673848184256258 0.9046597910490081 0.1654199563849943 0.8577230962251782
11 0.20689248090275214 1.0000000000000453 0.2068927896993955 0.9776938128061723 0.266561759359206 0.9776944486499205 0.26656165103122476 1.0000004357371128
0 0.8055566224086306 1 0.6439979593628777 1 0.6439998436892438 0.9257812500000001 0.8055550007978809 0.9257812500000001
13 0.6712222023644472 0.7619977322766129 0.7570338268971 0.7692288866415653 0.7446066789593715 0.9166705487153628 0.6587950709167671 0.9094395310432918
13 0.39991636801642017 0.9999999884345677 0.39991649107162175 0.9803203384751015 0.4417305690669764 0.9803205192592472 0.4417305701257419 1.0000000452662585
13 0.6100761671546024 0.9999999996543169 0.6100762135866944 0.9904897013233678 0.6325911023635626 0.9904897914809608 0.6325910883994084 1.0000000573333294
0 0.6379067622928005 0.7725238228607741 0.6839725657698636 0.9084379377268945 0.2850844966147861 1.0435880789325453 0.23902813194479222 0.9076820566405844