10 0.5893857299041656 0.4345709104477612 0.5399507612909247 0.4345709104477612 0.5399510443264717 0.34075689738805964 0.5893854588289287 0.34075689738805964
10 0.34946194824397026 0.3611389552660002 0.4006625674476254 0.3134545812142531 0.4548443931055317 0.37162962438412733 0.4036439788394546 0.41931378705788563
10 0.39775517583825604 0.4307338069638499 0.42152752894583045 0.42810915392717297 0.42726424942304675 0.4800653595508996 0.4034918978961741 0.4826900030821292
10 0.1353421975953779 0.3364163263746936 0.19212051386716666 0.30849573898699617 0.22478264031269646 0.37491394615844903 0.16800439681594526 0.4028344217410057
10 0.1681966141633211 0.2101724710887113 0.15775210494018665 0.25175789275330496 0.08118791835659067 0.23252834312179374 0.09163249999994605 0.19094303358213655
13 0.03099790782130185 0.2617923656716323 0.0899787570612034 0.24305103722577545 0.12206818438642131 0.3440370200912559 0.06308737249730711 0.3627782547070958
11 0.22017404060432 0.42160730285218 0.17431485659926693 0.4894995303535888 0.08004287699816359 0.42582452660858416 0.1259019671332453 0.3579327749771653
11 0.3029892737913542 0.5075505751121269 0.20283195943568444 0.5349043947857474 0.17581805421707486 0.43599559889524486 0.2759740046795969 0.40864197288516263
11 0.061600671787687133 0.358099166044792 0.08415368541068347 0.35093301851574726 0.11043915609729993 0.43365380857670177 0.08788615953312728 0.44081991816525556
7 0.4903632235952955 0.5298507185577396 0.490363395938175 0.5020674283966811 0.5482370763699009 0.502067741239192 0.5482370307259998 0.5298509039203977
7 0.21008987295101633 0.5146634628067285 0.1847254600887709 0.5356983252410015 0.1499098785049 0.49371985941365376 0.17527416005623309 0.47268508461228176
13 0.40142817871617353 0.4402513144899962 0.36264918564143045 0.48873479608218057 0.21060729500857178 0.3671309508186086 0.24938600111181586 0.3186480345460595
13 0.20111030407792896 0.22131198704716004 0.19908045052397938 0.22855935145462097 0.17764609285643473 0.22255606231545763 0.17967594972060397 0.21530870335821647
13 0.03886401370323256 0.18007240609274794 0.0358984769120525 0.187588108630354 0.019107228509369634 0.18096269881522342 0.022072766759720253 0.17344700000004284
7 0.3340199888268671 0.5298507462686617 0.33402006403957785 0.513932637952806 0.3742944459705768 0.5139328012696267 0.37429442178756744 0.5298508583160118
9 1.000000084220801 0.3233170354477612 0.9703839011367563 0.3233170354477612 0.9703839670220304 0.2678984328358209 1 0.2678984328358209
9 0.9022106271426082 0.16732130613526772 0.9541178936548249 0.16697983690113505 0.9547287227434254 0.2598317518265077 0.9028214562791845 0.26017322002884485
9 0.8608331242311351 0.10513916068535957 0.823075001177358 0.13183280603207492 0.7882575495035553 0.08258365711465382 0.8260156285564335 0.05589003339840773
4 0.7025003584660681 0.26379340227468223 0.7040289587965844 0.21840747624223628 0.7640604503594659 0.2204292903725271 0.7625319536308552 0.2658151159586194
11 0.6309198963690505 0.26811301219554534 0.5996604558677063 0.26842695526939053 0.5991633969474606 0.21892943533918818 0.6304227210441695 0.21861549285536763
12 0.12552186374671237 0.649130470845408 0.0353955075892145 0.6408209526406489 0.0463951474133637 0.5215413169315977 0.1365195893854434 0.5298507462686587
3 0.14397595430796173 0.7934540614846461 0.05585657919004916 0.781003396805633 0.07361708253051802 0.6553355394071325 0.16173399922149656 0.6677860264095101
9 0.15979516179197617 0.9102470867129333 0.21098042829692076 0.9188308248805631 0.20103678104339906 0.978109373479647 0.14985153342411195 0.9695257095141394
9 0.2792470151979387 0.7981419479514078 0.23988285815164545 0.7889056915880324 0.25368819307675494 0.7300803414605057 0.29305182127325224 0.739316533378175
9 0.45624599992027015 0.7664742301670727 0.47839323452240023 0.8055253690585396 0.42692590628359994 0.8347082406023615 0.4047789985571626 0.7956573841344524
0 0.41437278969056024 0.6940235304515966 0.4102754865082261 0.7431699769449879 0.34367886530571923 0.7376183240336395 0.3477764928151146 0.6884722353713463
0 0.3989330096536605 0.7433452622975952 0.4152594554263942 0.7715085192742707 0.36982574799640133 0.7978417820239134 0.35349950210684256 0.7696786980965981
9 0.02101013982689892 0.8369122930567374 -0.001077558144743307 0.8317660247546235 0.006978801596574158 0.7971958057248141 0.029066312126246885 0.802342051291013
9 0 0.9892987854477612 0.027268353351955307 0.9892987854477612 0.027268353351955307 1 0 1
13 0.03236826891702549 0.7861743506181448 0.004974856322519372 0.7948774157635643 -0.015825952108230013 0.729416561728999 0.011567053545149975 0.7207135665180477
15 0.22435542187326973 0.6402877208671307 0.25135926664893304 0.6836321644841619 0.18381326709823043 0.7257072859488293 0.15680983114123137 0.6823632000153347
15 0.4730381821582341 0.6777930711027691 0.44757015680124823 0.6769432088537696 0.4486833701832893 0.6435903810363369 0.47415122455015535 0.6444402404291382
5 0.4320937376027132 0.6460090759146848 0.43538291779827887 0.6256971996142868 0.47298955855126223 0.6317862067857412 0.46970046293063206 0.6520980078048851
13 0.4128803069419291 0.6923187784596955 0.47219513718880535 0.677143930143891 0.4890561554037731 0.7430395840025016 0.4297413662892495 0.758214319435739
13 0.36770680939116573 0.8512098860475235 0.3753471948364222 0.9072456451856407 0.2846554472965863 0.9196074334035547 0.2770158282645525 0.8635723653094874
13 0.2381563213946265 0.815247673473536 0.21160088694875867 0.8332262531655922 0.17410234498186128 0.7778491856289204 0.20065746672162277 0.759870752158538
13 0.219670078517197 0.8338228039445041 0.20017877650468563 0.8498419276561824 0.15601119024529453 0.7961115487830864 0.1755022844041605 0.780092561503707
5 0.03757846643554785 0.6597878458446799 0.0157819738044509 0.6574514644096925 0.01957821190251252 0.6220409724598767 0.04137455406930712 0.6243773457533287
5 0 0.8876755615671642 0.016835994413407822 0.8876755615671642 0.016835994413407822 0.9186315298507463 0 0.9186315298507463
5 0.07653560803692017 0.9390430519545702 0.06584934796603648 0.9439998353067277 0.04212234914621149 0.8928601626755786 0.05280846529274186 0.8879034183214133
5 0.2361091590248634 0.7433986225243386 0.2126180884920359 0.7450779364498303 0.2090372572256456 0.6949936982994585 0.23252807043161283 0.6933143936044036
0 0.25557326343709974 1.0066369127239039 0.24792902300407604 0.9992190337092144 0.26755901873434595 0.9789961164938094 0.2752032252379877 0.9864139639093629
3 0.19889146179616546 0.5170796414342526 0.27647195969962013 0.5305454100125777 0.26282890931133807 0.6091397975006866 0.18524843407431035 0.5956741212344154
0 0.47134581514148977 0.5298498388002635 0.4713469176271019 0.6218357348491264 0.3484004242914125 0.621836142320351 0.34840032031559076 0.5298512557977627
7 0.8824413832095388 0.6919830882031069 0.9407856257550975 0.703326814180415 0.9270634961829956 0.7738925154932343 0.8687192801996844 0.7625488806444207
7 0.6842904504667331 0.6164781773912227 0.7367299703571462 0.634779037780562 0.7156006659331524 0.6953153156465304 0.6631612033173724 0.6770145723282269
0 0.9500196816968582 0.9708867892157539 0.8626477348047956 1.0410708481296231 0.7242019094130683 0.8687608357627286 0.8115704461010864 0.7985789129345274