8 0.22356827493001674 0.3873366787618194 0.30509009568572765 0.3902119211212858 0.2991847914333903 0.5576346883215325 0.217662972576818 0.5547594805484327
12 0.013406638728156395 0.9264461901505373 0.02946119470072972 0.9208114489619971 0.056364875082067556 0.9974445909119247 0.04031035223613344 1.0030792651739198
12 0 0.7433903628472223 0.0247302177734375 0.7433903628472223 0.0247302177734375 0.852926546875 0 0.852926546875
4 0.5873889874519591 0.7545216990339939 0.6407894086946726 0.7526054705340187 0.6455161877204318 0.8843029795159243 0.5921157682339526 0.8862191765361888
4 0.4154111914765508 0.21214340530058085 0.5186579125039543 0.2224197258823296 0.49702792152891107 0.4397313314491085 0.39378122090545276 0.4294551201678545
7 0.3991440554938208 0.4987437063934966 0.3527378390878084 0.49916065253598346 0.3518286697400299 0.3979465262375205 0.3982342729979109 0.39752958276492517
7 0 0.24763608159722222 0.0234070029296875 0.24763608159722222 0.0234070029296875 0.3376099965277778 0 0.3376099965277778
7 0.12890625 0.47393230381944446 0.16796875 0.47393230381944446 0.16796875 0.5661547934027777 0.12890625 0.5661547934027777
7 0.01097582689533283 0.6087096779233283 0.04589534699039177 0.6016129123717854 0.06302171381014432 0.6858726449442669 0.02810221187019124 0.6929693505852155
8 0.1149309015225981 0.026254839024004432 0.2387047864095848 0.0530135026685234 0.16522592237481604 0.39289056975882425 0.04145212378148244 0.36613220662081564
4 0.7407937253037744 0.7375011111755742 0.5919455628130663 0.7503586632326397 0.5432091375981827 0.1861314904271982 0.6920447822302549 0.17327450274032621
0 0.9529444580078125 0.06524311979166666 1 0.06524311979166666 1 0.3630938871527778 0.9529444580078125 0.3630938871527778
0 0.7466726448213876 0.18288519586309485 0.9228318052576014 0.12712966302531095 1.0619511024071926 0.5666632232098113 0.8857927466707451 0.6224172926750862
4 0.8929204227921446 0.6891446037606302 1.0487711240292583 0.7355535663096217 0.9561861169863732 1.0464070218427224 0.8003362695312717 0.9999999999999921