9 0 0.38955856720430104 0.03472968413978495 0.38955856720430104 0.03472968413978495 0.41935483870967744 0 0.41935483870967744
9 0.29148365579385427 0.39219655113578517 0.2995743990742312 0.3567510498602793 0.3767715945955388 0.37437117300270917 0.36868104056827633 0.40981650910543116
9 0.4798387096774194 0.09512863575268818 0.5905653051075269 0.09512863575268818 0.5905653051075269 0.25427809946236557 0.4798387096774194 0.25427809946236557
0 0.4798387096774194 0.35302702956989246 0.5943096303763441 0.35302702956989246 0.5943096303763441 0.41935483870967744 0.4798387096774194 0.41935483870967744
9 0.8795663797849329 0.3393077809632501 0.7703713297923969 0.25088484814380746 0.8616618946933841 0.13815126562693844 0.9708561947995804 0.22657371944539217
9 0.6463640246903424 0.1188139372079152 0.7158741818773251 0.0047085329719333555 0.8426798667788944 0.08195530551843393 0.7731700137763937 0.19606044450794652
14 0.36335757995482254 0.759599925376635 0.30854713047313 0.7690580213319204 0.28195150986960016 0.6149520268664178 0.3367602156964722 0.6054940840571641
14 0.29589246702755645 0.8401087350711086 0.23569536503634936 0.8488179766125559 0.18790521478661049 0.5185339066596177 0.24809838580983978 0.5098249461789782
4 0.13060344700966198 0.5537168260213687 0.12676404348746928 0.5543729778785838 0.12506909247042586 0.5444560417475245 0.1289084896721988 0.543799890442159
4 0.13751596409053946 0.6820388190482298 0.14100425181754872 0.7027841954939071 0.11242253189925577 0.7075893518764056 0.1089343158120073 0.6868440389325191
7 0.7779532356448726 0.45876487477836847 0.7592283169478833 0.4690429157844235 0.7354874781391345 0.4257934496287291 0.7542122991153519 0.41551544159023546
0 0.8038708705977342 0.5015087904395491 0.7951635868896574 0.5061265504149697 0.758396729284641 0.43680338579892963 0.767103932795635 0.4321856518817401
12 0.7525804604484847 0.6488435303258798 0.7321396322284954 0.6492066633808431 0.7298372098647405 0.5196032868140932 0.7502775726119353 0.5192401578593737
12 0.7563510881991533 0.778944717453447 0.7403322356904027 0.7796632044895073 0.7344022662560974 0.6474695411052431 0.7504206549078845 0.6467510645474666
12 0.739272439602928 0.9999999993815333 0.7392726589343965 0.9666304124398385 0.7698766967926076 0.9666306236278824 0.7698766304913534 1.000000057479054
12 0.7000487074321882 0.8833022764829542 0.7290398800915909 0.8795025209087872 0.7342416149185738 0.9191807458689744 0.7052504462823208 0.9229804805641976
12 0.6018233645580722 0.668749786587833 0.6360317312639836 0.6627527537723045 0.6498673636525609 0.7416625999819552 0.6156590105508712 0.7476595811377948
12 0.6073411377316233 0.5736414481342903 0.6127852246775092 0.5758600434099138 0.6008551573552268 0.6051314895118144 0.5954110739247653 0.6029129005376389
8 0.868143897298296 0.7174158798783953 0.8998296976745905 0.722101341081881 0.883590791220854 0.8318987645655908 0.8519050042450544 0.8272133646707757