10 0 0.2469716115591398 0.020228012096774193 0.2469716115591398 0.020228012096774193 0.30504007930107524 0 0.30504007930107524
10 0.10956982878133203 0.39274764354781505 0.06591855791259604 0.37695363365783496 0.0977656887583862 0.2889389547125277 0.14141658353958064 0.30473289043053353
11 0.07186598026544289 0.20690963993256198 0.0973598382589671 0.2482630498204261 0.029699100342668316 0.28997408190678037 0.004205382602776808 0.24862079482653035
11 0 0.3694668830645161 0.021767064516129035 0.3694668830645161 0.021767064516129035 0.39919354838709675 0 0.39919354838709675
4 0.17620233409365937 0.2829280811014373 0.2075054957466591 0.2845685608694633 0.20459866597434484 0.34003427081601484 0.17329550466649835 0.33839379537498204
4 0.07820804551954552 0.1996798363198511 0.10834904031094084 0.20076573117039492 0.10614605784769537 0.26191259765083025 0.07600506316373412 0.2608267051379296
13 0.2372116245783218 0.2639210323142364 0.17866783886177018 0.28271249256259423 0.15542250158387105 0.21029369522440242 0.2139659974531014 0.19150228432760794
7 0.5204751743469842 0.11384307571847148 0.47852385483872695 0.11178985483870894 0.48084760981316776 0.06431180739482144 0.5227988736559155 0.06636502688171914
14 0.04349571111742989 0.8671165263349316 0.11240722622949306 0.8664466129277772 0.11370587365581741 1.0000000000000007 0.04479435874043247 1.0006699008202202
12 0.12915259005376356 0.9999999999999554 0.12915329024008315 0.9404659755364358 0.17730425702643515 0.940466576434715 0.1773039812509296 1.00000017678505
12 0.11579345395603013 0.7965778889839473 0.1764768295217891 0.7979726133665676 0.1729302708126852 0.9522460938674727 0.11224689633820617 0.9508513981894843
12 0.11322929211462451 0.7189734180419134 0.1555231709992313 0.7220585079313006 0.14810912490315786 0.823680776265426 0.10581524998679015 0.8205957231989144
12 0.12707504098966638 0.7188807930152936 0.08579134084288853 0.7192970812706365 0.0848680552218184 0.6277036248748081 0.12615098444723571 0.6272873404910023
12 0.10410756877286076 0.8601301265699014 0.035756429875050344 0.8572729984389599 0.043164113515445024 0.6801290262084783 0.11151238964419008 0.682986094099118
12 0.03215169403290474 0.7746304011328147 0.007020694933316918 0.7623893573517229 0.044164919354784615 0.6861451061827762 0.06929550919983285 0.6983860306458227
8 0.16363677295339585 0.6680289059309951 0.12320946339764305 0.6708284547283061 0.11573385205201703 0.5628828473355804 0.15616034601464435 0.5600833268428698
8 0.0964833775203715 0.5787528476688918 0.11247568004193909 0.5865429462590875 0.07477327288245306 0.6639333312483275 0.05878101139126102 0.6561432960025599
8 0.1258343436738869 0.5185055310647366 0.14797731009298332 0.5292919607961925 0.12072093525569016 0.5852401270639549 0.0985780053763392 0.5744537540322624