10 1 -6.293938166353638e-9 1.0000000016722197 0.02769385449222707 0.8968434835031758 0.027693848142906295 0.8968434878472635 2.4270365508746016e-14
10 0.4986305089214511 0.0012673772630077227 0.538448512174682 -0.005164787902532932 0.5490963200630858 0.06074993227559449 0.5092783171681958 0.06718209531724435
10 0.5623117900280477 0.14462745794604653 0.5530154695537703 0.16329524985680294 0.5247784381463134 0.1492336510137756 0.5340747608997845 0.13056587232646438
10 0.5255506689287586 0.2804618330800531 0.5429076798615142 0.25642731994683093 0.6155571777472915 0.30889127343636047 0.598200273772477 0.3329256902583715
10 0.30052211122097106 0.11694504453747077 0.2741772107607403 0.13648492041427512 0.209235750918765 0.04892688201248297 0.23558060959328486 0.029387028466188295
10 0.5792372466097504 0.41612489046481116 0.5783846109976594 0.43055195241332256 0.5445882155416939 0.4285546507684689 0.5454408805464936 0.41412762022172184
7 0.4646260001561586 0.11074695480232423 0.44830012611623715 0.15279268833652343 0.38014294092613454 0.1263280887003321 0.39646883727755267 0.08428241010152578
8 0.17833855540777677 0.00008253103393510445 0.18880742344026658 -0.012325015680191618 0.23699916641044183 0.028336768965138585 0.22653030059336743 0.04074431375542228
8 0.3140122425405707 0.12619558098860556 0.2997502109152492 0.15732941307481013 0.23428127331851556 0.12733898147537537 0.2485433159722561 0.09620519335936432
8 0.32505460179072543 0.15305867977831988 0.35081551803341426 0.16090516012003733 0.34049943225647894 0.19477377280412328 0.3147385190972045 0.18692729980469552
8 0.3348990347221843 0.20444106738282022 0.3545965013752266 0.1857842937512299 0.39038583925821513 0.22356950729308891 0.3706884038078897 0.24222624916219596
8 0.45829108731436463 0.30976135069423 0.44708302865171845 0.31939053090954844 0.4128578374264862 0.2795545108204306 0.4240658655714924 0.26992535247207716
8 0.5121311032842186 0.4132532999646998 0.49649583066013747 0.3715021015681858 0.607130500093831 0.3300725028106582 0.622765886475122 0.3718234126468926
8 0.5384867195798506 0.40895506785725105 0.5073917204321106 0.43408128044119776 0.46243518752248747 0.37844766742176505 0.4935300189871441 0.353321561093897
4 0.34340868603669605 0.17855350775151402 0.3298143928108175 0.15524226932817434 0.36569680982916 0.13431706902535331 0.37929110186667003 0.1576282834032069
4 0.36226540277777985 0.19514716015621983 0.41506295548822436 0.1508845480072328 0.48044291156190866 0.22887045091988137 0.42764548971899785 0.27313291612236984