11 -0.0001723083879596743 0.31970741272514414 0.000013766989923169604 0.22665691797723034 0.28128186010428635 0.22721780296078878 0.28109687418680096 0.3202673048826118
11 0.16125464193760308 0.1741940060951016 0.18828557475910657 0.0936448521722822 0.3920245668722373 0.16201558631063487 0.3649941643392367 0.24256428386741313
11 0.44471961150600237 0.21489719939184468 0.47247939676105943 0.13217672262680547 0.6424010721556215 0.18919929141695904 0.6146418369762614 0.27191929241997104
11 0.4547826469129177 0.12623822818167652 0.4394945045962686 0.17179666936638122 0.22363329016400257 0.09935933411819507 0.23892154632096663 0.053801019722391076
12 0.10273536883823908 0.14264853064236505 0.12328127799980848 0.17496683613245448 0.02804122330633163 0.235513552998903 0.007495435114492466 0.20319535368958166
12 0.2044481334686452 0.19045097096963923 0.19845853228309807 0.2114438758203681 0.15971906305264838 0.20039099887198256 0.16570867943960366 0.17939811884637358
12 0.4328268336938663 0.25363446125363964 0.43396189409247654 0.29612952075073234 0.3502120777128539 0.29836623853145455 0.34907717093278734 0.2558713290218699
12 0.3413151557713263 0.457009286112123 0.32243855822150636 0.420768504439747 0.4020628463978255 0.37929705436734595 0.4209394703734688 0.41553762942064465
0 0.6509911653841982 0.5089057372842883 0.6509914016495486 0.4797022326800605 0.7471402162509548 0.47970279698316126 0.7471401908395592 0.508906089646624
8 0.8385831863643034 0.03475134272648078 0.8668593531980378 0.046453380271580406 0.8565883121286788 0.07127174299093554 0.8283121467826504 0.05956970799610572
4 0.7920251709587092 0.17022432051186345 0.750068619277954 0.23216054067479835 0.6711296116275207 0.17868637979394336 0.7130861293198905 0.11675031237170437
8 0.8657525193308402 0.08810540551571287 0.8724229218248638 0.06575546979025433 0.9039538415893276 0.07516594557623255 0.8972834498814564 0.09751587203511898
4 0.6784500044237802 0.041334574411174614 0.7060759435768205 0.061405945193409424 0.6628881197968894 0.12084890394563338 0.6352621959287035 0.10077755089057237
4 0.7789484020639748 0.2883601734089923 0.7572110453826326 0.2550735817956185 0.8173866225835127 0.21577750877987004 0.8391239625120761 0.24906400783446425
0 0.6610224446925486 0.3894690102074744 0.657019054664147 0.3530480724836983 0.6975288683653389 0.34859540413867424 0.7015323311355814 0.38501625889936764
0 0.7103187142744218 0.33485400980692925 0.6798633650605552 0.3621287578716582 0.6456558057997199 0.3239333134872242 0.6761110670180415 0.2966586342135074
0 0.8942872296897804 0.5089058521018915 0.8942872520278797 0.49576780632740763 0.912767247912484 0.49576783715897926 0.9127672441657069 0.5089058642878797
13 0.7923940921912163 0.3852188667123668 0.8109307871480951 0.36783792361787815 0.8452024292032547 0.4043868006508805 0.8266657856465827 0.42176769111580265
8 0.9522161696198737 0.270782151169557 0.9724160333445298 0.2606554669004959 0.9856889281926442 0.28713052615181145 0.9654890728510281 0.29725719768090086
12 0 0.5533618435114503 0.0525337582697201 0.5533618435114503 0.0525337582697201 0.6568593027989822 0 0.6568593027989822
12 0.27544223617337593 0.5888836327667539 0.3003497313347907 0.7722575813271854 0.19351402388622319 0.7867649705552704 0.16860881485808932 0.6033930660494228
8 0.0815567524701919 0.6954780447683292 0.07341999412756195 0.6460127219723795 0.1558304261129706 0.6324583750506823 0.16396751703655355 0.6819232785926873
8 0.228370739663319 0.5884690206019718 0.2185390426387812 0.5501555352964744 0.3339174651405301 0.5205505446616168 0.34374941039857276 0.5588636393138856
8 0.28674498993393627 0.6293317578612029 0.3353691287345555 0.624514132692978 0.3407396473605786 0.6787117229872711 0.29211551242212863 0.6835293220204465
8 0.5040653031599049 0.6694059551391899 0.4891888869607328 0.6898791239330473 0.44301183338166084 0.6563298413803235 0.45788820945699626 0.635856789913937
7 0.0885845711213733 0.7356515940415885 0.035045959632498125 0.7366492639399904 0.03397743988716684 0.679302825730437 0.08751539211084491 0.6783051619618007
12 0.30854571729867075 0.8582120881356252 0.3531758057482648 0.8687264671677901 0.32012235816409884 1.0089912715812772 0.27549234366665587 0.9984771079836369
8 0.038995451744426646 0.5294220276493556 0.04256472855843185 0.4967838195290264 0.19450637662339432 0.5133979175275626 0.19093753297670446 0.5460357288368138
10 0.6196351186907805 0.6427353402940038 0.6186564496607616 0.613475523204929 0.6934419525681506 0.6109742298012458 0.6944208232088158 0.6402338391286316
10 0.7821474194702205 0.7144498377749415 0.796088803442899 0.7269996854154087 0.779339790491008 0.7456027884267906 0.7653984398400553 0.733052975705725
8 0.7013575194099531 0.6563482698394055 0.7537738625954944 0.6551959160305333 0.7555045696956313 0.7339081070814012 0.7030882269920085 0.7350604512418496
8 0.7567608596082209 0.7336274758640136 0.7498908115753693 0.7672227960160822 0.672599505055814 0.7514193801560275 0.679469772462653 0.717824360088378