10 0.2869412290860964 0.06980707691386054 0.3110108289540676 0.02291111658537807 0.3734598569085392 0.05496338741662314 0.34939029515783204 0.10185931466848294
10 0.3790507072452556 0.2697113649713949 0.3248102269155879 0.2501933213354852 0.3479528807980614 0.18588150212987012 0.4021931277064823 0.20539949965788346
10 0.41131821509418387 0.21677689915455142 0.39867423677685565 0.19786114746793576 0.43042971712191047 0.17663488290773932 0.4430736907758046 0.1955506127393213
11 0.46908618229531385 0.39330207526881716 0.43904052906088964 0.39330207526881716 0.439040657741657 0.30201918548387097 0.46908602150540446 0.30201918548387097
7 0.4317612621330227 0.044347575532773235 0.46296641603419175 0.055726876302959444 0.4423866918670001 0.11216200824254854 0.41118154239313753 0.10078271552886309
13 0.4129882345000624 0.21663645499289294 0.4610689257900731 0.22677777997080972 0.4264638720162566 0.39083835794249533 0.378383204321608 0.3806971121988313
10 1.0000000470447503 0.09865422715053764 0.89014437380456 0.09865422715053757 0.890144479850278 0 0.9999999674721494 1.2424041724466862e-17
10 0.7240959112039036 -5.6879811465107925e-9 0.724095916998067 0.047972350512010264 0.6525320755487201 0.047972343921227296 0.6525320819893068 -4.0533436126073136e-14
8 0.6363798794873219 -9.356849652636365e-9 0.6363798874331223 0.05218285705955337 0.560451088667719 0.05218284911526322 0.5604510972774506 1.4868892860289343e-9
8 0.9069541706832069 0.16261295751254004 0.9752900821181356 0.16619424314354486 0.9717087553624424 0.23453017597324877 0.9033728445326688 0.23094889777707253
0 0.6787871648650707 0.3723972983126278 0.6515621319240381 0.38924903870035854 0.6226191353059676 0.3424915389278022 0.6498440451088072 0.3256398483601681
0 0.5971998427871767 0.23077417649201212 0.5928854341555052 0.25565342330295454 0.5555747018586317 0.24918329590395735 0.559889137426353 0.22430408357320142
9 0.5475543446509619 0.08458444251804796 0.6003225406642514 0.09955315150747851 0.5797883432430808 0.17194064144405075 0.5270201571088364 0.1569719548749853
12 0.46908602150537637 0.04728573521505377 0.5137834045698925 0.04728573521505377 0.5137834045698925 0.11898743548387096 0.46908602150537637 0.11898743548387096
5 0.5823135634999517 0.1495866480704093 0.6308805275244822 0.1000697712617277 0.681234911008687 0.14945792331132407 0.6326680285070552 0.1989747199921444
5 0.7053560776387258 0.3404565694853816 0.7413153923321261 0.3080798968604499 0.7772899930256472 0.3480339324364601 0.7413307653903303 0.3804105139500461
12 0.9305749040687488 0.3947971425557043 0.9256044088252793 0.4100735090622403 0.8847078614390966 0.39676749018647633 0.8896783776881421 0.3814911626343562
12 0.5257668922894254 0.3991935398140334 0.5257675705015572 0.3155308672855463 0.6204792348871706 0.3155315996385627 0.6204789869622118 0.39919384290938253
12 0.46908602150537637 0.2661414018817205 0.5376878669354839 0.2661414018817205 0.5376878669354839 0.37083385752688175 0.46908602150537637 0.37083385752688175
6 0.7632230794023371 0.11521293159226222 0.7927139134791332 0.17759847694908762 0.7158958154732318 0.2139114028896937 0.6864051358069219 0.15152598799126551
4 0.2551779046717684 0.7543417422082545 0.27920799398839335 0.7196287783135576 0.35479666070557414 0.7719459555031963 0.33076698693923845 0.8066585481691497
7 0.2231630358315897 0.6826508634312016 0.19469111105945558 0.7290474309742413 0.12560886471771937 0.6866596623428388 0.15408076382959734 0.6402634774327656
7 0.21553642552657948 0.8537654310360427 0.1432709771526106 0.8392657382326285 0.15950486902897865 0.7583768801119991 0.23176890394097427 0.772876427305007
4 -0.03913784353107985 0.6315528336048617 0.0025312996245929753 0.5472806503186126 0.1309234811033093 0.6107582110488623 0.0892556679525569 0.6950292629592939
4 0.2868586762455152 0.9901506238384734 0.19823106386047584 0.911891980373372 0.3233949036289232 0.7701821842075139 0.4120198172199707 0.8484387727363587
4 0.4690863093869666 1 0.3778153427419966 1 0.37781584005085733 0.9661771787634407 0.4690858826662634 0.9661771787634407