12 0.4958720230450808 0.1364776818482426 0.5147842818769277 0.13018578472630882 0.5351583919263021 0.19142608084005372 0.5162461383145001 0.19771796777558834
7 0.27798951850900266 0.5099715056521178 0.2779899277866207 0.44108138360523913 0.3346043966299703 0.44108178408097853 0.3346042706550634 0.5099716192807885
4 0.2042357418604297 0.44814240312608516 0.23706526155945085 0.4531593609496211 0.22764866599698053 0.5147746169053008 0.19481915153323826 0.5097576819199631
4 0 0.1442902264957265 0.08776853846153847 0.1442902264957265 0.08776853846153847 0.3613148034188034 0 0.3613148034188034
0 0.4547021823336763 0.5312755249757599 0.3490040676873605 0.5080241121871194 0.3995379959961838 0.27832254711778603 0.5052333783437462 0.301573663580611
0 0.3773506789100338 0.09095572259216818 0.3597001146471257 0.1369370312350461 0.2871360895583166 0.10908236157229892 0.3047866737720142 0.06310111414742417
8 0.07243863147959928 0.10168531947421723 0.04130518210331502 0.1397765561897538 -0.03113340636753037 0.08056978477110041 0 0.04247861111108696
7 0.008236548433046664 0.5099715099715338 0.008237147285854007 0.44016677821533595 0.08281999809946683 0.4401674385091399 0.08281977777699012 0.5099717886698617
8 0.27825969416596763 0.3209495131888567 0.21223123052220672 0.42560033865379937 0.043564644940147446 0.319184084985689 0.10959299212947826 0.21453427432572045
7 0.29124884224700054 0.3081289060207756 0.2244522098858397 0.33104230274012886 0.1826080405162429 0.20906074672480643 0.24940401839899096 0.18614747511847055
13 0.4385545056979936 0.11444976210826584 0.47964353304269025 0.1013457070117392 0.5065569210927379 0.18573472834616758 0.4654679072377803 0.19883875592588432
10 0.989784936124579 0.22740633661973966 0.960460566239135 0.23908139711168497 0.9172589821740758 0.13057251249547774 0.946583185062309 0.1188974893555719
10 0.5804775130441158 0.3889596914925564 0.5532676532243386 0.22894681620960508 0.7837746807960002 0.18975020835779888 0.8109858489168573 0.34976139814980817
7 0.766428963449016 0.10138944950457526 0.7910108745577418 0.15660091410846724 0.7247569713426856 0.1860989820790579 0.7001751613735223 0.13088760247118003