12 0.3148365869622012 0.2315726137206133 0.27707502941973416 0.2619945162263649 0.23161364775626225 0.20556574886367884 0.26937508963396795 0.17514391945934396
12 0.34635625576709117 0.2221426326696589 0.3319860127407992 0.22157867308782678 0.33301892235181185 0.19525976163570027 0.34738914172726254 0.19582372075794527
7 0.2911463795937834 0.18449121637140534 0.2672537876503611 0.16776946237265236 0.2847960746756826 0.14270469451609488 0.3086886408129885 0.1594264358244774
7 0.3448204041568488 0.16443226283705217 0.3154862982570421 0.15911745613049036 0.3212701895929513 0.12719462727814967 0.35060425460562783 0.13250943021736053
13 0.24121680739153817 0.005077827077119578 0.24581786700605335 0.018419797523322814 0.21821428708642543 0.027939057337170687 0.21361322858149379 0.014597087804531875
11 0.10608493905738214 0.1287893745783345 0.1102258767487001 0.14971785085929828 0.041190264532247056 0.1633771686085478 0.037049364055292244 0.14244872461542463
11 0.16552898959025697 0.107041595684556 0.176553884082864 0.13505650681481798 0.12763334436669993 0.15430838449261225 0.1166084835865604 0.12629350154797275
10 0.12020242263656655 0.19356142199709017 0.14644687294367031 0.21603871484321774 0.10117929106797874 0.2688921460316267 0.07493489195746861 0.24641490868981392
10 0.19200408718882045 0.17112636625647865 0.19645932688638368 0.20112473637457778 0.1494247325017568 0.20811000045717973 0.1449695389679846 0.17811167199716627
10 0.22475394055470588 0.09125971985964655 0.24104668712971034 0.1047935335953869 0.21559066896554668 0.1354387568026461 0.19929793087555936 0.12190495230768596
10 0.35413761565064306 0.023868267709704717 0.34377068927062737 0.023461412864457874 0.3444579432318733 0.005949748251926741 0.35482486866362706 0.006356603076924628
10 0.20436513740162354 0.19451860189555772 0.1936487902061117 0.1857703029927282 0.2064055735814918 0.17014387656512622 0.21712191319761587 0.1788921705420629
11 0.3009411985199222 0.040028726448968245 0.2765716495741799 0.024384139432737026 0.30206481425307175 -0.015326513065069231 0.3264343579917295 0.0003180714425822777
11 0.26944535141683446 0.05874079571702825 0.24254576411954076 0.04827189355516673 0.25688898673308813 0.011417370778158279 0.28378856336064473 0.02188627053986881
7 0.04470847815241541 0.16961295275899782 0.06234478754822703 0.18146442851027536 0.0385603864984887 0.21685784371049535 0.020924089273194113 0.20500638289705614
7 0.15308237411500158 0.16304125354699578 0.1385549593393307 0.15274202854652755 0.1665857756030391 0.11320385094460858 0.18111316918657394 0.12350306521584259
7 0.1702762453669493 0.22145459875391318 0.16073421458156645 0.21633211998824778 0.17247370047198274 0.19446439918286743 0.18201571890176638 0.19958687385030252
7 0.2394756975893415 0.14305473179939676 0.2502316766990589 0.15006125047588234 0.22721684350437954 0.18539192391741482 0.21646087028091188 0.1783854126560234
7 0.19973419278221627 0.12439399588257401 0.18382751220076443 0.1135415872969101 0.21169804525322888 0.0726911139848307 0.22760470821447143 0.08354351414513048
7 0.2185195979262744 -3.590117425554701e-10 0.21851959851778702 0.0225757878335673 0.19415407110932392 0.022575787448863766 0.19415407145982044 1.6699915454411534e-11
10 0.30701368903908133 0.06652584947881819 0.3096821379251651 0.07234667950919321 0.30258892642132196 0.07559842184989841 0.2999204781106073 0.06977759230765951
11 0.10499629358787388 0.13047001112554382 0.1182989506114609 0.1617066160278203 0.044836928420750155 0.19299135179883728 0.03153434359830953 0.16175480815910037
0 0.18969100760909896 0.008551258210384292 0.22099761241179294 0.0849580888401155 0.010248076381571991 0.1713091784751553 -0.02105822942553459 0.09490260603447995
7 0.28549410714288115 -4.173753542487808e-10 0.2854941077442845 0.021822655512714867 0.2581943878568609 0.021822655103903004 0.2581943882488531 -3.418785681530169e-14
7 0.2506731888244076 0.08473514819897933 0.23303440121844687 0.07518682662855218 0.24842544200646444 0.0467547293477774 0.2660642200460188 0.05630304769228354
14 0.228828031205353 0.5415368070289647 0.2762001057103589 0.490169062435848 0.3336500214584248 0.5431457485609448 0.28627828731532645 0.594513162924002
14 0.2189552179632983 0.6812679264622862 0.22196001216400418 0.6383419904127513 0.2821617447945073 0.6425554787193309 0.27915722801560605 0.6854811537453637
14 0.35471214692404374 0.8002542401858513 0.4036450751134453 0.8065693291274268 0.39256236898836505 0.8924260670657979 0.3436294542100313 0.8861110487233046
14 0.4609589387498545 0.9156623296714728 0.4811120253368699 0.9324186751565698 0.4440896907890419 0.9769336937930971 0.42393673206493077 0.9601774878707392
0 0.38632789835935455 0.8941447197497503 0.4122388381623523 0.9156888080676684 0.38210846295248757 0.9519169206506501 0.3561976545430525 0.9303729751888323
0 0.4688941540964606 0.7973564461538463 0.4419894887123519 0.7973564461538463 0.44198960739720405 0.756122056923077 0.46889400921656943 0.756122056923077
0 0.46773459945950435 0.6750263800696528 0.47125304706264615 0.6999211442861643 0.4194698447205383 0.7072385438233196 0.4159515495391588 0.6823439169231167
0 0.35458752290060147 0.7121140940632191 0.3370985634034014 0.7382564538234576 0.29713333002507625 0.7115241418981401 0.31462226087728595 0.6853819184934283
11 0.3704258963157372 0.6000930831528996 0.3804567914295376 0.6108394178290585 0.3637807785540872 0.6264034150180032 0.35374990696084296 0.6156571032286573
11 0.353135394604692 0.6385687970984812 0.3269923689670122 0.6574701142275582 0.3149138746268818 0.6407659703577091 0.3410568276858612 0.6218646910461884
11 0.32246074799263624 0.6629376920616329 0.3159373810958641 0.6785907623932325 0.2835593989248082 0.6650990817631072 0.29008278510684704 0.6494460668375736
11 0.2237182743805306 0.6265206103837403 0.20801468269360157 0.6036092347980772 0.2287137404752002 0.5894236167275458 0.2444173187244587 0.6123349386324718
10 0.38639228499687306 0.8403392280983193 0.4255820856332093 0.8139208532679723 0.4557061074866624 0.8585981541299333 0.41651645584829566 0.885016344976113
10 0.2897430158207044 0.785314482027482 0.33581825841679347 0.7871223608433933 0.33355756835214834 0.8447263983371665 0.2874823264467068 0.8429185324530309
10 0.36466525064849975 0.7407637067772311 0.36681156087729505 0.710102392632558 0.4062157490265008 0.7128602542150023 0.404069581184217 0.7435214343650092
10 0.2595594288618486 0.4892305780346273 0.25955961835802555 0.5272218622458356 0.20797298091156335 0.5272219234721321 0.2079729427429129 0.48923078967192607
10 0.14123767497176232 0.5402584996056209 0.14424223596790853 0.4973326250959569 0.19542803709009604 0.5009150179410119 0.19242366149228474 0.5438407184567903
10 0.3551033785504387 0.5429011352385326 0.353815824167782 0.5612979690340921 0.32582790224546443 0.5593392834848622 0.3271154966055292 0.5409424930142734
4 0.438408193366854 0.999999346435555 0.40990405133709373 1.0350115958894905 0.3407065808353309 0.9786926002057662 0.3692104771578215 0.9436808070056386
4 0.31337229982909776 0.7129334259114909 0.3252157225093697 0.7417091142595992 0.2783824094818783 0.7609812405154092 0.26653917992280185 0.7322057159210507
9 0.5887881485112985 0.5624217146919638 0.6542000966556998 0.579233526881887 0.5966614394706085 0.8030763343911778 0.5312496393653419 0.7862649291331496
9 0.7302574112873117 0.4892303942912774 0.7302577217587896 0.5282266067947308 0.6632312180893223 0.5282268119905258 0.6632311100113384 0.4892307990711493
11 0.7671238868473438 0.762019220472721 0.7072336755231845 0.7673643965509613 0.6991340461711388 0.6766195820375352 0.7590230692051136 0.6712744592932514
4 0.8481589247104466 0.6680248625549939 0.8889832374673006 0.6498872439441141 0.918116118863054 0.7154505564046229 0.8772918888113281 0.7335880375894525