11 0.6238196222927854 0.19051359882551813 0.6186224436316934 0.2850350230564268 0.4354847912096602 0.2749646463113135 0.4406825427054173 0.1804438353165823
7 0.45032556152500547 0.1539936341049597 0.4571906594765096 0.12820183848433622 0.532612613800552 0.148277029475263 0.5257475704323724 0.1740687774656573
12 0.7716832622874108 0.018712713953493353 0.7118577769689409 0.10105541374403526 0.661168890028307 0.06422777132627379 0.7209943637381002 -0.018114895186148953
12 0.980160090612685 -2.4349423661932152e-8 0.9801601097807406 0.08037917435394837 0.8796172574146794 0.08037914528809156 0.8796172862595313 -5.72127121411699e-15
12 1.000000212076884 0.2748066832061069 0.9496083435873288 0.2748066832061069 0.9496085335159705 0.14246889058524176 0.999999997760483 0.14246889058524176
11 0.5155539301506451 0.8154550139269702 0.44526690663917634 0.7643968229269109 0.5107523912896568 0.6742657084366194 0.5810381645776488 0.7253232420075747
9 0.44044553176081536 0.9188325799792575 0.39824113288057106 0.8881762555622924 0.4491946672035283 0.8180455790735117 0.49139840072973584 0.8487015543329963
9 0.4649224448834275 0.7318636263397547 0.48393650785419595 0.819522945981553 0.3750165501842275 0.843142689088682 0.35600383103940203 0.7554845371263923
9 0.46805564827946 0.7496590005585733 0.3757289320927839 0.7773986390295947 0.3328565304176436 0.63472205720753 0.4251805781036637 0.6069828431837191
0 0.2960967818412428 0.5875028745370663 0.3290037450924501 0.5422157920571529 0.40940508905862316 0.600631739185743 0.3764985784628152 0.6459184123085062
12 0.7875460312100131 0.898953930642938 0.7635824791889263 0.8815473142855866 0.7981914756961714 0.8339125658151684 0.8221547707407808 0.8513190471765014
7 0.822707894511268 0.8505577836468573 0.8161741886360687 0.8458117702339114 0.8311742175523023 0.8251661053095073 0.8377078940211504 0.8299121032640475
13 0.8599664681269132 0.6474165892315993 0.842976900065878 0.6707977978704149 0.8236415301576017 0.6567498438394737 0.84063107919701 0.6333686905654599
13 0.861846639289297 0.7046527644053524 0.858049317914265 0.7159870352785732 0.8294464528129311 0.706405600099916 0.8332437929321941 0.6950713657232783
11 0.6809725056870093 0.7091771878408508 0.6737283525473003 0.7252280175167768 0.6123486900866055 0.6975297410297268 0.6195928753180624 0.6814790267175835
11 0.7458226569906401 0.7298471325217992 0.7384983644810745 0.7544442200283669 0.6852220446643287 0.7385824370474269 0.6925464255041334 0.713985500984024
10 0.6195928753180662 0.7689173435114505 0.6755283702290076 0.7689173435114505 0.6755283702290076 0.8015559770992366 0.6195928753180662 0.8015559770992366
10 0.7424023517115756 0.7906807224654476 0.7310961555291442 0.8132017131507437 0.6848392494426889 0.7899836697520837 0.6961454688261028 0.7674628197980318
10 0.8138324362547564 0.762146398723472 0.8092049305719229 0.7803901567615191 0.7680006410115539 0.7699404910627581 0.7726282056604532 0.7516968237901102
10 0.7418065256913451 0.8139742650449538 0.7395989226097299 0.8008272161962928 0.7560623696207358 0.7980632808985526 0.758269994007037 0.8112103027726965
11 0.8919619523812798 0.7340242108876437 0.8902623440059187 0.7586635797291822 0.8455693501668975 0.7555810196043499 0.8472690740779854 0.7309417754899064
7 0.7070868090783051 0.7616794557030503 0.7029795401085721 0.7446623614373066 0.7474530308059002 0.733929954225962 0.7515603594845288 0.7509469595125567
7 0.7196776034933237 0.8023207094024937 0.7180501975383322 0.8122040515443861 0.6952678861334789 0.8084533724484937 0.6968953143712042 0.7985700582212152
7 0.7999807086602004 0.7987587231768236 0.8034956436217726 0.8110299802953769 0.7655801184091615 0.8218880712903597 0.7620652532832537 0.8096168739111286
7 0.7687294907434534 0.7627057748550133 0.763911486958591 0.744296512478235 0.8081453684187636 0.7327217210005738 0.8129634333749891 0.7511308869243518
7 0.8183885252509526 0.6985577398092161 0.810325277587026 0.673122036419992 0.8603499966176287 0.657266138088624 0.8684133185291785 0.6827017026527342
11 0.6792072219158172 0.7096879903120715 0.6715285345577513 0.7377299017609081 0.6119300917765713 0.721412369352724 0.6196088966662501 0.6933706451781703
0 0.8176947824899798 0.6775367278896482 0.7983153078049554 0.7453715143363155 0.602750742758758 0.6895073306464744 0.6221310562518738 0.6216740265415445
13 0.8666472505157117 0.6838353758942151 0.8808279696830823 0.6632449245866024 0.9327761380138782 0.6990167402503535 0.9185955733742048 0.719607054167743
7 0.87858200627727 0.7360094234234063 0.8713796632763433 0.7127624283896838 0.9128547129676008 0.6999147185905975 0.9200571168325951 0.7231616021988171
7 0.8332564897378916 0.7661558888642568 0.8258946032061658 0.7471174929536606 0.8544256243692416 0.736086834401031 0.8617875378325834 0.7551251633850917
13 0.6140594314438204 0.6106411842892026 0.6233555497242378 0.5105208963013075 0.7409323289758731 0.5214367314572737 0.7316373233632021 0.6215559855345167