10 0 0.6724417569444445 0.068806375 0.6724417569444445 0.068806375 0.8854138611111111 0 0.8854138611111111
10 0.06631171964863825 0.6224104585222289 0.06918123219725203 0.6566165919248367 0 0.6624190902777851 -0.0028692630645537065 0.628213190717549
10 0.1365986708984792 0.999999999999998 0.13659889438622486 0.9832788496095074 0.19525310273547802 0.9832794382507797 0.19525302734177785 1.0000004406764305
10 0.20130928213825428 -1.824214629623281e-7 0.20130942084188064 0.17841491651861363 0.07189196161368727 0.1784147511318129 0.07189214590755455 1.514691898537855e-8
10 0 0.24298811979166665 0.1015625 0.24298811979166665 0.1015625 0.4364362864583333 0 0.4364362864583333
10 0.4029640561325323 0.48515563559248426 0.3093236290308141 0.4610605890404283 0.3610896755383237 0.25989628393846836 0.45472803160487274 0.2839910531217506
8 0.21153637974930461 0.49085245193448146 0.3034575578971044 0.4624330972444129 0.33229270361493946 0.5556919582087874 0.24037162638001064 0.5841110911109317
8 0.16196643699754532 0.5742368140989135 0.22377433401493363 0.5510616855484229 0.26894693280985393 0.6715232675571027 0.20713918441185797 0.6946981119393946
8 0.1435122835389393 0.7836663049814834 0.18923378860176854 0.7435042130964814 0.23294486221959687 0.7932568544334827 0.18722366001145474 0.8334186249817483
8 0.40198663527462486 0.9177063088848088 0.34993675196790264 0.9330123177543644 0.32904675685460916 0.8619888014528616 0.38109566222601643 0.8466829455577544
8 0.440735906609234 0.8112493812392709 0.46196475165618267 0.8316169726114602 0.43491340671312173 0.8598060902677965 0.41368466102505863 0.8394386001351545
8 0.5149515019334103 0.5849496639069607 0.40292125096971176 0.5530863780084403 0.4462333642057956 0.40081884812670343 0.5582611608290335 0.43268176818830056
8 0.6198221951308369 0.20491501495037034 0.6922278313724064 0.2559490120948873 0.6067793021318266 0.3771776931173188 0.5343739487811945 0.3261440331344925
13 0.4664427912239262 0.9129527165335379 0.4494235758783134 0.927250910843001 0.3883989258680458 0.8546301669820933 0.4054178725507427 0.8403321569127505
13 0.6095795891673106 0.8754300504101767 0.5164862227492222 0.8935580445376541 0.4938947503280815 0.7775620012554285 0.5869854203090199 0.7594342775671736
7 0.5732388746326933 0.6406847667078834 0.5557446402225423 0.726074475992625 0.5057988648701439 0.7158428743928049 0.5232934290630737 0.6304536069638813
7 0.5744163752852955 0.4473205006155976 0.6231432178644809 0.45185617494385305 0.6133461093872938 0.55709903990341 0.5646192718077145 0.5525634020466046
7 0.6859723577154 -0.0018767831181271436 0.7372203088124252 0.00003325210994848014 0.7335218230086866 0.09926687911718646 0.6822738718012715 0.09735684524950808
13 0.8819292634079829 0.8887669981853084 0.9315984804347863 0.8704112859865741 0.9779683848212244 0.995852335140156 0.928299349871395 1.0142076950569323
13 0.8808337713976471 0.12264762829375703 0.8661108373911475 0.11478622884741271 0.8850731766190165 0.07927344018440087 0.8997960960980436 0.08713483490510182
13 0.8981285762520201 0.09010187162417972 0.9162934470463142 0.10058202728307847 0.8880975583612098 0.14945271694917225 0.869932695336388 0.13897257204427227
9 0.966004238248729 0.8853314263340633 0.9459496850051892 0.8965320862737131 0.9269076655778008 0.8624455577809792 0.9469620507811669 0.8512449565972414
8 0.12920311172626953 0.6862949600870892 0.19322971517499354 0.6970464555333707 0.17638483359473867 0.7973435013261798 0.11235826043889574 0.7865921296932531
8 0.21854229353243682 0.8078338575873413 0.22835499183668162 0.8452216619199563 0.16747410617233527 0.8611964724556324 0.15766175560941065 0.8238089669030777
10 0.1196767682195059 0.9098001055290262 0.03898461221422167 0.904031172816861 0.04697708753974439 0.792285302126177 0.12766688623969458 0.7980541496714098