14 0.40570292122538376 -2.526664941463101e-12 0.4057029227557223 0.019577482990255142 0.32559368095076024 0.019577482785614178 0.3255936817655538 2.0577823832843298e-10
14 0.21146768978144337 0.05588241035660722 0.21042218646914534 0.001727557981055348 0.375082430258999 -0.0014513723824562828 0.37612797101223805 0.052703434297433606
14 0.36570599809863324 0.06900903811677944 0.35807104725051886 0.013878960644816625 0.4832067974630263 -0.0034510881820886234 0.4908417790271642 0.05167895859818578
14 0.6128780973571111 0.08730710322702866 0.616817942260468 0.13406927526442422 0.4511201014937569 0.14802940727529096 0.44718040586849384 0.10126737229642847
14 0.25011974628330336 0.08375172165743944 0.25927304727088085 0.04416016817505493 0.41469410593197154 0.08009232812312003 0.4055408973296153 0.11968380031520406
14 0.21430994030026795 0.12294116167017977 0.21453540480843003 0.09909720696650749 0.2879119027878687 0.09979101462062342 0.287686468312927 0.12363493893809452
14 0.19044937318972188 0.18705638456177107 0.19832624027458223 0.12231224366939561 0.4226584569894385 0.1496042614711731 0.4147820079452913 0.21434801105123052
14 0.5400864122605071 0.1557015944202533 0.5599088201868199 0.21431133455348123 0.36004922478844037 0.2819041439525625 0.34022730524645795 0.22329482101845727
14 0.27807581690831285 0.22888407063084631 0.2782898035999324 0.25600515541243535 0.20723799324389347 0.25656561606827144 0.2070240783174313 0.22944460230853747
8 0.1802875606122143 0.038064427778050164 0.17099145395184223 0.04694656336707052 0.15480188626668223 0.030002451019800612 0.16409799164125616 0.021120316576786532
9 0.17775449854445924 0.012189871903618936 0.18378392527017695 0.0119474538108603 0.18431736314221325 0.02521512802061422 0.1782879364168366 0.025457546104340305
8 0.16015767763030908 0.024186407452608794 0.1565736847669541 0.020145784922052396 0.16569991217102142 0.012050911017396892 0.16928390492751078 0.016091533401764113
14 0.41620056875137834 0.08749218477084214 0.4235022560565085 -0.0054445009818022685 0.6140656380094924 0.009527325695232703 0.6067641049968415 0.10246384015801538
8 0.8284082439695339 0.0019596455117038953 0.8391700166648661 -0.0150599257742328 0.8848139159902075 0.013801511404748133 0.874052145211067 0.030821080984372112
12 0.6485076823755662 0.18982643967718243 0.67410988815152 0.18676440269259945 0.6806131687256993 0.24113871660787614 0.6550109640575101 0.24420074812131967
12 0.6291028446389497 0.3653097866520788 0.652807909190372 0.3653097866520788 0.652807909190372 0.42616817614879654 0.6291028446389497 0.42616817614879654
9 0.6291037997907551 0.6192458260393874 0.5117484758220598 0.6192458260393874 0.5117498084371164 0.48640487527352294 0.6291025329112472 0.48640487527352294
0 0.3252359081124041 0.7559268564719205 0.3352649841284574 0.6430478535833078 0.497677681839491 0.6574751794570591 0.48765073030313033 0.7703522288919517
8 0.5678788544748841 0.46826647794628207 0.5670237316327302 0.451950407399779 0.5880015317286507 0.4508510328227307 0.5888566772164268 0.4671670793169405
0 1.0000085620852133 0.6932166936542671 0.6998505914086763 0.693216693654267 0.6998553293216219 0.449671772428884 1 0.449671772428884