4 0.9998543515037 0.23799791840278586 0.9982805053996344 0.42737257073531654 0.2888408381204499 0.4214607515487336 0.2904211945175348 0.23209245052262206
14 0.9184905858726324 0.08757429745753818 0.9181422613781933 0.12941248152965273 0.7449104797893824 0.12796992743748914 0.7452589222461938 0.0861318596112257
7 0.5539328811510131 0.08453777842037495 0.5533829156577212 0.15059784066433243 0.3727109663951751 0.14909327622777732 0.37326114259622045 0.08303340844907688
7 0.054196890695834554 0.7414428346449061 -0.007523865249254413 0.6858880716567566 0.0558888837805398 0.6154477601079288 0.11760894836368152 0.6710019779250236
11 0.1199352959205271 0.9435717526518421 0.04334762475127718 0.9422352302956454 0.0449500686919464 0.8504870399008868 0.12153580993526703 0.8518235453563722
14 0.052428233162572724 0.8465958549814948 -0.018520670974794484 0.8019374278690212 0.041142108217741225 0.7071702725233868 0.11208959254054207 0.7518281081520103
10 0.6242914125269863 0.9999999999999573 0.6242932302847066 0.9275394796525263 0.740816267719083 0.9275420317380666 0.740815686852784 1.0000013151098988
10 0.6990529763018003 0.9497344802748922 0.6855537985863975 0.8977582473279629 0.7822632691717217 0.872647071794109 0.795762911433485 0.9246225845267587
10 0.7375831544291032 0.9999999007446121 0.7375842438950713 0.9359455730020974 0.8276046909527395 0.9359469443693289 0.8276044504775655 1.0000004227014843
10 0.7902000153700328 0.9999999315640795 0.7902018778706861 0.9024782888634608 0.9281551636908034 0.9024803176543496 0.9281552362601815 1.000000039360376
13 0.9281630565138812 0.9186963538312248 0.8862127134885895 0.9179642850612054 0.8869893707706069 0.8734819412017121 0.9289392062692059 0.8742140055531478
13 0.9330868737133642 0.8252046953250194 0.928927548596107 0.8748821133909764 0.8401551010970252 0.867450255222494 0.8443149441050082 0.8177734039753735