9 0.09595256686964149 0.8066976501610722 0.1886003781726231 0.8039714391425765 0.1943631768817795 0.9997693175892536 0.1017153677787519 1.0024954556788614
9 0.3664669601349715 0.5586839969413147 0.3899440936177143 0.5857156678986114 0.33868672696110025 0.6302279219752144 0.3152097675273353 0.6031964165767325
9 0.4057040064227522 0.4393267599003363 0.38621289703507955 0.4729762793894897 0.33805494635976174 0.44508287280545145 0.35754605371096204 0.4114334809028085
9 0.533713009543817 0.2677482908297155 0.48826086499173016 0.3525208828295011 0.3964113370903988 0.30327525893270335 0.4418635156249593 0.2185030555555229
9 0.4442806013756808 0.2719571465517686 0.33898673756345943 0.2741441644095521 0.3349753242865745 0.08098792484219235 0.44026796494995324 0.078800920590516
9 0.5866424371123458 0.8620109081261406 0.6081935592608261 0.8767264711223989 0.5659757470789373 0.9385396719324087 0.5444247485614824 0.9238242599759113
11 0.4984070698870937 0.8603582575096681 0.46882672531694425 0.8622019339226665 0.46619370194480325 0.8199637066392864 0.4957737274203282 0.818120040191632
11 0.8410810803495679 0.9060155943077711 0.8199233277881603 0.9411506357089499 0.7857865917992513 0.9205991098106848 0.8069443331274897 0.8854642633253641
11 1.0000001370052587 0.9549098142361111 0.9851733500282762 0.9549098142361111 0.9851734328254906 0.9023011475694444 1 0.9023011475694444
11 0.692986212546316 0.39036601344312655 0.8044988983331223 0.28800427501686915 1.102412360202493 0.6125324092891934 0.9909032359958019 0.7148906872877933
11 0.55078125 0 0.703125 0 0.703125 0.16666666666666666 0.55078125 0.16666666666666666
14 0.23268421425677843 0.906080763985562 0.3002038087428218 0.8945068587985232 0.3182917558593772 0.9999999999999949 0.25077220917535215 1.0115737261124713
7 0.49303471857194836 0.06024069791594004 0.5495990823879993 0.08145225973292768 0.5106383031495625 0.1853475844724107 0.45407396110078935 0.16413606589919538
7 0.7076302207639174 0.27006455533284274 0.6483590874498759 0.2352112873764477 0.706000824405919 0.13718790082817936 0.7652716429543034 0.17204105236384362
7 0.632052778950424 0.40907220107358966 0.6883166621163355 0.4428866991161755 0.6355863262007233 0.5306186494746814 0.5793226312539446 0.4968043988650659
7 0.6375784324402503 0.6807233548647361 0.6993116154893642 0.6377615422818845 0.750228726861792 0.7109158083414989 0.6884958806934947 0.7538772160228229
7 0.6473936093908605 0.9888990749802978 0.5882822802606142 0.9866146260040431 0.5919753772443528 0.8910997649077411 0.6510851108215547 0.8933841832841364