12 0.17373081930918488 0.3146209321580775 0.1662581848662512 0.2918009528920383 0.26803778758392127 0.2584727813261417 0.27551047988197297 0.28129265929497965
12 0.3839780279814704 0.253888434734162 0.3767377395681706 0.23706834167584906 0.4535249143467581 0.20401540869869983 0.4607652180327477 0.22083545218110015
12 0.35816263541642 0.23927735597461924 0.36034477020689337 0.24545206400419162 0.33736926771632625 0.2535714197620869 0.3351871395938133 0.24739671739638236
12 0.6206417386822523 0.1532119844492887 0.6295733580719798 0.18927435054820274 0.46711842004526716 0.22950899209108186 0.45818700759537023 0.1934468091095747
12 0.6795181421819052 0.13658246867469884 0.49542785443259163 0.13658246867469878 0.49542794251942723 0.11335170602409639 0.6795180671688286 0.11335170602409636
8 0.1519305246093836 0.2657448371425222 0.14997086783705527 0.20523185453604645 0.31620933291640085 0.19984808754508335 0.3181693343603911 0.2603607234363897
8 0.04032985315961923 0.12887731975733696 0.04059675255496131 0.13737368424614615 0.0023460681393316918 0.1385752418862626 0.0020791755603113415 0.13007888400483344
8 0.4778238624178357 0.11726062376760756 0.47815748701953 0.12788107851283365 0.4437517449284769 0.12896186106934823 0.4434181273957165 0.11834141323093314
14 0.7001045518062483 0.2864230807228505 0.7194077691085567 0.26171681384377776 0.7608805080502634 0.2941190293317509 0.7415773530220804 0.31882523906958543
0 0.43677785534327995 0.8708854859406618 0.497848610959295 0.8649183068914525 0.5080312537824057 0.9691059237327628 0.4469605111951296 0.975073015129082
8 0.17084380921937736 0.7378657015245402 0.18818788924363616 0.7462216735331376 0.17531654033336963 0.7729334562694963 0.15797247851378415 0.7645775127449107
12 0.5922190323841505 1.0029637785561978 0.5770059640200316 0.9951572850033391 0.5926888500121095 0.9646041685030534 0.6079017888330327 0.9724106218904653
4 0.26097378003203175 0.9203745488389268 0.21110965785635472 0.9090619131716806 0.2320542033764923 0.8167665310972413 0.2819171191812302 0.8280790242725693
8 0.1869473504391408 0.7019082371083297 0.20174593158048992 0.7040093663587571 0.19697730406733172 0.7375903010868288 0.18217872457319118 0.7354891796526637
4 0.2786506650306819 0.7792177445751053 0.303980138779707 0.7720759755974772 0.32311147248344696 0.8399151993528359 0.2977820240463416 0.8470569061362149
4 0.4544779283403386 0.5354953680289478 0.4301951349224282 0.542573582166456 0.4136826215525389 0.48592931688189034 0.4379652062199284 0.4788511350748177
0 0.38199772304483304 0.9095095061226275 0.38616391937910066 0.9490493670613152 0.36267479535331404 0.9515235734098747 0.35850874304787794 0.9119838445620186
0 0.34679225123056767 0.9562546320170927 0.3211111163739133 0.9374627156831346 0.34690979032359337 0.9022156672466467 0.3725907053901665 0.9210074664828536
12 0.11162854980671 0.7369554416116801 0.12398737698913465 0.7432980142175976 0.10035657176990753 0.7893357327098831 0.08799777021351929 0.7829931982320641
4 0.3899092659115695 0.5845574513950689 0.3723626548342054 0.586957893359011 0.364762356942947 0.5314064483658434 0.3823088033936983 0.5290060178086221
0 0.4555924682800878 0.7106979414565723 0.46543991364046633 0.7059005023782328 0.4730068519655788 0.7214303434533403 0.46315941243801717 0.7262277734905028
13 0.39310928572353987 0.7756436334407864 0.4100100625664709 0.7845532157823436 0.39080539119083824 0.8209759045255433 0.37390464494012576 0.8120663667890545
8 0.3162235037041228 0.6591104340321432 0.30479738878500484 0.6427360630283577 0.32267327681677216 0.6302637691264376 0.3340993821412894 0.6466381052199409
8 0.32130967876469185 0.3603888763092374 0.30869451260070946 0.3593372083400242 0.31065142177646976 0.33586441120611754 0.32326655659471726 0.3369160778618886
9 0.8681208913380942 0.7749518433279908 0.8785451972901228 0.7746598041971378 0.8813661507123243 0.8753332173635662 0.8709418449143413 0.8756252528033223
9 0.8771517317974258 0.6854666146021497 0.8902469601845269 0.6858399987361701 0.8874091993241109 0.7853493346741028 0.8743139711104959 0.7849759547005287
9 0.8268516903614227 0.9148286686746986 0.8318952940285271 0.9148122991820394 0.8320089826228241 0.9498316944460223 0.8269653789561744 0.9498480638572454
9 0.709933590202354 0.6830867967034969 0.7386365754534836 0.6872601501347745 0.7284807508215181 0.7570978959161347 0.6997777724660637 0.7529245746600578
9 0.7198087992530873 0.591012492219754 0.748639507525013 0.5961266890197374 0.737961001577105 0.6563185528728182 0.7091303009300418 0.6512043857621401
9 0.767548119187154 0.8119018440402165 0.7767659176199686 0.8093973397385963 0.7841674334372328 0.8366329420535157 0.7749496384784607 0.8391374374745727
10 0.7791801343045108 0.7899594603142803 0.7933622927502029 0.7888327806553397 0.7984285036427536 0.8525912022617108 0.7842463462751539 0.8537178728982103
0 0.846069702190448 0.7383127509787756 0.8526261721411856 0.7399008306050895 0.8476059751194498 0.7606234462099533 0.841049506522836 0.7590353704501545
0 0.872060000438637 0.7499603524394555 0.8654264749784488 0.7492732236879678 0.8674029230215865 0.7301959737202824 0.874036420036532 0.7308831009869693
0 0.8049381628053425 0.969364777965612 0.8099429917135694 0.9695090518525389 0.8091191931853245 0.9980780747343881 0.804114364303814 0.9979338014653644
0 0.7459597249422814 0.81226929172381 0.7393525749145056 0.8139378282266325 0.7337085274717765 0.7915925812354268 0.740315642168639 0.7899240493976032
14 0.9414340881206726 0.8009884527864828 0.8985403088423709 0.7994227067863403 0.9041836144582476 0.6448734747884833 0.9470759741670918 0.6464391953345437
14 0.9606904002149577 0.8138763906453957 0.966407041214211 0.813406047822491 0.9681002213100101 0.8339810685540947 0.9623835804608234 0.8344514101579801
14 0.9788839628737378 0.8291087953796147 0.9732098395019193 0.8294434696016528 0.9719724542953827 0.8084686814800301 0.9776465480152865 0.8081340081345838
14 0.8435879482407245 0.8537339762551147 0.8575308892727662 0.854089569334573 0.8559591308430754 0.9157043759941671 0.842016189923811 0.9153487858678753
14 0.8462150062911178 0.8721441584057322 0.8286815378033907 0.8730496770618242 0.8261386152512387 0.8238199100868718 0.8436718611932292 0.8229143971839936
14 0.8276625834884044 0.8611693427695247 0.8214567940012785 0.8607052445417023 0.8233731091046366 0.8350867653677104 0.8295788576273253 0.8355508620586922
14 0.8644729088259737 0.6897410411767254 0.8701264136851705 0.6893007063561974 0.8719394753884444 0.7125753418303556 0.8662859706574864 0.7130156755535384
14 0.8623116853736974 0.6460567708246187 0.8693185877585847 0.6453588061940896 0.8720826679480069 0.673103911923599 0.8650757658541579 0.6738018745993926
14 0.7849797096366729 0.8481180107968259 0.7919229594206172 0.8471786137840707 0.7954716128089103 0.8734014616207768 0.7885283636807117 0.8743408553717374
14 0.7563016796586908 0.8518072311456026 0.7710342402145898 0.8510402088078857 0.7733785327278611 0.8960578035556666 0.7586459725242776 0.896824821290223
14 0.8465648571616384 0.5631439120399403 0.8398886790358802 0.5637957818847878 0.8379158300923564 0.5435924615012012 0.844591985542138 0.5429405927710859
4 0.7901576355437783 0.9337567352203373 0.7746168736424579 0.9354340692022387 0.7691286275913853 0.8845965827997022 0.784669171381779 0.8829192606888585
4 0.7620275435574513 0.8640360731966509 0.7449811756521285 0.8645262735811354 0.7434937232692391 0.8128081939453018 0.7605398666804604 0.812317996784598
4 0.7713145055624864 0.8179377917151316 0.757862359898013 0.8184132069096615 0.756113510529417 0.7689354677324228 0.769565494295648 0.7684600554139585
4 0.7452457128576953 0.6270546234318063 0.7616527479568731 0.6273321301817532 0.7605014187405459 0.6953933942618811 0.7440943836846827 0.6951158894066252
4 0.7679933209244609 0.5074130616272867 0.7600317325920969 0.5079624059470756 0.7553414698988945 0.43999116468133054 0.7633029806088416 0.43944182304049917
4 0.8094998890877605 0.3527352611833919 0.7967484469295414 0.35356159946097265 0.7939258042033543 0.31000568320534044 0.8066771906485428 0.3091793467322754
4 0.7044381373680153 0.6536012347583476 0.6992118116609163 0.6530782811962041 0.7008960768513361 0.6362482088957309 0.7061223853279444 0.6367711615895455
4 0.7139152462034417 0.3201661983975149 0.7236393209017251 0.3224181857682122 0.7093460828266416 0.3841340870715252 0.6996220106836972 0.38188210736572265
11 0.6795180722891566 0.623977356626506 0.6851322373493977 0.623977356626506 0.6851322373493977 0.673963161445783 0.6795180722891566 0.673963161445783
11 0.683337279307807 0.6223907315288222 0.6743550652646491 0.6219696133168605 0.6799286819386907 0.5031023139146862 0.6889107135291397 0.5035234278497153
11 0.6878345593353288 0.4771335930011222 0.6782046573789557 0.4751880505903918 0.6918604055678088 0.40760029664108444 0.701490218861295 0.4095458297002785