9 0.05758721277686618 0.05238723717672944 0.04869622526598505 0.0640202665165471 0.0179762016487075 0.04054132498793291 0.026867187853099495 0.028908298728799277
10 0.11608687570617349 0.13095036652541733 0.13159438042691818 0.12186298528465611 0.14613041676955163 0.1466684187687669 0.13062291618177824 0.15575579447942708
11 0.034325496746873796 0.20223234048710886 0.07883313376282786 0.16511461531078786 0.17386040928431612 0.2790595204087237 0.1293529586371278 0.3161770438615137
7 0 0.4555876673728813 0.042652793785310734 0.4555876673728813 0.042652793785310734 0.5761033559322034 0 0.5761033559322034
8 0.3758489992667364 0.17311845685285493 0.4663520133875636 0.17106966376107785 0.47050704079867955 0.35460977521613285 0.38000402737850436 0.3566585531778495
13 0.6320464864554651 0.4765650801152473 0.7266872852391089 0.4764355662934765 0.7268413163841387 0.5889830508474577 0.6322005176427865 0.5891125634975509
7 0.5004935838472875 0.4824249692524203 0.5686304531449196 0.4743100885411562 0.5819410963555356 0.586064212097613 0.5138042401540588 0.5941790185272336
4 0.1943842439849277 1.0000005912305852 0.19438619854383887 0.8027621369335991 0.2796610169491487 0.8027639046610033 0.2796613864811661 0.9999999999972895
7 0.214688934365995 0.6604767748279774 0.27492736971919385 0.6417788310329655 0.305291262160722 0.739587151234348 0.24505291734578805 0.7582848912766896
11 0.441983003155201 0.7408602811285219 0.5138967919064044 0.7652829554967799 0.4542385573312231 0.9409123762989519 0.38232504017287283 0.9164902839919882
0 0.7392828692504736 0.5889780567863446 0.7392893746757636 0.8318988971586087 0.5352605071306016 0.8318990199779392 0.5352593603112155 0.588983431608999
0 0.7166147451641791 0.7049566861550466 0.7435050097273006 0.705744129842791 0.7409952841676386 0.7914340724476985 0.7141050199342089 0.7906466364449481
9 0.7990889726336263 0.999999990703865 0.7990895278242078 0.9521229001354105 0.8530614345228287 0.9521235592213847 0.853061264123312 1.0000002632042335