10 0.02356594374919041 0.10953259134431301 0.005152764049626057 0.1105012220278523 0.0031258093428050415 0.07196972496094858 0.02153896942377287 0.07100109479460406
10 0.16552341932867876 0.5052222610265826 0.13830767242859565 0.5490492566853338 0.058678088954707164 0.4996042565977615 0.08589380037915362 0.45577757920437917
10 0.06651701934345056 0.46238884683546083 0.08928603766253218 0.47679320411997844 0.044745015075591255 0.5471938555763407 0.02197606824859122 0.5327895907014643
10 0.27970188054086975 0.6057331136341157 0.22239449465655525 0.6353510499770348 0.18907683716690826 0.5708912927705594 0.24638361607537718 0.5412735454098181
10 0.21541076651215008 0.6736569179751013 0.22973597795009937 0.6648966668917713 0.26257620869705534 0.7185909137827805 0.24825104187334546 0.7273511063166869
11 0 0.13987770833333332 0.000080458984375 0.13987770833333332 0.000080458984375 0.142992421875 0 0.142992421875
11 0.05502983826556829 0.22888752594514472 0.03808596136934739 0.2463346114798195 0.0019673419627679323 0.21125820214104205 0.018911192664290866 0.1938111450158463
11 0 0.22655165104166666 0.0147252822265625 0.22655165104166666 0.0147252822265625 0.26735332291666664 0 0.26735332291666664
11 0.052579472089178125 0.26864178288561813 0.04829559789595805 0.2966677511894475 0.00921368251340482 0.2906940280950202 0.013497595025910414 0.2626681073545598
13 0.48469605583011344 0.1292767121440567 0.45971643440589105 0.09692831318003595 0.5434421556742564 0.03227496353898806 0.568421757706119 0.06462331986805107
13 0.4938722344444386 0.5074478595674929 0.4742651343209445 0.564040523108454 0.37023675928526245 0.5280011381780572 0.38984409981401313 0.47140895976663816
13 0.20890896208345566 0.39243007225434573 0.203166901318923 0.41109199904824134 0.15087180146929313 0.39500204183522736 0.15661389673596204 0.3763401755615524
13 0.13865256667361336 0.4469700773925103 0.13400270547970194 0.46056368370997547 0.10972125303192115 0.4522583947587984 0.11437112599958255 0.4386648123103414
13 0.09588215236306041 0.2656513584336713 0.10019308427501983 0.2803342626214994 0.08470792447303666 0.284880621625564 0.08039700416350115 0.2701977273324737
9 0.06367519726563842 -2.5316593596461807e-10 0.06367519790080678 0.022675693073688902 0.033229211563025274 0.022675692557855058 0.033229212066999025 1.4120199699484436e-10
9 0.0998733398632794 0.0770969031698085 0.1269541293762586 0.07805384029238428 0.12536095393204505 0.12313969561667726 0.09828016446385845 0.12218275915607058
12 0.6063539270816136 0.4218916448396081 0.5969614611759653 0.47290751034162215 0.4841581815181826 0.45214009647445175 0.4935509439649195 0.4011246232893372
12 0.5574963445544654 0.19840391309208577 0.5345535922252793 0.23543762505357127 0.46686644119813536 0.19350514509885366 0.4898091853359574 0.1564715195688196
12 0.6332969218835842 0.1254076556083223 0.6066838016955671 0.15181395961107697 0.5442938305205871 0.08893552229332666 0.570906912116925 0.062529256001609
12 0.5742187495575308 -2.979940471229775e-9 0.5742187535493031 0.04346338420543815 0.5141789590005601 0.04346337991961797 0.5141789631549045 5.638972498127863e-11
12 0.820874310477052 0.14193803442964217 0.7940053474778779 0.0886223470020015 0.8475138330106802 0.06165631594374473 0.874382804280458 0.11497195324026653
12 0.867074300041736 0.18148755192400823 0.8977798200209008 0.2659459524219488 0.7749964535738627 0.3105834789850256 0.7442914110331458 0.2261254777395025
12 0.7160124100151961 0.2828771390916649 0.7383769068304673 0.356581891119475 0.6303815489725366 0.38934963864875033 0.6080175479357877 0.31564530758106984
8 0.03488534538894328 0.1134532324706192 0.05771163366750898 0.10319857801919632 0.07611815266284339 0.1441702792929046 0.053291869991653584 0.15442492470334604
8 0.26953125 -3.190569274421175e-11 0.2695312500205773 0.006944444444343421 0.2540797284814289 0.006944444404659296 0.25407972851564864 -2.0886755395348245e-14
8 0.31500367675778307 -8.741772246261933e-11 0.3150036768715836 0.011048668444367186 0.2934886229592166 0.011048668360873823 0.2934886230468692 2.105098569689354e-14
8 0.39345289358038826 0.07239784261996017 0.357515857104886 0.09837623468490031 0.30227492720450755 0.02195908985665195 0.3382119327001192 -0.004019286589212905
8 0.274628852142655 0.15131500957435565 0.23170520571170528 0.15270715511960944 0.22900933115397493 0.06958479215963786 0.2719328704805548 0.0681926482135946
8 0.44555701522449453 0.19790576356104236 0.45497368272629046 0.22977759324784552 0.3855753624936824 0.25028117714807013 0.3761587869223604 0.2184094257874702
8 0.24346110030023738 0.2860174018579731 0.26107387044487496 0.28539903357802526 0.2617342883573883 0.3042089979582355 0.2441215182425367 0.3048273657146153
0 0.21588271679684112 -3.479887732478758e-8 0.21588275689714465 0.08723273602759965 0.06665497470942228 0.08723269158375564 0.06665501757811398 -4.803134530678889e-14
0 0.033377282303490574 0.8752809312711174 0.01585828365659836 0.8761147273923731 0.014369334921298105 0.8448355153256564 0.03188819001968568 0.8440017226269357
8 0 0.39941596180555555 0.0439502080078125 0.39941596180555555 0.0439502080078125 0.45636290625 0 0.45636290625
8 0.11798675896943678 0.2050868895029 0.12785896686420983 0.2264348859188568 0.0828905690884767 0.2472297759399866 0.07301840384263869 0.2258818157275415
13 0.2150679619632001 0.35374049244450156 0.21034804558905762 0.36670308616028163 0.1951267577235285 0.36116094242322144 0.19984667925734811 0.34819836010821137
8 0.22449000471806357 0.08307704994693225 0.25066756476974206 0.12980785554554208 0.18239717448318515 0.1680511292289494 0.1562196924461432 0.12132039099845748
8 0.20071379894420716 0.16920278020566476 0.1900316712226413 0.20017859426118556 0.13891936247011927 0.18255243195698748 0.1496015121244909 0.1515766622789336
4 0.2221890362685599 -0.004179869095692128 0.2481812916328181 0.013867566660611067 0.20768182583174166 0.07219563193288708 0.18168957714851786 0.05414820312501651
4 0.12969972303551458 0.13088835172663701 0.15109414589676362 0.1459290283833898 0.11126730887690428 0.20257973142831165 0.08987290841832873 0.18753908125076899
4 0.06803093968039775 0.23303058543357943 0.05359519284911585 0.2267127266610068 0.0687267374704561 0.1921390242215706 0.08316245377386622 0.19845687533163012
4 0 0.18840640277779505 -0.005104137430635092 0.17694184337429367 0.003795890274886915 0.17297950158941608 0.00890002859625838 0.18444405791147447
13 0.060447508471384026 0.5635859072970042 0.036105056925293866 0.5613330747265156 0.03857435357349459 0.5346547450278709 0.06291669699862723 0.5369075725714039
0 0.04568727472053524 0.19328087596807403 0.010571004102530424 0.20129158869281596 -0.005228508522350239 0.13203213030373404 0.02988764011877265 0.12402143222267868
4 1.0095825931862237 0.3039993044562785 0.9537423966731922 0.37443801685166184 0.8551688182679982 0.296295703453225 0.9110088040896471 0.2258574014129506
0 0 0.5318425503472223 0.008210169921875 0.5318425503472223 0.008210169921875 0.5614460572916666 0 0.5614460572916666
13 0.21869361647907226 0.36175156980930306 0.23690548270803902 0.3768039033294326 0.2077134169111332 0.412121832423516 0.18950158785548865 0.39706953957646135
13 0.23314922525071324 0.4226018820041792 0.213572727607243 0.4013736155933833 0.24814211748162052 0.3694956394454897 0.2677185656103802 0.3907238451645696
8 0.18225452355090965 0.2682298713731281 0.1920396764378438 0.30243175679544193 0.1355704549218899 0.31858703652830106 0.12578540649371917 0.2843852401216123