11 0.05041426938794302 0.37836689458052686 0.12932599488328833 0.37549777476705704 0.13447265049626367 0.517042418153769 0.05556092654899203 0.5199115102132091
9 0.06396748605982339 0.5884759753045278 0.025805341707382468 0.6305049521260285 -0.035456811025937895 0.5748846549571222 0.002705081054727998 0.532855996527794
11 0.20458601547738908 0.814676084857575 0.16874104572366377 0.8170768098109691 0.1571082861173636 0.64340892762135 0.19295192754236723 0.6410082461327904
0 0.542114203281244 0.999937512793101 0.5086906974464682 1.0001601459741802 0.5083665680344893 0.9514762669208432 0.5417895905609384 0.9512536353486812
11 0.48678577197188133 0.9192957165319567 0.4677389111316188 0.9566210611312447 0.4302629228142223 0.9375021936705885 0.4493098164045932 0.9001770717550431
11 0.534050629274816 0.8775935020580053 0.5068303266483554 0.8786483147643318 0.49748418663591565 0.6374885254144953 0.5247029859497161 0.6364337417266343
11 0.24853414982737831 0.38030861661190646 0.2215151450063786 0.3794449434879432 0.22293408665177594 0.3350589616850638 0.24995296100360065 0.33592263272388323
0 0.5604864689090618 0.5340077111952625 0.5826800054892374 0.5321800001166637 0.5864006727308606 0.5773551720995986 0.5642071369971973 0.5791828761644956
4 0.7328562891821093 1.002638904978766 0.6848187167968263 0.9999999999999986 0.6879296943835698 0.9433933507134149 0.7359664678499485 0.9460322338163523
4 0.8032319119332669 0.9999999988650292 0.8032321524999588 0.9569612753467149 0.8323613758841475 0.9569614839725248 0.8323613223125221 1.0000000200727321
4 0.8852000804447471 0.932057197418743 0.8387675436193831 0.9807180935845887 0.7660458696653905 0.911344069808443 0.8124777847208406 0.8626838701729125
4 0.8900152090890288 0.6163830805318024 0.8544928831892094 0.6198966205279725 0.8440937599730205 0.5147676474147608 0.8796154465967447 0.5112541391836708
4 0.9310669996272054 0.6035748095578247 0.893340539520409 0.6049999246055524 0.8892896819004363 0.4977644497957062 0.927015467207525 0.49633934746145386
4 0.9552310850468757 0.8166501573502307 0.9105950414854078 0.8186496538042964 0.9038400616691433 0.6678630167883328 0.9484745824898937 0.665863554515772
4 0.9449754177067007 0.6956619327786262 0.9734358665691616 0.6950010606299871 0.9760373510868021 0.8070153921396892 0.9475769025150385 0.8076762558174688
4 1.0000000463189735 0.8663432031249998 0.9952539886292016 0.8663432031249998 0.9952540233582567 0.7990903263888889 1 0.7990903263888889
4 1.0000001034604793 0.3073447829861111 0.9802230067060691 0.3073447829861111 0.9802230717367593 0.19987349305555557 1 0.19987349305555557
4 1.0000000135087248 0.3614834600694444 0.9941516942526505 0.3614834600694444 0.9941517079115556 0.31679627083333334 1 0.31679627083333334
8 1.0000005202265356 0.6559446024305555 0.9639811561951319 0.6559446024305555 0.9639815599247186 0.5098027170138889 0.99999999890872 0.5098027170138889
8 0.8983980476908755 0.8412540214257224 0.8689025785520244 0.849382222542097 0.8344419529639708 0.7243544666230237 0.8639365646514534 0.71622639002507
8 0.9964127347570866 0.9760606041354112 0.9432513126153026 0.9822087355732054 0.9264297675141506 0.8367845715489491 0.9795890656562278 0.8306365640137423
11 0.053796526231508324 0.9999999985333206 0.05379661366600885 0.9791666359893016 0.07290772965779979 0.9791667229851808 0.07290770226984478 1.0000000254315529
7 0.0034307798924828603 0.43928155052407275 0.037820130747718395 0.42961021710833913 0.05973390662541078 0.5075262124785457 0.02534457923457012 0.51719748924625
7 0.17041043528854516 0.5976495493296438 0.13131268913912209 0.604391908178883 0.11719227328774195 0.5225165910266514 0.15628948437188228 0.5157742789590225
7 0.09690132605919644 0.7049389842851023 0.13056723295551365 0.6935786186791933 0.15570935257210294 0.7680742248576388 0.12204349384194302 0.7794344903287403
7 0.14033026688514383 0.868528140882174 0.17666388705299596 0.8597699138882877 0.1939984307080067 0.9316652361568281 0.15766484180574025 0.9404233744671012
7 0.5781849321374466 0.40578996570223463 0.618748242789593 0.4017887503087409 0.6269413141566247 0.48484335474553975 0.5863780069022368 0.4888445477503185
7 0.7019243914179469 0.6825676256161517 0.6623744738285495 0.6894703949407148 0.6491441996462299 0.6136748203314828 0.6886935402878862 0.6067721019334529
7 0.785156449025294 0.8911581371527779 0.7517884174835672 0.8911581371527779 0.7517887332824102 0.8194444444444444 0.785156147963221 0.8194444444444444
7 0.763083972242498 0.9463692132521483 0.7966232459941693 0.9450938502440838 0.7987013501578986 0.9997279870462504 0.7651620770000136 1.0010033397392337
7 0.9011095326019358 0.31974957382036046 0.9365118899983145 0.3187646334400858 0.938817294968203 0.40162627069284923 0.9034149377936274 0.40261120664152433
11 0.3101445256173747 0.7133754655160948 0.4009095002435288 0.7012661519514451 0.44022927892763164 0.9959261097860675 0.34946438858196416 1.0080349549861713
11 0.43722871475540614 0.7088088460463032 0.3993126914765526 0.7111161772428322 0.3787692940335319 0.3735475649522269 0.4166833056548285 0.37124029318698354
11 0.4643972665619458 0.6715805851689023 0.42150022190242 0.6756107513773225 0.3900005155849158 0.3403454896822765 0.43289520216444544 0.3363154394773437
0 0.6890243256483473 0.7874406420969998 0.6235332320909492 0.8700757067904817 0.4925107754243072 0.7662534335281227 0.5580010358813752 0.6836200123008576
0 0.5183424061780215 0.15583547146208476 0.6426181296619689 0.14784258775229672 0.657585219581847 0.38055124869170753 0.5333095046403287 0.38854405659607
4 0.7908565144840622 0.837190698208082 0.8383404634261069 0.7899999624254392 0.9186773137079172 0.8708188464515444 0.871194065485497 0.9180088823217446