10 0 0.21250733159722224 0.0290265185546875 0.21250733159722224 0.0290265185546875 0.2583647708333333 0 0.2583647708333333
10 0.11169285529877016 0.010448951380417803 0.2042379809453223 -0.02837730426096717 0.2350746489504445 0.04512409205008216 0.1425295350235274 0.08395033233523876
9 0.11804877138808934 0.10603971053652543 0.0984115127153018 0.102471068866769 0.10406441499264929 0.0713648228750409 0.12370165738309424 0.07493346303287383
9 0 0.09375 0.0078125 0.09375 0.0078125 0.156490140625 0 0.156490140625
9 0.10310815641469162 0.21889255271894964 0.050982090076786335 0.24214692513219568 -0.006261628320544332 0.11383256009195636 0.04586410874662761 0.09057827318758818
10 0.028228895377310437 0.2139922570015139 0.017942292437510332 0.21696248623698883 0.012159221359411276 0.1969345891180465 0.022445811674288052 0.19396436182096646
9 0.21497190776653952 0.1690134906070516 0.18323104704927573 0.18765478109546546 0.1445424337133545 0.12177934313782424 0.17628320989319946 0.10313808431114625
8 0.3801126480828998 0.07196613901867899 0.37162367353255377 0.12205138196739715 0.296093317077748 0.10924967525849433 0.30458233334343277 0.05916448766997017
8 0.5500060921004888 0.0835844434870075 0.4901059826325991 0.11980691246320749 0.44660082397615497 0.04786364004171993 0.5065008507996254 0.011641203576425962
8 0.4207900337397632 0.3584483459259828 0.3910952630855036 0.3212016516327778 0.4597033025432893 0.2665058867323928 0.4893979921245091 0.3037524240343121
13 0.9667449560546402 -1.4037728382495653e-9 0.9667449573430531 0.03333474499735166 0.9254287694953973 0.03333474294410302 0.9254287714843485 -2.5140048429458696e-14
13 0.84375 0.3776935173611111 0.890644845703125 0.3776935173611111 0.890644845703125 0.4396992777777778 0.84375 0.4396992777777778
13 0.8742404249428546 0.24272893732261622 0.8603089720522803 0.2399648982413694 0.8674611243294521 0.2039169124785615 0.8813925441260153 0.20668094822367952
9 0.9992019354210697 0.11248993009340588 1.037001529721465 0.13716999545940264 0.9884626051349414 0.21151076926612175 0.9506630496200614 0.1868307582414775
9 0.9225783345216314 0.5056914782504431 0.9716996575226631 0.4803984436422541 1.0126828586261354 0.5599850659909692 0.9635616596223144 0.5852779181060909
13 0.9672687821811223 0.0012314165546294437 0.9768111362445779 0.004557411799719184 0.961021471246795 0.04985830148361637 0.9514791174614174 0.04653230690017804
10 0.17318427051111485 0.08541042482621274 0.15849371361434805 0.1023526385430348 0.10659673135432968 0.057352927510390075 0.12128728039101588 0.04041072552546782