10 0.17859498715620248 0.21203913760353338 0.19196695306766287 0.2263774530386309 0.17283252216486744 0.24422199743582215 0.1594605696329836 0.22988369502087744
8 0.09976599288586385 0.1441827312099533 0.15444874069146408 0.14775758377659284 0.14908044238950424 0.22987296906203547 0.09439769482742122 0.22629812498150598
8 0.15041396090634862 0.2296958011206609 0.14020102390668399 0.2640505123496309 0.06116245537623399 0.24055424926817512 0.07137544987062938 0.20619964012379924
12 0.7267986630283758 -0.00290030638304481 0.7487734547872833 3.2892650465526017e-15 0.7424914876650064 0.04759666103176961 0.7205166959930693 0.04469635515713326
12 0.6573942355254303 0.18411744848490005 0.6292298334038833 0.17560256660518142 0.6643248230564041 0.05952091274698521 0.6924891053971578 0.06803577509307816
12 0.7564083753718478 0.1934028933780609 0.7334416718767898 0.18946893970799508 0.746521207430419 0.1131105417970894 0.7694878296026673 0.11704448834435861
12 0.771850836599242 0.20146754847490797 0.8027988957014713 0.20773460806164123 0.7644506202028651 0.3971019095879177 0.7335025767911247 0.39083490463340664
12 0.6096555107748145 0.48398288095750674 0.5852939689490313 0.48094686263448627 0.5972725772039666 0.384835640999713 0.6216338046622241 0.38787163927024293
12 0.6385018474520621 0.5293167545356408 0.6116847424665366 0.5190201259132956 0.6457741709575657 0.43024268772627455 0.6725909393713891 0.4405392442191261
12 0.726137744404241 0.5047321846013695 0.7526735753192497 0.5080930102586783 0.7369346538272339 0.6323501511777332 0.7103988297872093 0.6289893617021263
13 0.6118744914211902 0.5314630214928513 0.5936326228974167 0.5275786749294987 0.6063149671906558 0.4680242019415346 0.6245566759851044 0.47190853116673515
13 0.5867472901292103 0.1342939031846981 0.6470734902302411 0.14050506448915248 0.6130837803025315 0.47062408520246524 0.5527575965675169 0.4644130185144399
9 0.12889940850618586 0.777921471377243 0.09117166167868618 0.7712455503986305 0.1087185683535381 0.6721015656060578 0.1464454930797956 0.6787774119683078
9 0.3528675490905471 0.9999999993637686 0.35286787459756397 0.9783370313047407 0.4230831174819514 0.9783379119304718 0.42308302127378283 1.000000649529184
10 0.15428806232978332 0.8369703694683218 0.17173886572447827 0.8169000645365828 0.21654837536800642 0.8558528075429335 0.19909773344977566 0.8759229591489625
11 0.3557139886755749 0.7813263601225713 0.3602712535164301 0.8087296306608476 0.32720313671006807 0.8142277871250201 0.3226459975377338 0.7868246282955156
11 0.14052924720999727 0.7060885022823892 0.15637676705000558 0.7087523352992904 0.15281281455213502 0.7299514790566877 0.13696529625769926 0.7272876523022296
8 0.8691252247110697 0.6289879678947355 0.8691259278466532 0.6712097553354858 0.7598327337494766 0.6712106944128592 0.7598324880319751 0.628989361702124
4 0.6909796091103999 0.9999221703240752 0.5990743982249569 1.0008322235533922 0.598364429829644 0.9290480992382089 0.6902677129537551 0.9281380555187652
4 0.677671375077125 0.8183870668403811 0.6411355293668066 0.7829095553526186 0.6803329109010292 0.7425506426120794 0.7168685010916533 0.7780279158139569
4 0.9137721978775062 0.9554237987385615 0.9304215346650153 0.9923443108222018 0.8645559137290775 1.0220370620299906 0.8479070491371203 0.9851169506767669
0 0.6342106628183046 0.6377994272857302 0.6712503435360304 0.6789965988930607 0.6175240429549831 0.7272937980570072 0.5804846821212095 0.686096934239542
12 0.449468085106383 0.7926558829787234 0.5613804813829787 0.7926558829787234 0.5613804813829787 0.9124762074468085 0.449468085106383 0.9124762074468085