12 0.08283339910076393 0.16513237158833363 0.07264698486540055 0.16538626031474873 0.07172611571854759 0.12843937638532935 0.08191251334949357 0.12818548786407755
12 0.1079289740182503 0.15503861084169188 0.08380481144422447 0.15666618973172194 0.080737128388364 0.11119655789081595 0.10486124514568473 0.1095689805825245
12 0.12954810285748408 0.08954244789873109 0.14479040892456396 0.1083316888900006 0.1144914368579748 0.13291086874309932 0.09924914410225938 0.11412164025750732
12 0.14994395916744452 0.10920243368952516 0.1296683957782534 0.1093935077899911 0.12932979960123703 0.07346267471974333 0.14960534101942358 0.07327160072815529
12 0.17785218312451434 0.050357137993432395 0.18721416096161647 0.061897707421651946 0.1594623180145618 0.08441060888976354 0.15010034466024536 0.07287004368935607
10 0.6904685731383324 0.15587850835105732 0.664454580887309 0.11989946427106928 0.8202396345805028 0.007262097968643684 0.8462535958556145 0.04324105496717412
7 0.694236239077668 0.5262782087378695 0.6851800077121197 0.503864456395543 0.7560246498871948 0.47524181410155264 0.7650809316280629 0.4976554395387375
11 0.5388349514563107 0 0.7058428349514564 0 0.7058428349514564 0.28828920873786407 0.5388349514563107 0.28828920873786407
11 0.5270989175278373 0.31033087139301135 0.6111402923562537 0.14439520061286967 0.9720467161845363 0.32717918935028495 0.8880092943737736 0.49311148922993714
11 0.8770097330097087 0.07750356310679611 1 0.07750356310679611 1 0.2749642924757281 0.8770097330097087 0.2749642924757281
10 0.7413457567599835 1.0167191486293512 0.7153270667006382 0.9807430261505489 0.8699946419976641 0.8689141843388031 0.896012998404899 0.904889319857287
11 0.5388349514563107 0.8154695655339805 0.7657554987864078 0.8154695655339805 0.7657554987864078 1 0.5388349514563107 1