4 0 0.785191 0.0265103642578125 0.785191 0.0265103642578125 0.8769158333333333 0 0.8769158333333333
4 0 0.1837886371527778 0.056933078125 0.1837886371527778 0.056933078125 0.30150694270833334 0 0.30150694270833334
4 0 0.288837265625 0.0528786298828125 0.288837265625 0.0528786298828125 0.37102474131944446 0 0.37102474131944446
8 0 0.5101086510416667 0.012480404296875 0.5101086510416667 0.012480404296875 0.5720710225694444 0 0.5720710225694444
8 0.05734461768179244 0.9083287038419348 0.02819029286706609 0.913130722368459 0.018849479609116315 0.8564323353272206 0.04800336285654794 0.8516303539188133
8 0.08000365049372249 0.8808119088387864 0.1401979572176515 0.8472472595981326 0.19094467326499398 0.9382336255146596 0.13075071383343584 0.9717977897614235
8 0.15898495230680965 0.18461402036589028 0.07617581366366721 0.18693178683990222 0.0738957368004094 0.10546425860935213 0.15670456935401944 0.10314649649659867
7 0.2097576731987374 0.47970436039558284 0.16692836417257695 0.4792685326105805 0.16783006143543844 0.39068791276345616 0.21065887841984932 0.3911237380817044
7 0.24689739416601242 0.6537730127379803 0.22361115254204833 0.6504906099796873 0.2355728201148395 0.565642803684643 0.2588587027646554 0.5689251810392701
7 0.24770459113221932 0.7582157399572296 0.27132259679422077 0.7583451060363231 0.2708667414138972 0.8415535646185054 0.24724873576178652 0.8414241998497825
7 0.2710255817725056 1.002585961972005 0.24962379836392756 0.9985713154871334 0.25868708958944353 0.950270587029143 0.28008856940300575 0.9542852043524429
12 0.17028734667974277 0.9999999999999898 0.17028747701101565 0.9793780282065501 0.19983915073066782 0.9793782121300707 0.19983911230451668 1.0000000917967757
12 0.2728724608899711 0.9003324327814132 0.31182769550503053 0.8997219900730237 0.3133914159471942 0.9994836258181716 0.2744361815496177 1.0000940597048653
12 0.27109505236046516 0.8045532352507573 0.3004926604794491 0.8037691724670838 0.30307897640796 0.9007194140935145 0.27368136867414705 0.9015034669774091
12 0.27056134586689495 0.7379256955983179 0.2997481186528148 0.7372960228698002 0.30124512910185786 0.8066735209174825 0.27205835648658194 0.8073031884948064
12 0.26932072663464623 0.66773602331989 0.2960625191293502 0.6672334420074242 0.29743974248754057 0.7405031584624298 0.27069795009401787 0.7410057358193829
12 0.272482284389298 0.6121690785356735 0.297159815381292 0.6136911956587643 0.2935371304824912 0.672417216910844 0.2688596003405337 0.6708951085696235
12 0.25268745343987575 0.5061056940152101 0.2831017940001175 0.5033471175468927 0.29296925918424677 0.6121297402123309 0.26255492214795595 0.6148882909729126
12 0.1970413530807491 0.5097654055180091 0.23319220287146436 0.5138021354788296 0.22338462348159283 0.6016257212196966 0.18723377847766187 0.5975890214147963
12 0.5110093391599548 1.0016907600895462 0.4731303941717897 0.9999980608087381 0.47508696215061264 0.9562317742683211 0.5129654142208437 0.9579244625384614
12 0.20714441060704303 0.33620257210326715 0.14054812981510167 0.34019549711833685 0.13491915623319528 0.24631001102461766 0.20151489011641388 0.2423171023003873
0 0.020841069335915563 1.0000000000000067 0.02084151849544469 0.9555972138238547 0.06429535166842015 0.9555976155071654 0.06429518945265045 1.000000116006703