12 0.12746034921121918 0.13516858395761605 0.02264985025851729 0.1485018721372885 0.004970525761791578 0.00952709189786965 0.10978069779491761 -0.0038061749094867657
12 0.20609773322587444 0.2294882750595895 0.13586813428366895 0.2350543581012995 0.12734775481897032 0.12754758660137605 0.19757694409668147 0.12198151985454078
12 0.19089287515168962 0.40493744619181266 0.15447059665177676 0.42348119907519405 0.10321357559814714 0.3228097164724534 0.13963547962816847 0.30426607785277543
12 0.17240325637317255 0.2893381409511099 0.17544062935746751 0.3132024350234497 0.15677187066296483 0.3155784491856184 0.15373452044048008 0.2917141756690614
12 0.18266298618027577 0.576974671608657 0.06055414922275304 0.552586965038113 0.087168230858083 0.41934830401604056 0.2092745591297671 0.44373574829979634
12 0.37815007251674615 0.5983228075712934 0.3962420026922473 0.6605461301968821 0.1874005921973776 0.7212571461742945 0.16931023691563496 0.6590351567355202
8 0.4344628501138459 0.3092440494970662 0.3344180483737773 0.409287284275021 0.1809893797234281 0.25585906947015497 0.28103324066250934 0.15581677800462526
8 0.26613463159731054 0.07378074093854226 0.26989560595018247 0.008705612396345477 0.3911079952580394 0.015710981915979676 0.3873470781946935 0.08078605429936798
8 1.0003606294394558 0.20789871653898706 0.9994674206193395 0.2976647082985419 0.8508862720265142 0.2961855731764155 0.8517799880776238 0.20642008222095518
8 0.8971515524614233 0.11402215694675817 0.9195679218111081 0.057845934086399146 1.0103375304864812 0.09406623656771204 0.9879212660374606 0.1502423696467037
8 0.7708333333333334 0.3828125 0.8125 0.3828125 0.8125 0.40625 0.7708333333333334 0.40625
8 0.4310212170653358 0.5889201758068809 0.4303999081279244 0.6136060631636053 0.38947358730763426 0.612575985759639 0.39009498619873284 0.587890190441377
11 0.9912482851642608 0.31254152290728654 1.050537576235456 0.3651865827771417 0.9434144008400835 0.485823165494676 0.8841255715944953 0.43317860742486153
11 1.000000034672098 0.31261316699218755 0.9814229129908654 0.31261316699218755 0.9814229400186605 0.27625094433593744 1 0.27625094433593744
7 0.2132717222222027 -4.621180557111033e-14 0.2132717222222027 0.0007101464843288688 0.21174999999993815 0.0007101464842964993 0.21175000000005184 -3.002745290564682e-14
7 0.14434058140216166 0.04307459253266247 0.17996500542233207 0.014287229857541994 0.22504318303947457 0.07007154166365342 0.18941877612053304 0.09885888581830331