11 0.13630716990292058 0.4562590157767386 0.11662379004008017 0.43577575743927893 0.19310007119452166 0.3622896169294678 0.21278334059923054 0.3827727498599292
0 0.2375697576260336 0.4122098346628109 0.25473246372928315 0.41448205683072253 0.2505688031627642 0.4459295663641167 0.2334060979902688 0.44365734891079434
7 0.28652930696205203 0.39679648097103876 0.31325170194247676 0.4033667014848151 0.2988014057852979 0.46213571385386554 0.27207902023315 0.45556551931815004
7 0.2351671443137775 0.5471690661556545 0.261523919806109 0.5549599040808543 0.24540178367101362 0.6094963810770947 0.21904502467896236 0.6017055821371083
11 0.0816652093542416 0.18471079442045532 0.13154699140443427 0.17467360262973347 0.1577159598647313 0.30472335873525686 0.10783419149800011 0.31476050137471484
11 0.2503439998737349 0.14103802390743922 0.2808205248217064 0.16378169800800144 0.17395225217478583 0.3069830426390834 0.1434758457701264 0.28423950422578964
11 0.17956762357027856 0.32172477577008657 0.14662712500683028 0.2949349943707003 0.25884496122591827 0.156955827536035 0.2917851708400576 0.18374542148533937
0 0.19281907806839627 0.6096214048081439 0.14652129779403822 0.6088065178292231 0.14955872465998254 0.4362916412171539 0.19585526516550544 0.43710651747287793
0 0.384605842207975 0.45981734305465666 0.30588533764625936 0.46009044180037073 0.30519238222598233 0.26008207506144676 0.38391115999115755 0.25980897931154334
4 0.6840815570773202 0.39653089385313806 0.7103186985610819 0.393249366993231 0.7279125321769015 0.5339104755625923 0.7016753968995317 0.5371919691222262
0 0.8246367278554771 -0.0035627497038229978 0.8865322714245849 0.003251641492073652 0.8621872831351993 0.2243778876620329 0.8002917435163681 0.21756352495989933
0 0.8442910883825334 0.6032244078531965 0.7686936720988342 0.6123611621824638 0.7296993911406844 0.28973340613457793 0.8052938390545705 0.2805968198519957
0 0.69493103611876 0.37084381007894063 0.6705790777278935 0.37404876403272164 0.6588403791532755 0.2848576838089607 0.6831921231000706 0.2816527440805502
4 0.7888977376487674 0.23777845777134932 0.6615472118322714 0.2509767752604813 0.6424221545772753 0.06643424167191522 0.7697714673860219 0.053235991709379094
4 0.7245514073616732 0.6092231991360395 0.7066049652495394 0.6142822898450908 0.6783921529995496 0.5142106070946394 0.6963382968548331 0.50915156073134
9 -0.002906543220092317 0.8803861636965158 0.02138492729761765 0.7922590111298471 0.26414160300453204 0.8591561445807491 0.23985357305650723 0.9472803366472522
10 0.17261183588448148 0.6115829072382173 0.1934549292268457 0.6631619922435632 0.03825143113840568 0.725869964699894 0.017409387135785437 0.6742917730582556
10 0.49091043647638344 0.6092212107962722 0.49091235473827055 0.721722277447559 0.33687755293999544 0.7217228843951231 0.33687739431991304 0.6092235849798154
14 0 0.7717474672330097 0.049061309466019415 0.7717474672330097 0.049061309466019415 0.8298266055825242 0 0.8298266055825242
14 0.09682629525036646 0.757828550526345 0.05317345453613598 0.7793628461284211 0.027632499978494707 0.7275961928370003 0.07128486136082302 0.7060620381206577
14 0.16952118467668242 0.7980082000996462 0.125636223663264 0.8157356091599587 0.10278843422122463 0.7591847122865648 0.14667283106507512 0.7414574315569055
14 0.33607853231330864 0.9216696788527253 0.2970449850629393 0.9340903079348462 0.2798855559827871 0.8801768633151549 0.318918540881441 0.867756330559943
14 0.45458795417800957 0.8970341935900769 0.3986714203210795 0.9083191511683837 0.3820503774473991 0.8259785287022753 0.43796571644600135 0.8146936953368684
0 0.2655490328002088 0.9473220887254199 0.26765481533766433 0.9099499059198347 0.3100491052534835 0.9123380463638652 0.30794355913519667 0.9497100039711709
0 0.3322942074611319 0.9838065131685363 0.296342371165224 0.9976662398848024 0.2814711428462715 0.9591012554302019 0.3174225836093001 0.9452416138068851
4 0.3466820632102099 0.7874933488289855 0.30308269907186514 0.8682628075639868 0.18020479740516748 0.8019446513293206 0.22380427516986856 0.7211765536410996
4 0.5388359178575683 0.879463957524272 0.4683573490322033 0.8794639575242718 0.46835839072809904 0.7589085958737865 0.5388348464500723 0.7589085958737865
4 0.29669604747880385 0.9674920516876175 0.2818082091340557 1.0032876751801976 0.20055915692569215 0.9695041820608851 0.21544715634081513 0.9337090221308726
4 0.0044234127844902105 0.9626131208432699 0.04247361762043056 0.9472443726623663 0.06084935405806391 0.9927263859355281 0.022799211470328373 1.0080950220691698