8 0 0.08739205825242718 0.014280063714902806 0.08739205825242718 0.014280063714902806 0.1355773640776699 0 0.1355773640776699
8 0.0956207030119458 0.06357090162609878 0.04693259419627793 0.0638467062210535 0.0465779267714197 0.0012343236730282363 0.09526600851393141 0.0009585191490494822
8 0.14236433612461497 -0.0008945509325266669 0.17037461020106548 0.00004260349808549262 0.16819487831162405 0.06519181314098692 0.1401846042423358 0.06425465903757999
13 0.15976083736018154 0.3894331650004339 0.1732405168177138 0.3891843119289335 0.17391661855754137 0.4258050565780057 0.16043693911547052 0.4260539090844974
13 0.15056935253528536 0.3908172150499989 0.1622744909868743 0.38911133624623656 0.1662605250858178 0.4164607664499611 0.15455538726280338 0.4181666423581283
13 0.12684737411825608 0.4072811743155532 0.11408930381480786 0.40754672285362536 0.11355929228011519 0.38208291821172313 0.12631732360375736 0.3818173700789235
13 0.11881533755411056 0.42866869763106497 0.11079644049596027 0.43128384841365597 0.10709928068081354 0.4199477701256113 0.11511816630672911 0.41733262135923
10 0.04111731470743507 0.19480732207056556 0.05694574611254666 0.21390303391904478 0.027946448670149948 0.23794017047455374 0.012118042525571582 0.2188444823584521
10 0.13600344855262847 0.28984501655605915 0.10904939551380721 0.29051377152372737 0.10770765409404248 0.23643431986846344 0.1346615898305572 0.23576556636073628
10 0.21209416408566995 0.2561251849093045 0.22619071914584765 0.2582313322983331 0.2212032093691505 0.29161225024283116 0.20710665494436853 0.28950610582291436
10 0.09014710570897932 0.09051670304915668 0.07898334390404216 0.08946153817576553 0.08069649035155635 0.07133633246533226 0.09186024703910789 0.07239149709066862
10 0.03333719054876383 0.1608939239091882 0.027731742831520023 0.1602671004423884 0.029829669205355458 0.14150629168079712 0.03543511210705219 0.14213311487623254
11 0.17359761116938444 0.47943616733894134 0.19201685732195983 0.481228863667157 0.189070291992266 0.5115014300867563 0.17065104643620543 0.509708737864075
11 0.05944135043091592 0.4111663259028473 0.07226160139646254 0.41122509485615927 0.0720451457694935 0.45844152614814954 0.05922489480542481 0.45838275737828194
11 0.05482636568660837 0.330407538410314 0.04317696589043862 0.3273777549553501 0.05124005718960234 0.2963765113521235 0.06288942307344314 0.2994062901667811
11 0.04111750796198521 0.45333680861174486 0.032496888879450125 0.4494060924705518 0.03802342905146361 0.4372863576070423 0.04664403472520462 0.4412170701940887
11 0.12488920823147964 0.28807738621721124 0.16459292082981847 0.2653844495221876 0.2134150014884426 0.35080152391983405 0.17371136973940793 0.37349435242177387
0 0.058404049042451334 0.46187114526392575 0.05127613124693653 0.4614885592626048 0.052860248037745805 0.4319771353896439 0.05998813717826579 0.4323597206196224
0 0.09695331347552383 0.44753810685828394 0.11815063699270922 0.45541191129096703 0.09872824331375796 0.5076959616124175 0.07753093606572747 0.49982218913630966
0 0.053814440357086823 0.3887732305784569 0.04603302915063523 0.38893614543861726 0.04513915206280217 0.34624218440150545 0.05292052544825765 0.34607926994180876
0 0 0 0.044303046436285104 0 0.044303046436285104 0.05772730906148867 0 0.05772730906148867
4 0 0.4336300938511327 0.018085761339092874 0.4336300938511327 0.018085761339092874 0.5097087378640777 0 0.5097087378640777
4 0 0.3634962346278317 0.044715809935205186 0.3634962346278317 0.044715809935205186 0.4392111941747573 0 0.4392111941747573
4 0.029823703138504243 0.47554073889894166 0.0420545865990789 0.47609322917132996 0.04057757585098898 0.5087885264444356 0.02834669248204591 0.5082360375278385
9 0.6786393611671429 0.30704620670128546 0.723460883617463 0.35814242317277795 0.6243002676933429 0.44512169302371635 0.579479149689405 0.3940258647816564
9 0.7369050419522409 0.296907698035016 0.7671431274864062 0.29725993771724296 0.7663892459870567 0.3619749983274007 0.7361511604677844 0.36162275979100816
9 0.9566026191226911 0.2650213483222259 0.9895409625523826 0.27277751943287887 0.9738525369613171 0.3394001917081997 0.9409142018540706 0.33164404502784395
10 0.5417929038876537 0.5097087378641281 0.5417934349651432 0.4476326722712921 0.613599669113114 0.44763325308042407 0.6135994638297007 0.5097089935463246
10 0.5409444553704361 0.05879992923821489 0.5755022657507425 0.059202501307899516 0.5747461940272842 0.12410548004922328 0.5401883836492516 0.12370290834306126
14 0.9942377573928525 0.45881355622974374 0.9553601051079568 0.4583606872498552 0.9560832181093701 0.3963013186587139 0.994960555350076 0.39675418580031707
8 0.7700985646030176 0.41442377979701706 0.8132958286142866 0.4149269655032477 0.8124643691082838 0.4863014571752798 0.7692671051358957 0.4857982739450367
11 0.4476046158255258 0.19610549217832027 0.5111039962419 0.2015644225533469 0.4999372469994796 0.3314558451396801 0.4364378691740285 0.32599694306711274
11 0.851725527946769 -1.0723489032927026e-7 0.8517255881974961 0.12451173201198057 0.7185150686199222 0.12451164082109271 0.7185151699563903 3.1180303187638855e-10
12 0.016264334123320623 0.8258430099086939 0.0006478903834477023 0.7694646915882278 0.06307436173574388 0.7521762302295957 0.07869107420731325 0.80855410754335
12 0.11745249339060138 0.5469464013394432 0.1647246209503237 0.5474970307443364 0.1637456824637411 0.6315313266146404 0.11647355496393175 0.6309807013758659
14 0.6349569636855676 0.7840473176180262 0.7054846518043405 0.8811261124702571 0.46823293668933275 1.053439824956126 0.39770963619412214 0.9563649819677833
4 0.37214746651056885 0.6964003594981725 0.38828877202695367 0.685425890784391 0.42264608153050176 0.7359511020172661 0.40650483593992703 0.746925497690736