4 0.2427632283498724 0.20186356259622795 0.3273909636201324 0.23193923800369248 0.27928149290335114 0.36730770780471794 0.19465384697889476 0.33723221829833544
4 0.10041107302572527 0.4699331789188253 0.10041153354632115 0.39389362165776043 0.1773520253972265 0.3938940497461246 0.17735194911256258 0.46993322674807886
7 0.1390627549404826 0.3311317687844191 0.08672777730407688 0.302477171352624 0.1161785528602195 0.24868968678201886 0.1685133038472486 0.2773442077060632
0 0.396429191127595 0.4378338013453391 0.386409984108127 0.43937054290969724 0.3845134882383263 0.4270064739079713 0.39453267904627864 0.4254697336083791
10 0.37973273942093544 0.27072307126948775 0.3882825645879733 0.27072307126948775 0.3882825645879733 0.3027138452115813 0.37973273942093544 0.3027138452115813
4 0.16002349891391532 0.6051023530200632 0.19388645828246354 0.6158992402477393 0.1759083033675779 0.6722783016079718 0.14204537190471456 0.6614814765754824
4 0.06121110140145447 0.7866967088743773 0.09734649164840903 0.740626270268434 0.1452035666103484 0.7781562463245287 0.10906853879248501 0.8242263513109545
4 0.029724453805783924 0.6618878924944003 0.04404370686359016 0.683465541135368 0.004456962703898171 0.7097320080895895 -0.009862169230245854 0.6881544666012462
4 0.19174970577910244 0.9595689989203607 0.2152900518764227 0.9593802299302124 0.2154966863614618 0.9851411172129422 0.19195634027300912 0.9853298854830774
4 0.36630688050365734 0.7411160605523328 0.34451699701628513 0.7484393070695345 0.33731013002841337 0.7269990773021198 0.35909991209234704 0.7196758492985693
9 0.2205002481059637 0.677268403795381 0.24190510454661762 0.6963696368020861 0.1961478496939435 0.7476372004598002 0.17474312846820794 0.7285361098131021
9 0.25829617194790444 0.9238022220749651 0.2769788385616039 0.9014513362196012 0.3115134499768146 0.9303107122242616 0.292830935488837 0.9526614556718896
9 0 0.7617928496659244 0.07215102338530066 0.7617928496659244 0.07215102338530066 0.9549927572383073 0 0.9549927572383073
11 0.24931090516770382 0.7343918694906066 0.28131095708147313 0.7639033304813052 0.0762172140966868 0.9862408045264506 0.04421828457236643 0.9567305100177494
9 0.09554650938923714 0.7146592356334802 0.10479294219089752 0.7226773966837374 0.09451481304245135 0.7345280853218342 0.08526839323997137 0.7265099381461365
8 0.6198400561276003 0.8889566377932197 0.6157129854310597 0.8188638174181372 0.7525494769639636 0.8108078167872272 0.7566777084556406 0.8808994087627257
13 0.37978211692654895 0.7442573697104593 0.4029842221202671 0.7383187158089555 0.411477635492588 0.7714964507865164 0.38827553899341183 0.7774350811959936
10 0.5369411923991265 0.6527367953771012 0.5284819957156515 0.6381075679767607 0.5551548343287322 0.6226862002927422 0.5636140308639597 0.6373153837552088
10 0.5372056735707247 0.5940893597937765 0.5408367887122267 0.6557258896399243 0.4320395964891759 0.6621336474569007 0.42840915887802566 0.6004977607252991
11 0.5785945517736764 0.6768049588901207 0.5872933061998538 0.750201163192621 0.4095316868830423 0.7712630709909714 0.400834521795673 0.6978683092126513
10 0.3899699799553673 0.7840539064588111 0.43445736349883646 0.7726675437861961 0.45296898947412956 0.8449796058918031 0.4084816443098589 0.8563658629073887
8 0.4737337306851259 0.8886172935240295 0.47404839675152743 0.8991099905089581 0.4174867587606741 0.9008056288430365 0.4171721759465754 0.8903130133629767