4 0.47577944576596565 0.2826383550159249 0.43348492794598315 0.29682796658044214 0.3952905979888328 0.18298496478374607 0.4375847884706445 0.16879541248893865
11 0.2726765196131282 0.17800821503345135 0.23525175623115047 0.18165735692965784 0.23120802020969222 0.1401855810722304 0.26863270631190517 0.1365364430381063
11 0.275045482537962 0.19986666152637445 0.2769078372051581 0.23540101950652326 0.23521195063085543 0.23758621583759473 0.23334964786806722 0.20205190767625383
11 0.2787659221129388 0.17076371317989894 0.3228489737429072 0.15522327060256444 0.350769878717756 0.23442469900531976 0.30668684791112355 0.24996510097690003
11 0.38344989523170625 0.3429264833176259 0.3698460639681116 0.3513969727183947 0.3452510174182635 0.3118979258870421 0.3588548012854744 0.303427455831958
0 0.4719200168714224 0.3809463313580639 0.45144416039454427 0.3820193859594778 0.44801302717837643 0.3165486746904001 0.46848874326235546 0.3154756237425965
0 0.3912161560367622 0.2869506100390649 0.40663622041927283 0.27692250831854526 0.44301981351725317 0.3328674522763134 0.42759977402567984 0.34289552240665216
0 0.41611600087071565 0.3449856448460748 0.4498795021222577 0.34732767847666157 0.4465074213351272 0.39593869184980085 0.4127439206532699 0.3935966646534989
11 0.4021427801800428 0.2467414498283402 0.41795714870181655 0.24125147998921423 0.4282574178712366 0.27092178204880213 0.41244305266366155 0.27641174510114086
10 0.417075518545289 0.39594137096457244 0.3911322141123037 0.39711790150524856 0.38838865768002506 0.3366215535939801 0.4143317883892905 0.3354450269793673
9 0.8182371774719286 0.1499731179820893 0.8376956730262464 0.11947396041501714 0.8879296858013959 0.15152311133259944 0.8684712376600601 0.18202222718820196
13 0.9622813884743664 0.4169757652141972 0.9854804755698297 0.46210542625468976 0.9278976840419091 0.4917040045517336 0.9046988326288101 0.4465745448106451
12 0.35782185668119837 0.8048317998825755 0.27034968413977367 0.8132435139184752 0.2540215894443918 0.6434573401938695 0.3414905661697958 0.6350457784731504
12 0.4688343451605306 0.6851775363987784 0.4376461346018914 0.8014151540818095 0.3260443025845916 0.7714741546801323 0.35723344900611664 0.6552379978078287
0 0.26204975561665833 0.5305431422797691 0.30510471622585555 0.528286938454445 0.3076836188854486 0.5774954505150798 0.2646286589792908 0.5797516449651888
0 0.04167422091973094 0.6979123481652272 0.13255592791779236 0.6931502419706052 0.1390230407605486 0.8165503860017934 0.048141339545509254 0.821312424530257
0 0 0.8898483958810068 0.04527125629290618 0.8898483958810068 0.04527125629290618 0.9997600446224257 0 0.9997600446224257
0 0.2810723286099801 0.9999999975410471 0.2810726452179324 0.9565931956289446 0.3301450541482609 0.9565935383941931 0.3301450547703553 1.000000022959729
0 0.3427312911376248 0.999999998422132 0.34273161633825566 0.9609742086522741 0.39160596795807123 0.9609745727938039 0.39160592759833435 1.0000000779518725
0 0.4394779173558163 0.7591019285874858 0.4757957443492842 0.7578567807847527 0.4771142669604842 0.7963077794048044 0.44079644023554465 0.7975529215356879
10 0.5087401693972424 0.8656139634917798 0.4656155754385054 0.92043281746429 0.35918535734003854 0.8367245422289428 0.40230947339773593 0.7819066604763585
8 0.5389017070900763 1 0.4979389748283438 1 0.4979391641568327 0.9718186933638443 0.5389015504239296 0.9718186933638443
12 0.5639319573161856 0.47210465028908394 0.6025204564637079 0.4301089236177641 0.7086713615494773 0.5276402697154879 0.6700833433960725 0.5696355268540834
8 1 0.4691075448440644 1.0000001080987886 0.5556261727693161 0.973810092451231 0.5556260804677223 0.9738101606876626 0.46910762764659797
8 0.936965428411213 0.8320055187804686 0.9355280770483887 0.8045831562246467 0.9629504330002874 0.8031460998000571 0.964387872852285 0.8305683684776318
8 0.6815610797590352 0.5933290054151344 0.6801609230871009 0.566613828038583 0.7094889219237075 0.5650768757614103 0.7108891439013405 0.5917919842123212
11 0.8899122552480776 0.9169643129641298 0.8884248766889868 0.888582312953815 0.9779483889649327 0.8838917683395564 0.9794360964972384 0.9122734143786511