0 0.3133977622214843 0.010862292236646252 0.34434596548294394 0.019929795005567505 0.3340045510968821 0.055225962140407314 0.30305634863429987 0.0461584610573311
7 0.3583013592632369 0.09176979929216018 0.3940848197685227 0.1340008036801912 0.3434933247604022 0.17686802790990885 0.3077099258225644 0.13463708189080925
11 0.07568728708679373 0.15313610083320395 0.022179719397627196 0.13962149442175154 0.05973083323749506 -0.009051538888610556 0.11323819815549996 0.004463038344467043
11 0.09599378447580875 -0.005590033952560112 0.1433821210825954 2.683593012484842e-15 0.12161982836300922 0.18448481663601868 0.07423149297835607 0.17889479834291347
0 0.24819782708823368 0.15471027905824547 0.4232706752732156 0.200061009153777 0.37497955872822786 0.38648102997021677 0.1999068369499355 0.3411306593277359
12 0.6014627094017442 -2.5612569523557e-10 0.6014627099850713 0.016266888875743634 0.5502572674733983 0.01626688854681541 0.5502572678969955 2.8390699554331654e-11
8 0.9313339315567646 0.045149024006300914 0.9832746034401225 0.029377368214758177 0.9945522025928994 0.06651777484178667 0.9426115326303943 0.08228942548366239
9 0.8033252116234735 0.16527462491136583 0.7600033230804684 0.0789388302431273 0.8876642454101784 0.014880843688747139 0.930986151478578 0.1012164507685914
7 0.9062205954348883 -3.3134915862541647e-10 0.9062205958066443 0.018323047137754584 0.8751117617593991 0.018323046714421705 0.8751117621753792 6.819018541553192e-11
11 0.3703034050399765 0.44487928595066445 0.3605726289515587 0.4803091005570279 0.30600198487195485 0.46532212132491385 0.3157328461538782 0.4298924472934049
9 0.23098780199268276 0.41880312109061246 0.23098814835987014 0.4812621079244943 0.1765073727158324 0.48126217444598757 0.1765072592592105 0.4188034188033883
9 0.28822412984118273 0.5698138819667745 0.22774876173730263 0.587491730491801 0.18261041540949918 0.4330852542955626 0.24308433938631424 0.4154076348429636
9 0.2524667877108868 0.4513739897705413 0.33143258345887716 0.426586061123794 0.37111437222449695 0.552989663039706 0.2921486913252238 0.5777773393983915
9 0.4772060304359229 0.47423800714283687 0.44649778948200947 0.5860469784197027 0.3479632501919241 0.5589861247424673 0.37867204536826193 0.4471780706714147
9 0.5298951952637481 0.48870865758542104 0.5070692961884333 0.5718174495095956 0.42710453900315315 0.5498565276663143 0.4499307692307184 0.4667482991453278
0 0.39174778942924604 0.7906609324087804 0.32671789051414635 0.821376152779993 0.21984136977266644 0.5951299908874974 0.28486835015542056 0.5644155789529242
0 0.34145926173891894 0.5499645798317195 0.409906902983721 0.575776768946459 0.3641426078348786 0.6971183055753987 0.29569513399962943 0.6713064354129287
0 0.44483474748381013 0.5699570069585081 0.5073859398494278 0.6179327401881324 0.41176003827149543 0.7425935118200282 0.3492095048582087 0.6946185365940265
0 0.4495757857590661 0.8761703342669498 0.3596177502072351 0.832463202551958 0.48970958901907125 0.5647592493613987 0.5796625492444036 0.608464909201697
0 0.5299150931535905 0.776467301994302 0.5069908769373797 0.776467301994302 0.5069914320015414 0.5374598447293447 0.5299145145025932 0.5374598447293447
4 0.3411162537153132 0.8774528037573472 0.3963020656668732 0.8208608903023017 0.5359196007630089 0.9569757589463517 0.48073533535807655 1.0135661354810848
4 0.5181563764394923 0.9091134770088548 0.4587488493532419 0.9048418272240051 0.4684812649354626 0.7695315242757382 0.5278867200951254 0.7738030988368266
4 0.5146358793715535 0.9580508383941126 0.500358583586376 0.9570242911265351 0.5048689310281134 0.8943123577731532 0.5191459757834309 0.8953388960113947
11 0.8867287256204008 0.4517091139936057 0.9512721668210133 0.44242352519138906 0.9785271461640832 0.6318552358237192 0.9139837374610806 0.6411406767217132
7 0.9004657158101281 0.4905790684372874 0.840594308127379 0.5066631496547189 0.8207681161992468 0.4328658182343733 0.8806389159877881 0.41678182293071525