9 0.31503280827655544 0.3862057746781241 0.20076949509552833 0.4399274661217117 0.11701470111449908 0.2617895495241923 0.23127612994574065 0.20806837830539857
9 0.2420459119178986 0.13744226691527636 0.2830209663088681 0.15684575881810298 0.24715836380926248 0.2325773241934963 0.2061833376286586 0.21317387788032768
9 0.2716012737739675 0.531999408095903 0.18184895539661738 0.5376719818577054 0.17485323012647314 0.426981060428291 0.2646040740423814 0.4213085339203045
9 0.1865234375 -1.1866542986594615e-8 0.18652345086206878 0.06077296620791972 0.10156248995167516 0.060772955362955974 0.10156250085185548 2.1957841350445825e-11
11 0.8717387811680055 0.3859474140471516 0.7722025313762515 0.3937688461019136 0.7525925122226909 0.14420327887195783 0.8521268568481446 0.13638191942649897
11 0.9869605650576432 0.7273044667419408 0.9712715825226041 0.7654258411112911 0.9319174213669612 0.7492320180886061 0.9476064693280932 0.7111108251584108
11 1.0000000498414465 0.20169784895833331 0.9598892794991798 0.20169784895833331 0.9598893353825133 0.1460454982638889 0.9999999888090088 0.1460454982638889
14 0.17599509575882166 0.621017125031698 0.22528392169988365 0.8311933427398355 0.05152654816311042 0.8719300687901601 0.002242617101160249 0.6617580613884176
14 0.2487878603515128 4.721135855297408e-15 0.32997849868831963 -0.011834057612199776 0.367860958728329 0.24806742393907832 0.28667033077647375 0.25990141895153956
4 0.4870934372368083 0.7382116742662912 0.4520466412240012 0.7585773717661372 0.4161830696141351 0.6968700571708977 0.4512294345030341 0.6765045190798163
4 0.7484353723472168 0.8492925296083857 0.8021983231394643 0.8296040415090441 0.8348483183690405 0.91874022183233 0.7810854960914639 0.9384284580792099
4 0.6491238410851565 0.27890281620995655 0.7268608089963209 0.36635265048647647 0.6039067968118843 0.4756446520205125 0.5261706695953308 0.3881956341650259
4 0.7215161391243328 0.09085913022584431 0.7864594818345267 0.10912431312592881 0.7494932700634536 0.24055967365402728 0.6845499512500055 0.22229455326626063
7 0.5685015593667231 0.15636345869982388 0.6265108879669015 0.14292901640823583 0.6461112111452394 0.22756156167324165 0.5881018948975907 0.240995970445913