8 1.043179279694641 0.22804587567112233 0.964984415226354 0.29967156757369406 0.8740940574991782 0.20044626905260834 0.952288592531886 0.12882085677702834
8 0.7028722583088438 0.3440645917809793 0.6774654951118464 0.25879263808185776 0.8040864210336167 0.22106675684866517 0.8294934608527456 0.3063382239431463
7 0.9808618055521947 0.03365916593501062 0.9758653953865633 0.09191485283744649 0.9001664610718763 0.08542235528870955 0.9051629072333753 0.0271667129945734
7 0.7853123375095947 0.17090503136767143 0.8118841514252608 0.09977659798280718 0.876030070217098 0.12373980177632324 0.8494583876646402 0.1948681224858654
7 0.5359579498714311 0.40410803213368524 0.5544124182596306 0.35843452499587647 0.610424913371503 0.3810654363202567 0.5919706382060212 0.42673878027677475
13 0.14702241289830908 0.5952920053310724 0.10129677138309034 0.5837430551266903 0.11030593112013776 0.5480774374951265 0.15603129090857237 0.5596263502028191
13 0.24610475067288462 0.6158351573602878 0.27122117477256324 0.6305229811283616 0.24518156875853947 0.6750454841802052 0.22006519976685013 0.6603577348358276
13 0.20009473963682467 0.6980693463424126 0.19576468527441193 0.6669360327087692 0.25112755300040135 0.6592371055570864 0.25545775705643337 0.6903702394966144
13 0.3604821166243255 0.7866629557838014 0.3673610543975201 0.7597662075514171 0.40201540955365545 0.7686275610584338 0.39513660427360264 0.7955241950711661
11 0.48640543690930826 0.5984713417156337 0.46236722108039885 0.6009390968799921 0.45812603807576124 0.5596295950985017 0.4821640800637397 0.5571618489001711
11 0.44008604577152255 0.713195932196759 0.4165803476569181 0.7290893821391269 0.3932592204265575 0.6946035613505112 0.4167647660668763 0.6787101825192716
11 0.25876586851541106 0.7065223273390061 0.25712170252222677 0.7250241497646166 0.22474879215542387 0.7221476857397676 0.22639301700655778 0.703645928679035
9 0.5089976086227352 0.8236871683804627 0.4796702065818863 0.8236871683804627 0.47967037024409365 0.7756628316195373 0.5089974293058503 0.7756628316195373
9 0.16112862481202228 0.6061045602555377 0.1497214035093748 0.575790361904919 0.2006114818543665 0.5566423617635746 0.2120187659709245 0.5869564150514155
9 0.07070518954708405 0.6862277889647492 0.053478007596709176 0.7083730903050014 0.031076188117936 0.6909488142855785 0.04830333931613495 0.6688035788253208
3 0.4989783978160176 0.9091040801351795 0.4727354674455455 0.9108700930481671 0.4693972702394831 0.8612739225755033 0.49563985060683535 0.8595079214663776