14 0.5679184794921639 -2.325781558153378e-9 0.5679184826625487 0.03254039272608675 0.497492938090204 0.0325403903678976 0.4974929405951798 2.3327539148390967e-11
14 0.5667516136736594 -0.0012465678059148597 0.645213517098 0.0001856136358299419 0.6422788173138088 0.16096257480561885 0.5638169140639775 0.15953039619683188
14 0.6941414758330211 0.22396549678966782 0.6423512855050149 0.223532657321564 0.6433270114066545 0.10680283626602691 0.6951169176638814 0.10723567460407775
14 0.26253823632816875 -7.592465456270237e-12 0.26253823633692264 0.005099253475765539 0.2516315703013561 0.0050992534633264135 0.2516315703124974 3.764717593295793e-14
14 0.41626211782465816 0.3467232151813442 0.3366335265334328 0.34922677450750844 0.3310063971191539 0.17023608354383704 0.41063389658631877 0.16773254107815985
14 0.9198117821306369 0.000002691337672004972 0.9796924519181403 -0.00868700788250024 1.020019840888608 0.26920754955857557 0.9601391820447134 0.27789719700957044
14 0.8553802234891918 0.5842615907995913 0.8864910602959526 0.7696460212507907 0.7293232805885737 0.7960145600373988 0.6982159013433602 0.6106331635838582
9 0.5971835787016744 0.6545397766130939 0.6868087915856904 0.6520640404253083 0.6900627706412479 0.7698453768710948 0.6004375591768394 0.772321081455056
9 0.9811736717953181 0.3843487583374958 0.8791193635180434 0.43309882843821945 0.8062519386592157 0.2805607709359158 0.9083047348392483 0.23181113060685105
9 0.9099275522617063 0.24852551842665688 0.8809994994689987 0.2203728684491954 0.9284322746871112 0.17163438372116918 0.957360262797124 0.19978697285513203
9 0.8601647853197392 0.5135029134485863 0.8557029377517438 0.41825153585025693 0.9368820884577644 0.4144491561574698 0.9413444573523293 0.5096999846097238
9 0.8594106409483402 0.11324274044031363 0.7867838544260621 0.09661804004424274 0.812369794595611 -0.015156328493586418 0.884996425131817 0.0014683506323735825
9 0.6975755825826582 0.33681529663712323 0.6588586991832699 0.3466743637816926 0.6364838100918178 0.2588092719454676 0.6752003884640772 0.24895024561847653
7 0.2777961376953044 1.775240261904759e-14 0.29486804272039535 -0.007609827431391729 0.30454454814639575 0.014098468035648758 0.2874726432899024 0.021708295256931447
11 0.15784552942011487 -0.005025370490001996 0.2161455348788195 0.00028599538165815255 0.20316933477090515 0.14271856735914962 0.1448693313483318 0.1374072101897043
11 0.27384504800397735 0.37048855295848654 0.206581802933556 0.36108101275235255 0.245699432838137 0.08140459850235458 0.3129612763551677 0.09081203404405644
9 0 0.3472222222222222 0.0483749453125 0.3472222222222222 0.0483749453125 0.4821650503472222 0 0.4821650503472222
9 0.09990564017073211 0.6772608553512466 0.06352117931044177 0.6761826440251804 0.06578085062858463 0.5999493361479747 0.10216477447477246 0.6010275395357922
9 0.09857181256779768 0.24449175085500668 0.07577590941707513 0.22849944828078628 0.12302145414389543 0.16115522758046621 0.14581727574966408 0.17714748959698293
9 0.05824389381450601 0.15399932409405898 0.04367505841184993 0.1533168481265429 0.04592362453570331 0.10531724027553108 0.06049243195627696 0.10599971558059797
10 0 0.4858353454861111 0.009740142578125 0.4858353454861111 0.009740142578125 0.5530566111111112 0 0.5530566111111112
10 0.09089507621320081 0.38102330967950193 0.07309687800682241 0.38138901113359325 0.0718114036044426 0.318826412584471 0.08960948526441825 0.3184607123135115
11 0.13976098017121785 0.43093958990602094 0.15626345182522527 0.4198303861079262 0.1749243289352762 0.4475491046351383 0.15842187736507185 0.4586582835967076
11 0.11424248001605974 0.21468935290250382 0.12808080699460334 0.21115512500521327 0.1325594126786882 0.22869092382799477 0.11872108649845359 0.23222514956684234
11 0.21591524899997694 0.6965062455021696 0.20087060996536366 0.6966139185931257 0.2006070321348261 0.6597821783187392 0.2156515564373649 0.659674505638986