13 0.2846060466666813 0.25886396549773544 0.2360376718546604 0.2208917040787024 0.4015634337549727 0.009178049487487338 0.4501314429296599 0.04715008903637303
8 0.42426714143920596 0.08401791604477611 0.46898263027295284 0.08401791604477611 0.46898263027295284 0.23706698880597013 0.42426714143920596 0.23706698880597013
0 0.3908539702233611 0.38992537313430614 0.39085415975273463 0.3342566551179773 0.42768263670620854 0.33425680343205333 0.4276825607939827 0.38992540747722865
0 0.16653838687147982 0.300741390045572 0.13149428066355995 0.2832876200983299 0.16090894642411513 0.22422961274209924 0.19595289827998386 0.24168333675079864
4 0.44992087339664977 0.29262308960227906 0.4774208678894638 0.2985093077682977 0.4591069737948601 0.38406765109864244 0.4316069870225192 0.378181459514234
13 0.1605094848821409 0.013030683130494032 0.22411566532821325 0.09604645084358501 0.0628738288361319 0.2195879885167988 -0.0007319851769125307 0.1365725716872831
9 0.9211808179363743 0.13493017415082506 0.9390127774038319 0.11211742904366517 0.97844909707851 0.14294331409468075 0.9606171636874024 0.165756035193872
11 0.909635079778127 0.000737187640970632 0.9776853430809069 -0.019437404124515553 1.024290278581475 0.13776404852947086 0.9562400325684166 0.15793860301671164
7 0.46898263027295284 0.037981951492537316 0.550745094292804 0.037981951492537316 0.550745094292804 0.1687180130597015 0.46898263027295284 0.1687180130597015
11 0.8576996982726541 0.23813063219219693 0.7089600942384777 0.23331621613982062 0.7166633479832853 -0.004653688031845142 0.8654017687993019 0.00016070967268963895
14 0.665246816744343 -4.666678841579679e-8 0.6652468712464952 0.1040928967535739 0.5417679097839709 0.104092847610713 0.5417679604548766 1.2994887243854474e-8
7 0.5783819402130348 0.3899253693381722 0.5783826976837645 0.24714617280020812 0.6715941160275634 0.24714684490141003 0.6715940111193959 0.38992537261478166
14 0.40152748656339554 0.49257014221475404 0.3685610110443349 0.4884314245218789 0.3755276569340822 0.43294411293623486 0.408493875983595 0.4370828143562214
0 0.30065693822848516 0.4426159173882099 0.3733102689449197 0.4480197291206574 0.3651792569509098 0.557331847115439 0.29252593126170723 0.5519280805302408
12 0.257591077839038 0.5411522916674776 0.2738704017464215 0.524477590395683 0.29592095253644857 0.5460034007903185 0.2796416716815884 0.5626780594568412
14 0.1419908220484558 0.6332560932110833 0.10073013664475639 0.625022560672315 0.12262468787162106 0.5153168247879449 0.16388455210915254 0.5235502705223917
14 0.24616705629875923 0.711012957981583 0.16906448921668016 0.7239204954813532 0.14346293596247506 0.5710013249296773 0.22056325592791381 0.5580939770389586
14 0.4184211814808805 0.818875356281236 0.3546000281396573 0.8077804216585217 0.38626232219132817 0.6256892540870842 0.4500809379898101 0.636783963018453
0 0.2857101957466739 1.008262989237722 0.23516909224110805 0.9579195523953247 0.3399583412153788 0.8527474953129703 0.39049838149605876 0.903089878744497
0 0.4062082672346605 1.0008629704061014 0.36587089912165993 0.9723394397728741 0.4209894496675588 0.8944142244839756 0.4613260355646389 0.9229373624038555
13 -0.0017650339261763293 0.7517048967771456 0.00007752519820769521 0.6819073826606769 0.09248795902442453 0.6843464082834986 0.09064612757822488 0.7541432119518358