4 0 0.7430555555555556 0.046875 0.7430555555555556 0.046875 0.8263888888888888 0 0.8263888888888888
4 0.07968033412191744 0.8868861686389311 0.04361683675722361 0.9409699121735545 -0.03170607012543769 0.8907553851331227 0.004357287783591346 0.8366723061901153
4 0.27790887343951454 0.9999580084359666 0.24975120912267812 1.0241308971550716 0.20343416038053874 0.9701939930170885 0.23159147200180996 0.9460213559973658
4 0.5516520732928711 0.6456470549902409 0.6388333354124143 0.6934108912788093 0.5969820803063612 0.7697883224096803 0.5098011376952627 0.7220249340277692
4 0.6311141901705923 0.9741352894474982 0.5824945330638229 0.9581600321814133 0.6079134953004086 0.8808214364437761 0.6565321174285828 0.8967965094355534
11 0.5477343862792168 0.8539293156066047 0.5725995327967439 0.8771173759771491 0.5479148721957472 0.9035810345441959 0.5230498347236789 0.880393086510349
11 0.7802769894675521 0.7870452573660602 0.7339308274947598 0.7852151876486531 0.7358646790363537 0.7362572844443005 0.7822103136601299 0.738087343722642
11 0.8824654595440506 0.5416325366017518 0.9341794167844455 0.5692577274781794 0.9046575259327483 0.6245164364717048 0.8529436747243153 0.5968913997529552
11 0.9164301240308532 0.6547056024972091 0.897447765542779 0.7052372115448361 0.840598283629447 0.6838841730085853 0.8595807760603975 0.6333528772266219
11 0.9465787569382655 0.36855538493943274 0.8991151333076459 0.48869361935196654 0.8149250764270164 0.4554334250305499 0.862388966318349 0.3352958628152702
11 0.8579723552322776 0.8425308695125413 0.8914656433117898 0.8969705287335324 0.8307008693552689 0.9343456750789075 0.7972081821847041 0.8799065405899887
11 0.8462798127577571 0.909302875996304 0.8632722421004928 0.9175290924675399 0.8337864358419438 0.9784198230782197 0.8167940578707658 0.9701936866349298
10 1.0000008272641026 0.8802083333333334 0.961855563220297 0.8802083333333334 0.9618563380807927 0.7094817135416667 1 0.7094817135416667
10 1.0000000635200195 0.6625565243055557 0.9830167951507747 0.6625565243055557 0.9830168448172572 0.628802048611111 1 0.628802048611111
11 0.5529874501072527 0.9822756744567557 0.5624738050806855 0.9476383505313396 0.588643772451519 0.954803697416838 0.5791575793389256 0.9894408824033258
9 0.7214350822231381 0.9146215697795153 0.6690172500262861 0.9013203095327676 0.6938866515301925 0.80334051096418 0.746303140595046 0.8166415907372224
9 0.7733196825701043 0.8795973881868304 0.7979828636781576 0.9428713113519903 0.741084823685128 0.9650428825660882 0.716422280909569 0.9017694993111296
9 0.849871733443365 0.7444126029058007 0.8302878054366829 0.7923184431758047 0.780515972138005 0.7719749832254699 0.8001000082419978 0.724069438958601
9 0.9494332282762343 0.8287766942771236 0.9637852428649012 0.8456564677335302 0.9004997656620617 0.8994524431724793 0.8861479473187046 0.8825728544167172
11 0.8910335189274292 0.8534188647930097 0.9104044109411689 0.8668465094212344 0.8876922620582945 0.8996036455387294 0.8683214290733758 0.886176072297526
9 0.9125099347197647 0.9354348501867159 0.931942404174265 0.94084921400144 0.9166359885456359 0.9957693694002093 0.8972035372452183 0.9903550510083852
9 0.9261388916015676 1.0000000000000029 0.9261389333657917 0.9897226142956179 0.9439426302309357 0.9897226809987972 0.9439426162108475 1.000000038932339
10 1.0000003847536618 0.43425278125 0.9640486556966152 0.43425278125 0.964048908043651 0.2748314756944444 1 0.2748314756944444
7 0.8164061693890972 0.17361113947424953 0.8164062774206968 0.04861105768749345 0.8828124972977776 0.048611140865291134 0.882812527861006 0.17361108782050738
10 0.8557200078356573 0.9744344638990777 0.8616756864333865 0.9940325357430239 0.7996371897605741 1.0128794154822955 0.7936817361797921 0.993281535271059
4 0.22028430619695882 0.27049749638574944 0.08676560846663506 0.29921192611413466 0.022985784324987435 0.002642043136537395 0.15650216477376944 -0.02607208111174935
4 0.12891251207543064 0.4160111132190273 0.06912505675825287 0.42641790056911294 0.043642963248316846 0.2800256245056042 0.10342948709217126 0.26961892070119986
0 0.5333967797538435 0.18127477046650836 0.4124144341584497 0.2582935959201847 0.25878794003278927 0.016974933898243456 0.37976902965351655 -0.06004331370255393
0 0.4881787646484099 -2.9095656485294335e-9 0.488178767171803 0.030155953306558545 0.4176691078398562 0.030155950894358248 0.41766911035153953 -3.954261879854691e-14
0 0.7997111787287849 0.3553536525121771 0.7709290233592583 0.587695415147606 0.47650124228016466 0.5512191196262322 0.5052874168210337 0.31888197289816816
0 0.45341682554976614 0.7519944148784707 0.406600075620986 0.7109703519386411 0.45486625276191717 0.6558976855485665 0.5016825715816822 0.6969214264253972
0 0.5092832061557147 0.8839427060781613 0.5407589510001571 0.9086260939448425 0.4848298130070816 0.9799267091077064 0.4533543500660926 0.95524363846521
0 0.6206004492187276 0.9999999999999557 0.6206004699785126 0.9932899813432678 0.633331528298072 0.993290012865502 0.6333315205077952 1.0000000185637499
4 0.3470502286148758 0.30978985605208237 0.4865377694335393 0.35340570818588807 0.3733280859921706 0.7154340088214556 0.2338411257454709 0.6718194472175745
4 0.7025830279014826 0.7049983327858255 0.7189419676193438 0.7502508204847627 0.6092686310721547 0.7898902894199797 0.5929103969516518 0.74463839862208
9 0.693836400627788 0.8539874500795844 0.6627246318812468 0.8200767126500176 0.7259645237210179 0.7620683840228515 0.7570760053138201 0.7959787632364729
10 0.9557697069482174 0.7587759436318874 0.8792018270842163 0.7707562948094759 0.8668421574434433 0.691773120296595 0.943408708984407 0.6797928750000006