12 0.17741342200247345 0.8054172998653969 0.07839168228474591 0.7757692215636243 0.11949884464365823 0.6385038389723926 0.2185176393686561 0.6681514436685513
12 0.07986111111108585 1.0000000000000537 0.079861170629556 0.9924932956060979 0.11026492418102407 0.9924934566983927 0.11026489930520711 1.0000001265908074
8 0.3551703258337966 0.8243052466954159 0.3514036429534144 0.7433507218691918 0.5017708952784687 0.73635482450585 0.5055389565681025 0.8173079143166846
8 0.4929273874362252 0.5905253499586565 0.49198398883743266 0.5085845569629047 0.6609976121557111 0.5066382836789426 0.661942156966461 0.588577911721882
11 0.9087221744393901 0.6895958577760694 0.9061507684841672 0.735221764101105 0.8123056093031664 0.7299329161140469 0.8148774512226282 0.6843074741036785
11 1.0000004386159844 0.505364025390625 0.9262034905377732 0.505364025390625 0.926203930525503 0.4190108730468749 1 0.4190108730468749
7 0.9983405620154144 0.5204288279652233 1.0098218528266898 0.5872463350309295 0.9264016193595808 0.6015784663182316 0.9149208691051172 0.5347614330175662
7 0.9375 0.63122582421875 1 0.63122582421875 1 0.6982009443359375 0.9375 0.6982009443359375
7 0.7013887703203636 0.6796870618011671 0.7013893328455651 0.7436450622041165 0.6041665858671195 0.7436449836199992 0.6041666944904591 0.6796876488049463
7 0.413387685357975 0.8979152992093935 0.40021293368931765 0.837931793290618 0.4972241328897553 0.8166288111298294 0.5103994350014318 0.8766115384408659
7 0.23738705433765972 0.7855403091457253 0.17511325494660923 0.7793507194820107 0.18137499385500178 0.7163670018835424 0.2436479094767492 0.7225565476600935
7 0.20727539153426733 0.9303769722006197 0.1491560523724047 0.926095225556621 0.1533760292977604 0.8688355674197171 0.21149446172273656 0.8731172806216109
7 0.16085671488349362 0.9475663417306558 0.20129320197270317 0.9162996446599959 0.24628627902177413 0.9744722260921195 0.2058500898631337 1.0057385858969905