4 0.05504954127559358 0.7783127585762475 0.02165171748447392 0.7919981048145864 -0.010599880810559625 0.7133037396446276 0.022797370390321703 0.6996185259965497
4 0 0.6627490208333333 0.0041151279296875 0.6627490208333333 0.0041151279296875 0.6808402100694444 0 0.6808402100694444
4 0.0366583141992578 0.5890766979090146 0.023827370656817948 0.6465020432336198 -0.012831084508434287 0.6383119870708553 0 0.5808868437500423
4 0.016827237102120307 0.5434171260487781 -0.0008432569742353735 0.5425320181016361 0.0010754714035101642 0.5042306351682946 0.018745856847317555 0.5051157403777582
4 0.027775763943168386 0.3976501908626675 0.06764382768392352 0.3824955036143702 0.09882302436756163 0.4645155024522144 0.05895500624592387 0.4796701019753637
7 0.006686763604761836 0.7246117414275873 -0.009622112192232635 0.7183198759741051 0.005023074015753082 0.6803646042897967 0.02133182434442915 0.6866564429655326
7 0.036307979275647995 0.5244922497530927 0.053605750486212855 0.5265506414564681 0.04830267712031855 0.5711112403833191 0.03100490726751559 0.5690528563506523
7 0.02120877429979373 0.44588189957481245 0.04066767290896678 0.44379011738227025 0.045703007348151914 0.4906285193842843 0.026244109866865983 0.49272029457880234
4 0.20012501231531132 0.9711300937465804 0.19564934105255816 0.9958168634031886 0.17544419405271583 0.9921547146026015 0.17991992368365572 0.967468020703777
4 0.3976203281249582 1.0000000000000293 0.397620340780918 0.9930101852888307 0.4064724290411732 0.9930102036310104 0.40647242578120313 1.0000000089309495
4 0.3599656799351578 0.9733160629814985 0.37449572676075604 0.9728637240506387 0.3753399053496196 0.9999724723967243 0.36080985861144654 1.000424809483385
4 0.3970359952789977 1.0007867666258516 0.3886489335937995 1.0000000000000007 0.38940152202962963 0.9919798327866185 0.39778856335317414 0.9927665984514602
4 0.4095499677520138 0.9110915103023214 0.39741680721238026 0.9349268814914521 0.37757472438931927 0.9248289987265375 0.38970789612869794 0.9009937017052945
14 0.28853405566405854 0.9999999999999839 0.28853405850566105 0.9974309665611708 0.2937622000168858 0.9974309718068737 0.2937621992186905 1.0000000032017615
14 0.2743063979968383 0.9972814168125906 0.27654844204823803 0.999797171030423 0.2734970433922399 1.0025157526526882 0.2712550009765664 0.9999999999999745
10 0.022672025335850776 0.9439008768424503 0.029966805352955816 0.9456262291145175 0.02358234074893062 0.9726121980185924 0.01628756312754831 0.9708868527315825
10 0.01525808175711063 0.9803118913292687 0.019139707932708916 0.9814973653128699 0.013908493399867439 0.9986209620553366 0.010026868615113926 0.9974354912721292
8 0.05431349010461872 0.9999999995893474 0.052078638472949024 1.0010837343669976 0.051206683695568245 0.9992861563230707 0.053441534179683 0.9982024218750181
13 0.1816338760012286 0.9697208483085972 0.17505179658189718 0.9726661446128954 0.16891114102008942 0.9589470120291662 0.17549319531246965 0.9560017222222364
13 0.16387931426356772 0.9987308575062149 0.1651433781820515 0.9996154315556822 0.16425497976035786 1.0008845738407852 0.16299091601558757 0.9999999999999857
10 0.499823263079179 0.9498846564468667 0.4967758706567338 0.9483217474695388 0.5032994976928649 0.9356053079435317 0.5063468797540054 0.9371682137106115
10 0.24191058564304058 0.9367896304591296 0.26796686906595824 0.9365027477341842 0.2685613299332772 0.9904799592569239 0.24250504654764882 0.9907668397117237
10 0.2193835509724522 0.9619584595622089 0.2077500812222297 0.9586772308157805 0.21450516590800817 0.9347340876239183 0.22613855681095174 0.9380153045771411
12 0.1464563778373531 0.999999999900314 0.14645649096667057 0.9707298312074932 0.16734783486288052 0.9707299244096553 0.16734781351362926 1.0000000013492791
12 0.13750735810481274 0.9562036421727499 0.13100742465451276 0.9541300293580827 0.13723250347311478 0.9346223317301655 0.14373240140253074 0.9366959384425338
12 0.1468649307164469 0.970047247017764 0.14155618385666457 0.9688233227921182 0.1460876656955179 0.949173725135082 0.15139638246591858 0.9503976457521894
12 0.1418111483735629 0.9993453697361387 0.14247878034609585 0.9999253137964286 0.1419099570960043 1.0005799439837004 0.14124232519532143 0.9999999999999769
0 0.20236071887563867 0.9489289883995706 0.2104736173744186 0.9510100888321568 0.20599962460698862 0.968446497308464 0.19788672813376706 0.9663654023457445
10 0.49136057463408633 0.8776715647621748 0.4778079440517331 0.8722030255922136 0.4912735109398909 0.8388391350913756 0.5048260290006965 0.8443076487713576
12 0.45864952100214396 1.0005295130912142 0.446404945473887 0.999996453701935 0.4471342219713961 0.9832504657894588 0.45937873558477804 0.9837835238293392
12 0.4434515788718727 0.9502169552085512 0.4504230182961919 0.9486441380899846 0.4568802599216042 0.9772575381395228 0.44990882273214083 0.9788303484872967
12 0.4456960916090793 0.8953442103811049 0.4532411568526413 0.8958063636537382 0.45124465975300154 0.928392790125007 0.4436995946986144 0.9279306389458647
0 0.5748992272067426 0.9102542286839641 0.5960114158206125 0.9399188391898005 0.535153211026568 0.9832190440978438 0.514041376940213 0.953554752405389