11 0.07223942200801048 0.11737352894424513 0.06336122105687991 0.0027717684327944934 0.24064850630270485 -0.010962691812817628 0.2495268623465563 0.10363886827683658
14 0.26188777762843074 0.3257645080854634 0.17212641417893337 0.38670513448888527 0.08254256481905031 0.25475686419234933 0.17230301930089809 0.19381666157463523
9 0.5216992368211777 0.14935462950267392 0.5434234811669967 0.1558410181435085 0.5321793366344991 0.19349963185137625 0.510455095094926 0.18701324986764856
11 0.6626931380845917 -3.6817003297475207e-9 0.6626931421940299 0.03545866520024003 0.5869143040027893 0.035458662082056995 0.5869143073496161 -1.2374345557568995e-14
11 0.628794531181029 0.1505398230404885 0.6678485321907601 0.15693312892327352 0.6456709298984151 0.29240490791124285 0.6066169358973639 0.2860116315693391
11 0.7035447048137939 0.4699699529923561 0.6257346040346192 0.4730679259770491 0.6205365266037006 0.3425020124077471 0.6983454168104117 0.33940406293888514
8 0.23877956902788355 0.46048552775546825 0.28328110833240316 0.47312613273106746 0.25687059285610303 0.5660976315397671 0.21236909304798246 0.5534571225773594
8 0.26899577935205343 0.7632392151922367 0.2154005373555492 0.7590381296401201 0.22174932917369006 0.6780639335365841 0.27534362254971256 0.682264981797699
4 0.3704583795712324 0.7823802206037891 0.3560137388918747 0.7850143574387886 0.35181194392657744 0.7619772465682189 0.36625650691314604 0.7593431169990386
5 0.20226024821101873 0.6406268067682985 0.22726962900730996 0.638349684842224 0.23117472128808458 0.681233276292018 0.2061653417896423 0.6835103883443103
5 0.21879417353102326 0.7596606867352157 0.2564384980133809 0.7736935878339947 0.2225789727576739 0.8645063248674123 0.18493473497835566 0.8504735918070607
5 0.3797328250334431 0.8286784699699699 0.36427186791866006 0.8286784699699699 0.36427194736847923 0.7855031426426428 0.3797327394208878 0.7855031426426428
12 0.04318304402249851 0.5476256537313142 0.11408276926636063 0.6013051594176557 0.054928159129872256 0.6794270230727069 -0.015971140852343524 0.625748006992591
12 0.1369921589009664 1.0120367003351658 0.09458404869576498 0.9935851581123781 0.13882572119439374 0.8919325734846859 0.18123264249834392 0.9103838188780204
12 0.17651991954403456 0.9999999848858582 0.1348765806734491 1.0041635307723782 0.13210507081521428 0.9764493993355439 0.17374806347447702 0.9722858708708658
12 0.2952993923164513 0.9230933559626998 0.3220047663620562 0.9206621364359362 0.3248380164865239 0.9517753141092863 0.2981326439160057 0.9542065227952489
0 0.09687378069929764 0.8248852660164074 0.11263596986577795 0.8364959528940662 0.09472999920444636 0.8607990638352181 0.07896784855233818 0.8491884219219182
0 0.31458411412006626 0.9999999916749652 0.314584479840164 0.9607946367857944 0.3597713950631487 0.960795026287934 0.3597712937415736 1.0000001171286454
6 0.16256918643705376 0.7527282450620882 0.11132400152928312 0.7621730990895302 0.09074879972092731 0.6505521109455524 0.1419927681822628 0.6411073721782827
6 0.19826863834737196 0.5932400833949978 0.2206272031920662 0.5898740391963561 0.2264796917630747 0.6287441882155277 0.2041211296466372 0.6321102201000856
6 0.37951075028161085 0.6572028845541599 0.3971288389061556 0.6635170035767686 0.37425308076217334 0.7273372677827766 0.3566350143830732 0.7210231939581538
6 0.2582562972793312 0.8448207445140812 0.276072906289869 0.849860224078159 0.2604838924789874 0.9049610193462488 0.24266729906605633 0.8999215782229624
14 0.47771090241440106 0.9999999908984566 0.4777112499979239 0.9700209307844248 0.5304542942199078 0.9700214516454178 0.5304541840343973 1.000000274406221
14 0.9062881135699854 0.8379030089861192 0.850695284376684 0.7929744205680513 0.9573177075626518 0.6610682719675608 1.0129092024633337 0.7059960100076097
8 0.6823931754643127 0.8143887699629446 0.7358038910912228 0.8095261156166903 0.7418941711479192 0.8764066694319346 0.6884834614469355 0.8812692817003998