10 0.462890625 -2.0575192358685845e-9 0.46289062667074177 0.02643041865969684 0.40424909115722585 0.026430417172275775 0.40424909277339793 1.5548688218170278e-14
10 0.4945334445588969 0.28677272143962257 0.5937498131926304 0.27975247346293863 0.6032924698009765 0.4146132752843069 0.5040761086218026 0.42163347269422224
10 0.7173321777190722 0.18093075742886264 0.6997870757392093 0.19737242613259384 0.6635410716261276 0.1586941938704994 0.6810861473718433 0.14225254768165513
10 0.6508628421719322 0.3089386384314606 0.6606575795148046 0.3317495142013634 0.6310235120533889 0.34447359558247415 0.62122881786172 0.3216627564144591
10 0.748141546815873 0.30468825024006174 0.6874730821085677 0.33560104402585894 0.6334966908030992 0.22967095908855117 0.6941646367187104 0.19875832986112715
10 0.8682041086425443 0.4146737215965532 0.8302588641845432 0.46519687632416584 0.7376026377703511 0.39561099078501544 0.7755477221588762 0.34508821452837907
11 0.7922518291015876 -5.880561017820292e-14 0.792251829101815 0.0006342395833300748 0.7858254580077073 0.0006342395832134955 0.785825458007821 1.8289548297978834e-14
11 0.790195833345706 0.053726537651211055 0.7700010505363934 0.01964782904140801 0.8375361321374157 -0.02037294171236269 0.8577309131477477 0.0137057580878312
11 1.002904586988393 0.14944777974314022 0.9820241733630155 0.15319526327654864 0.9756822712597568 0.11785925240205071 0.9965626551736477 0.11411177159304692
11 0.9090465493187594 0.34642703773280004 0.9548778978196424 0.32298815721816276 0.9979887509057335 0.40728183971145776 0.9521574886344979 0.4307205921732041
11 0.9998162957733712 0.22602477385112532 1.0201423707386539 0.24249320060035154 0.9890189379243566 0.2809063509766581 0.9686928905287004 0.2644379554576614
11 0.7812501868320396 0.8022819670138889 0.7465824420843319 0.8022819670138889 0.7465826699541367 0.7406194583333333 0.7812499116517984 0.7406194583333333
13 0.5706933816508126 0.08518382003493728 0.5642417713299892 0.06495252603004413 0.5871458673860843 0.05764859045768754 0.5935974805263413 0.0778798790440009
13 0.550691160462975 0.18694004651690746 0.5537706940266389 0.19822324384329068 0.529396083352708 0.2048757366384404 0.5263165596744557 0.19359254776619975
13 0.6834185168072509 0.12218002958949004 0.6819720670291645 0.13451965140628888 0.6486075817895198 0.13060867311459706 0.6500540384504347 0.11826905927968343
13 0.9246522540020123 0.16778535251791005 0.9209019135997778 0.1885276780682328 0.8917910971354104 0.18326429188283863 0.8955414502404437 0.1625219824917785
13 0.7986115906587656 0.32446141218619984 0.7910780661464969 0.34199373836116864 0.7629132410903594 0.32989186666588893 0.7704467741125427 0.3123595673221974
13 0.9660194412659848 0.11660671453733497 0.9711652344616368 0.1360169978341 0.9580822631045294 0.13948535677854618 0.9529364758622023 0.12007507858790643
13 0.803683861524064 0.4425068004678313 0.761987673452154 0.4805330767685343 0.7229656864036542 0.4377474622069359 0.7646616939570094 0.3997213328094678
13 0.5883846571410913 0.3803042595412731 0.6331686324648444 0.3763438606835487 0.6387959852565928 0.4399745378135747 0.5940120121781547 0.44393492083865604
13 0.5732079575474245 0.5392271170390868 0.5723299666622097 0.5224638575603681 0.5851289568015545 0.5217935567923917 0.5860069640586971 0.5385567989456271
13 0.7206106422827361 0.5418042403096536 0.7178446683327593 0.552699012262969 0.6739475618875304 0.5415552713695194 0.6767135624304501 0.5306605399502703
13 0.9335372879239685 0.21281344598691052 0.9203405719491684 0.22708344179903883 0.8968836164932554 0.20539101578510274 0.9100803203125452 0.19112103472221584
13 0.7333760730756467 0.551743655784613 0.7337894298284482 0.5630211652516606 0.7062316367745325 0.5640310980713092 0.7058183073279451 0.552753614907394
13 0.7511082985229223 0.5793282105660879 0.7626644171286898 0.5777552485522979 0.7645885542776796 0.5918898891393171 0.7530324360770919 0.5934628491520055
13 0.7739480635954123 0.6098051079475947 0.7713392032004549 0.6214741197118103 0.7593219453380016 0.6187876964671456 0.7619308151968198 0.6071186981201957
13 0.848633968225954 0.5388569323416968 0.8548024356076667 0.5389508483060196 0.8546368758611607 0.5498239537804495 0.8484684084813807 0.5497300379007903
9 0.9678018413421796 -2.3373450231585142e-8 0.9678018726945083 0.1055609732080906 0.8892509321598254 0.10556093930299232 0.8892509711628236 2.406674040965061e-8
9 0.7958904680559726 0.3405840708418432 0.7814495727651547 0.3840499979514444 0.6803428011845654 0.350459646180617 0.6947838206814367 0.30699395981429567
9 0.8623028958971872 0.27865810933486324 0.8657269556357505 0.30801926384662087 0.7959909522943462 0.3161513941614576 0.7925669946044991 0.2867903320383016
9 0.8308222029429544 0.2626701229350242 0.7980905443876054 0.25074387647619834 0.8163587179376464 0.20060780783151935 0.8490902619411145 0.21253403100238902
9 0.8949741528127788 0.3079099900143009 0.9162113451913001 0.3102383767547713 0.912774730283104 0.3415827195290008 0.8915375384807476 0.3392543364182025
9 0.8998304927238223 0.37080445919947375 0.9090753441163315 0.3808707754172575 0.8983398605138291 0.39072974125470006 0.889095017891691 0.38066343353091425
9 0.6835938281310519 0.42800947569444436 0.6452270110867175 0.42800947569444436 0.6452271035136619 0.3818782534722222 0.6835937025637122 0.3818782534722222
9 0.7185865412351404 0.40580757568572023 0.6995115672054908 0.42068711478652626 0.6745857947225886 0.38873475795122103 0.693660707446611 0.3738552553714624
9 0.725083036320143 0.4280721038256495 0.718896324379898 0.4432551533843015 0.7027304614055083 0.43666833238283226 0.7089171796874325 0.4214853003472496
9 0.7625793629401869 0.5405136166562321 0.7143428862369774 0.5567381140970186 0.6825481628706029 0.4622166176622135 0.7307839613440592 0.4459922441832563
9 0.79020321927635 0.5541038357416445 0.8089960875877296 0.5785128407700809 0.789081573373096 0.5938437385970008 0.7702887635833804 0.5694347871029735
9 0.8562880165525257 0.5742131780979383 0.8463885525475234 0.5783225007204302 0.8373249751228968 0.5564902075634205 0.8472244036120173 0.5523808932933046
9 0.8575586552202594 0.5955081468201033 0.8589241826133502 0.6185416985833083 0.8222781174303009 0.6207138825624643 0.8209126725979559 0.5976804090632406
9 0.7991114997944351 0.6179335383979003 0.8076623575813073 0.6113445501618431 0.8159217679831272 0.622061953719836 0.8073709176183002 0.6286509335285458
9 0.7300437135901348 0.6483475122318312 0.7453218349202189 0.6562645792619282 0.7290553864917229 0.687650820714647 0.713777284310936 0.6797337821305194
9 0.7358749257869022 0.7147058469914683 0.7179778045788225 0.7180461897442153 0.7117851273402493 0.6848712820206962 0.7296821237229096 0.6815309511851194
9 0.770486233272095 0.7215206357449063 0.7873064411688802 0.7055617474816267 0.801558362135097 0.7205805261685754 0.7847381898247932 0.736539378098738
9 0.8055147633097022 0.7562521176971148 0.7864177133676549 0.7571560453738353 0.7844079318190325 0.7147007541588365 0.8035047998006348 0.7137968308020004
9 0.8754009758281427 0.6467035400309582 0.8773397709308028 0.6394115651294192 0.8866890338904341 0.641897038355167 0.8847502468424864 0.6491890063407534
9 0.9047094079362523 0.748185456255747 0.8825296858303773 0.7497376197016216 0.879794765228894 0.7106616752401159 0.901974295290529 0.7091095185312052
9 0.9836342909511586 0.8890322200179801 0.9424398984405116 0.8912323769116286 0.9390055427029438 0.8269374762644021 0.9801992426984043 0.8247373379162545
8 1.0000000478707989 0.4555905451388889 0.9843749670635589 0.4555905451388889 0.9843750089115701 0.41054677256944444 0.9999999977075049 0.41054677256944444
4 1.0000000069185262 0.19047459027777777 0.9860998028490258 0.19047459027777777 0.9860998111964818 0.16409138888888888 0.9999999953696488 0.16409138888888888
4 0.9541075009994984 0.2707140964883249 0.9466449754012274 0.2979927762510798 0.9139424275056172 0.28904663720850016 0.9214049774923296 0.2617679967003777
4 0.986388066696918 0.24072564164151067 0.9728908450847484 0.23989771438569638 0.9741041530637631 0.22011832484886865 0.9876013559949115 0.2209462515309536
4 0.965047928945296 0.43779746037754563 0.9797507439964193 0.43570201686579924 0.9830205874663989 0.4586437046671138 0.9683177731118349 0.460739144867322
4 0.9126680516949364 0.4730848387670675 0.9085643672340211 0.43857829140249427 0.9295348373597108 0.4360845551284034 0.9336385653268735 0.4705910515124411
11 0.9142178889500201 0.4368778166927531 0.8988859808390544 0.44857125958261496 0.8618721649719419 0.40004298188588466 0.8772039938235139 0.38834958436035794
9 0.8967591382299815 0.4174277273640304 0.9075494174811638 0.41097284631121794 0.9189255299680781 0.42998866292118043 0.9081352576458812 0.43644353474388325
13 0.8773750368101219 0.36003008606357434 0.8905290015957235 0.3574708151940853 0.8944455388837014 0.37759994432235633 0.8812915749462036 0.3801592122406811
13 0.9577110189019322 0.45747236483755416 0.9443362730215767 0.46227496543573476 0.9393428715416121 0.4483696969121616 0.9527175925533129 0.44356710122697585
4 0.8623384904882414 0.06252499398337509 0.8907786535621653 0.06937128236745281 0.8777197363546065 0.12361918914456572 0.8492795750770483 0.11677290620402243
9 0.805756071642918 0.18153946676420196 0.7541274482092604 0.16749578869549303 0.7759661629183938 0.08721117883592058 0.827594621836397 0.10125483342839316
9 0.7744013216004078 0.24046002120139973 0.7689928130548651 0.3098203558669691 0.7202719744295791 0.3060212231825805 0.7256806110864318 0.23666102877933645
4 0.8886046913395376 0.25422567386021994 0.876125474704736 0.2548705845822447 0.8743827697198867 0.22114902799562813 0.8868619560546449 0.22050411805555703
4 0.8222720819063625 0.601297141770923 0.8166815261782858 0.5693767968787214 0.8409989742117432 0.5651182834126416 0.8465895845623663 0.5970385574868453
4 0.8648030596484659 0.5605931373246277 0.8751393512083041 0.5550370757983956 0.8882328298262792 0.5793933211341525 0.8778965475310088 0.5849493693222869
0 0.8604399536216079 0.5738640504591846 0.8721702055149763 0.5699701327003565 0.8773029681791513 0.585430782134484 0.8655727189113804 0.5893246942911295
0 0.6962202950277288 0.6986615034751471 0.7035998439898776 0.6970066801263644 0.7073504250315636 0.7137295657499786 0.6999708770678126 0.715384386047917
10 0.8411507456410163 0.4928969801054807 0.8465058707997741 0.4904635751217534 0.8539759190927043 0.5069014612464291 0.848620795980537 0.5093348628877261
0 1.0000000148241952 0.5635870451388889 0.9927318311226827 0.5635870451388889 0.9927318506670417 0.5352761059027779 0.9999999999274678 0.5352761059027779
0 0.970204769511156 0.6138282097450062 0.9686349790015356 0.6396523400041093 0.954562540335246 0.63879698176894 0.9561323632595986 0.612972886135366
0 0.9498836339894297 0.6319271666330624 0.9562334264068113 0.6322020610289627 0.9554413172102159 0.6504967360267536 0.9490915248250076 0.6502218421223396
11 0.9740848762940004 0.4657886048211357 0.9748581265969278 0.4807097350292285 0.9575010148905676 0.4816091410417626 0.9567277841797477 0.46668802951388183
10 0.8160201169301899 0.14094347868630383 0.8342523647473854 0.1466050563056982 0.8009721726755288 0.2537776744054954 0.7827399332784353 0.24811611590133167
13 0.6940326460538699 0.2771443978071269 0.6472995873550644 0.31632196234535226 0.5535458811596072 0.20448953868844288 0.600278627848752 0.1653121906002564
10 0.5968002211168368 0.47887848571016617 0.5449832433149595 0.4755795973158051 0.553589052562188 0.3404223188095904 0.6054051521982728 0.3437211790340403
13 0.6788794418192765 0.44416386903062677 0.6724190762212174 0.5004782576944088 0.5274581737195376 0.4838484512738112 0.5339190411920072 0.4275346391549695
13 0.6103381159056198 0.49649419734673084 0.6111356480988661 0.5078361697787115 0.589275034989555 0.5093731919645698 0.5884775230316563 0.4980312385546004
9 0.7622124098845688 0.5134431589386464 0.7961328560840002 0.544476260921418 0.7592527766436206 0.5847838704953638 0.7253324671552264 0.553750910315621
13 0.8612002980654552 0.31786970505461815 0.8873141789784995 0.3720827268648893 0.8149335654828747 0.4069460284090774 0.7888199642034124 0.35273324450719334
4 0.9944450000000415 -9.07092789683675e-11 0.9944450000831466 0.011558793413910444 0.9750870868073207 0.01155879330142641 0.9750870869140726 1.308950445933362e-14
9 0.8418966120717641 0.06875252646472754 0.823469168327847 0.07256159486669027 0.81785376153573 0.04539548681326691 0.8362811964684624 0.04158641936377399
9 0.8882582327498767 0.06635777519829217 0.8801301510749227 0.07395980034826447 0.8656682638725215 0.058497174770600055 0.8737963437002918 0.05089515120384543
11 0.9518513684306527 0.1268432417471617 0.9285175215085246 0.15107241510589595 0.8881596846795219 0.11220604155476631 0.9114935080593796 0.08797689363224313
11 0.9980271638138447 0.289484112707158 0.9713287477345602 0.28956162804298713 0.9712679013551906 0.268596034363197 0.9979662695312754 0.2685185190972222
0 0.767227375922289 0.709894705859661 0.76371158270058 0.7317535278885589 0.7335714656106802 0.7269064346549202 0.7370873172775418 0.7050476853602277