0 0.19179319781096638 0.5084940913062568 0.21181660416891646 0.4746279529066672 0.26031958684347956 0.5033032413388149 0.24029634980831815 0.5371692325884662
11 0.41982184937683087 0.3351940679287305 0.40543309944519024 0.3351940679287305 0.40543312261729625 0.3027735100222717 0.419821826280554 0.3027735100222717
14 0.5146565430665078 0.5120168142041014 0.5203135373702708 0.49533541626048067 0.5570522022438809 0.5077932336621357 0.5513952671400375 0.524474581300235
14 0.5483914344446248 0.5113162398301008 0.5300835745292716 0.4827840027101739 0.5665799687182016 0.45936760142002236 0.5848878155223929 0.4878997473057397
14 0.575532521313562 0.5061058266592116 0.5774311907590572 0.5195415281528115 0.5577542810917748 0.5223219239020088 0.5558556348931916 0.5088862433122314
14 0.5376981955135989 0.4906975499972776 0.5286649949111961 0.501622888795582 0.5116920782079433 0.4875904812587553 0.5207252683741217 0.47666516035635187
14 0.5121843108563553 0.4791363384668661 0.5055260506269406 0.4859669002162385 0.4978332058817614 0.4784686259530717 0.5044914610790556 0.4716380695581688
14 0.5247158651792461 0.4766651181790404 0.5188368564022312 0.45884837472232026 0.5643728859993189 0.44382374338623115 0.5702519256269625 0.4616404266640385
14 0.5188618411666539 0.4301035493653436 0.5400158775814816 0.43772711045406104 0.5282104728573813 0.47048301287740835 0.507056445434273 0.46285946993319266
14 0.5079295250429823 0.4243142865925043 0.5325753502977477 0.40286643575352854 0.5609200946262263 0.4354357492545527 0.5362743261217702 0.4568835395525056
14 0.5093623638632607 0.4482611081711198 0.48889311880338937 0.44636108870077296 0.4919012135395633 0.41395675471358495 0.5123703713642271 0.4158567700988407
14 0.49394852556144997 0.4531955475673963 0.4492865029365021 0.44846602787189627 0.4538573526901928 0.4053061467159213 0.4985191225480321 0.41003565286310895
14 0.4404225615037376 0.4233007076742569 0.42991133937300674 0.4010169765949888 0.47230810647317867 0.3810194343292225 0.48281934294084294 0.40330310057592217
14 0.48744637117454204 0.4032570170798484 0.49225507841117633 0.38770739023738376 0.5351479064975138 0.40097128298767665 0.5303392494898844 0.4165208669800202
14 0.532546718931485 0.3814858915893427 0.531998445468389 0.3928904871799105 0.5142925782329257 0.3920393056827749 0.5148408629914911 0.3806347220090391
14 0.471230698785007 0.3702379655595016 0.4771352566506266 0.34333579127726177 0.5285482201671812 0.3546195822925431 0.5226437526135896 0.38152167748768284
14 0.45201536587410374 0.3800093485105158 0.4287788026612134 0.36058991068267937 0.45937258606090836 0.3239840103478788 0.4826090753965673 0.3434033980867676
14 0.5035717237502695 0.3249646410906368 0.5050679042017236 0.3379140245388214 0.49103421529616753 0.33953542148581695 0.4895380449908089 0.3265860472954134
10 0.43402531498918506 0.49291082721031165 0.4368439737842209 0.46487696530961786 0.48879510845836194 0.4700999833763783 0.4859765663629787 0.4981337374586567
10 0.48559730710542226 0.5048826347549198 0.4866425708460156 0.49665634032261136 0.49856280509402495 0.4981708537729943 0.49751754968724526 0.506397140642024
12 0.8425222563893158 0.524491867194948 0.785269353817057 0.5484728342668177 0.73819079142379 0.43608314181704455 0.7954427990890736 0.4121023873014793
12 0.7765731536525209 0.5425398076302833 0.7679881086819478 0.5286210770985987 0.7865387279604192 0.5171800814362264 0.7951237706013217 0.5310987873050832
12 0.941438817283597 0.46673607861734034 0.9248280123875929 0.4882601174379618 0.8905755859021838 0.4618280827554741 0.9071863607855448 0.44030411013182913
12 0.9197186014869203 0.387194774802591 0.9427090978294927 0.37264812553427945 0.9676562311257157 0.41207439195916357 0.9446657671106777 0.42662099978902546
12 0.9567026714722715 0.36801172142475713 0.9081668173023445 0.38352079095233793 0.8888973034418086 0.32321827910248163 0.9374328617529954 0.3077092600667171
12 0.9193104426507261 0.31510906390413124 0.9140739631286579 0.2714971892896028 0.9796559822702875 0.26362292653371316 0.9848925710022058 0.30723467305108093
12 0.7928863983192969 0.32172448450066055 0.7587827062626502 0.35469079779579205 0.728876150961355 0.32375335092975444 0.7629797690252644 0.29078710652326667
12 0.7910653181893395 0.2679291084215305 0.7760931831035123 0.25360755405345187 0.8102355061805611 0.2179149454106124 0.8252076114379179 0.23223647293300534
12 0.9040525256659748 0.16639636185762743 0.9624725802120793 0.1933070434245374 0.9337267280287733 0.25571016585587686 0.8753067070211955 0.228799543220792
4 0.7550713666380489 0.3586128408740656 0.7622212717149068 0.3554638975500941 0.7658051175650371 0.363600960390353 0.7586552134046087 0.36674990217433223
4 0.7513975861450035 0.27851400224320527 0.7415733420890547 0.27860817654414455 0.7412858376570739 0.24861500145527468 0.7511100580294396 0.24852082726794192
10 0.8130927310791094 0.35030406403485065 0.7959925935073215 0.3400687973687933 0.8124033950359717 0.3126521271796809 0.82950348998952 0.3228873773928499
7 0.8493646889440924 0.5221424803048869 0.8433939514422946 0.5048034772759958 0.8632065529968713 0.497981492350734 0.8691773043158264 0.5153204670561634
11 1.0000000482920086 0.2777953329621381 0.9729893947070423 0.2777953329621381 0.9729894473633749 0.2289716057906459 0.9999999993682422 0.2289716057906459
11 0.9695511301320039 0.15586666499870794 0.9801839639951595 0.15376705033886273 0.9832450296765955 0.1692687275369224 0.9726121960528644 0.17136834137472096
10 0.8870123676824733 0.39778338493761906 0.8848498450747684 0.40442856059366034 0.8712084629327137 0.39998948851174204 0.8733709885750613 0.393344318656293
10 0.930761858545452 0.42891447132585336 0.9346913828568404 0.43399265239952295 0.9275096782661194 0.4395495721631838 0.9235801572816627 0.4344713941382959
12 0.8890930407602582 0.4638956618985836 0.8396913740911032 0.5053156810403967 0.7467153894358489 0.3944289224587135 0.7961164940855951 0.3530092866272576
10 0.7629756960376426 0.15976169610215163 0.7598123928130462 0.1550035856192576 0.764749140469803 0.15172154463909795 0.7679124435619542 0.15647965445463977
12 0.9014861463006127 0.9568143867322815 0.9350329234368928 0.9307805547425773 0.967883426887397 0.973099438889547 0.9343368315994667 0.9991330653671536
12 0.9287173981738306 0.8589666926861588 0.9232138773979841 0.8741566363746988 0.9040187168894818 0.8672035110277713 0.9095222561884384 0.8520136081031114
8 0.9147990753841668 0.9413509098402703 0.89910071835493 0.9254290328086151 0.9185791827446792 0.9062290821050053 0.9342774805594445 0.9221508977999808
14 0.916314722146808 0.9094026403877971 0.9022028549744618 0.8861444963766679 0.9227254749953318 0.8736954440123329 0.9368373371105463 0.8969535121869567
8 0.9311677295291929 0.558231773895708 0.9351744422881438 0.5360553163588725 0.9637438406455203 0.5412166083398575 0.9597371890963586 0.5633930115760195
12 0.9027553328977547 0.729741491002298 0.8858689374985715 0.7323361244942971 0.8811542764385649 0.7016566145252001 0.8980405596207675 0.6990619898042175