9 0.07496938245321871 0.07234280382589518 0.04223665104302654 0.05476485972733833 0.07326207500295823 -0.003009010307005587 0.10599478497579184 0.014568926329070314
9 0.19421673702913722 0.13629554251909667 0.1750137843889661 0.13594628746702261 0.1761774503961533 0.07196635009274348 0.19538036315589125 0.07231560477651187
9 0.2669388781262114 0.2511363448290248 0.23429776729415153 0.2327759127335544 0.2838406430714713 0.14470009667495615 0.3164816016115992 0.16306047546367916
9 0.2084878459262427 0.5128675596261452 0.14433028027303862 0.5294856616612371 0.10433042561339789 0.37506535905291266 0.16848668313457438 0.35844743426312536
9 0.2265625 0.6597222222222222 0.2741991220703125 0.6597222222222222 0.2741991220703125 0.75 0.2265625 0.75
9 0.89453125 0.7108480451388889 0.99609375 0.7108480451388889 0.99609375 0.8541666666666666 0.89453125 0.8541666666666666
9 0.9974027553706719 0.3368418883038826 0.9496037802385899 0.3458039476346514 0.9302640906778379 0.24265758903357207 0.9780626341796506 0.23369557121122314
10 0.09375 0.4950884756944444 0.14453125 0.4950884756944444 0.14453125 0.6315661788194444 0.09375 0.6315661788194444
10 0.23046875 0.32526261458333333 0.25390625 0.32526261458333333 0.25390625 0.4027777777777778 0.23046875 0.4027777777777778
10 0.03398326840977006 0.1160920178968706 0.09520096603375805 0.08821645717071418 0.15965866183398703 0.22977139713689232 0.09844104093087935 0.2576468389264076
11 0.39491710070637964 0.11904726686489545 0.3212687867968498 0.11448729986970596 0.32863862031513236 -0.004541718001385651 0.4022867661657301 0.000018243458222510067
11 0.5020133535244895 0.3924882544511006 0.4224393100811312 0.3812892051526842 0.4696689902058324 0.0457167579980673 0.5492411339928367 0.056915665850716536
11 0.3419847015313735 0.4509027572398712 0.3675518776018407 0.46078141087655805 0.35335526572941944 0.49752147834706706 0.32778810463685204 0.4876428528590525
11 0.29339850876795026 0.22888655920755227 0.2823508011291551 0.21564290572896375 0.2986603399597243 0.20203786855701913 0.30970804206094726 0.2152815128196399
11 0.43359382589915185 0.7815634305555555 0.4147879009829012 0.7815634305555555 0.4147880000942905 0.7361111111111112 0.4335937274339585 0.7361111111111112
14 0.9376699279565628 0.06474187661194036 0.9903058080811888 0.06440818918607967 0.9911910752808808 0.20404967858137615 0.9385551951498883 0.20438336505501614
14 0.8543748719802124 -0.0027999123518453535 0.9313452939453555 1.6648215910785596e-15 0.9265261653981725 0.1324791414547274 0.8495557432559053 0.1296792329953973
14 0.7026613581513175 0.3648623591841567 0.5988377921753454 0.3672502407941405 0.5938190980353966 0.1490088329622561 0.6976409484401529 0.1466209706474106
0 0 0 0.0403745703125 0 0.0403745703125 0.2786392916666667 0 0.2786392916666667