11 0.38152840094574003 0.1854013555714454 0.35446017346737335 0.17953561590983044 0.3712367214269534 0.1021188249652437 0.39830485724553455 0.10798455426861975
0 0.34295983805043306 0.2805025910739218 0.3194650609607379 0.27379509894663534 0.3434211343799234 0.18988432488410886 0.3669157733953625 0.1965917961212002
0 0.37398325350466166 0.4145466296728766 0.3675116111913894 0.4109147055128573 0.38323524333827663 0.3828985177621427 0.38970686556410783 0.3865304348742828
0 0.36893771834888867 0.4102669930282862 0.3743068669086824 0.41230718971783215 0.3661045530600404 0.4338919097619404 0.3607354060907255 0.431851716095923
8 0.32223769991094287 0.45902806377708033 0.32895852544265836 0.482121637023188 0.31998591435433354 0.4847327070822832 0.3132651069173562 0.4616391492675733
8 0.31961489158175027 0.4907117341555419 0.3124906734007027 0.49287233960658905 0.3054671728872336 0.4697151803180511 0.31259136741505245 0.46755457871276657
12 0.16823507271283233 0.4425374370545854 0.18468457026415308 0.43915721746828984 0.20320218994504557 0.52926515502468 0.18675269930838567 0.5326453515803563
12 0.16215965242736274 0.48999311869754875 0.14077936068497365 0.4971222165514008 0.12238651117763766 0.44196514279810933 0.14376663952316449 0.43483607454635526
11 0.23604732153864916 0.5298702085499277 0.2601702471781664 0.5275167036720344 0.26523108880053314 0.5793845304345008 0.24110816464474283 0.5817380249703096
11 0.2005305040663643 0.46145380782345696 0.21062524704939278 0.4569449434167186 0.21972733261281974 0.4773219485186158 0.20963259397012735 0.4818308057387461
7 0.17698810787226193 0.42274389714670446 0.16756487187069524 0.4239628115133536 0.1641250570099828 0.39737139733053406 0.17354826212385888 0.3961524849748269
9 0.03250027359172236 0.507588844430272 0.0608283681967805 0.5056519954215384 0.06585253990556339 0.5791285040508325 0.03752444649342124 0.581065341285603
7 0.46760887722950883 0.24087464539398687 0.45753597364353027 0.23946918847020773 0.46065989090823223 0.2170805106620543 0.47073277879792386 0.21848596647281177
7 0.4512362901485858 0.20124158564634548 0.4418683770442158 0.2003307394968358 0.44411270092075483 0.17724853838836205 0.4534806016121138 0.17815938393082645
7 0.42949200255281994 0.13548640293733613 0.43895700506175217 0.13693833030125144 0.435414480380814 0.1600316259706593 0.42594947804377625 0.15857969937194752
7 0.39691477250221396 0.141963754090174 0.40533365996054727 0.14121411031097614 0.40700080127885485 0.15993684373268832 0.3985819138640636 0.16068648718724898
7 0.3263996277445358 0.30775410128113073 0.3189314580286009 0.30739737513662374 0.319805880429044 0.2890917096939051 0.32727403774492814 0.2894484355420799
7 0.31774469124047755 0.3584191192735919 0.3101327854092233 0.35821720605579604 0.31060303841093173 0.34049011042748495 0.3182149299345838 0.3406920234558978
7 0.3052085267279381 0.40621718191536427 0.3121140839378995 0.40609483106472105 0.31240552185261095 0.4225429151346817 0.3054999646461738 0.42266526585836917
7 0.2892051047820132 0.43211585488739185 0.28312441765592666 0.43247921864142214 0.282213768003885 0.4172407557280662 0.28829444317580055 0.41687739233172816
7 0.26417525779288553 0.4685537618564224 0.2578239624242542 0.4681991880652956 0.2586950357773503 0.45259724287053565 0.2650463172782338 0.45295181627411435
7 0.3243197735874901 0.4434408903877089 0.31784100877075616 0.4433615583777754 0.3180280264590465 0.42808990175982 0.32450677816052576 0.4281692336895219
7 0.3369806851098929 0.46238173059013643 0.343830494191252 0.464487763800649 0.3390383224926836 0.480073107445235 0.3321885144877115 0.4779670766987292
8 0.24460954253675027 0.4625260233254621 0.25268705727023644 0.46362266389775963 0.2500318004260862 0.483179142856537 0.24195428600614832 0.48208250384277707
11 0.400809002336473 0.36674868457946636 0.38390805745973466 0.35726362697203407 0.4213893597089964 0.2904799528330785 0.4382902044403636 0.2999649755929654
12 0.24081271876195842 0.5715715955436937 0.22652719604514004 0.5768836961392436 0.21232223303468345 0.5386865663848751 0.2266076674110309 0.5333744838817894
7 0.21021293013859577 0.5114915227119426 0.20095733355299217 0.5130077142623852 0.1965095420622447 0.48585809799785 0.20576510095315825 0.4843419095853394
7 0.21009262833717912 0.5648896174913254 0.20120288914165485 0.5661646221434151 0.1969297713171727 0.5363737010577304 0.20581946658001016 0.5350986995927576
7 0.1601485975909327 0.4592832535862066 0.1688443135938087 0.45857144685094153 0.1712056684232266 0.4874167701421244 0.16250995260054424 0.488128575394896
11 0.1614239514210567 0.3683465313164424 0.1798320462303309 0.36403925789104763 0.18786787643296066 0.39838067550521106 0.16945978461319555 0.4026879400571393
12 0.891762684836408 0.4289652886834124 0.7650174492171118 0.35657749962065644 0.8548640752475194 0.19927051884059827 0.9816075159028514 0.27165765288421867
4 0 0.9365258317757009 0.12394311565420561 0.9365258317757009 0.12394311565420561 1 0 1
9 0.5771589195592242 0.831403039471716 0.5978494207877247 0.7458721036521225 0.8334485308773765 0.8028517090480115 0.8127610128839251 0.888380072167869
9 0.8695332967288323 0.8920148224299121 0.885196653539424 0.8553861103138205 0.9598211526473506 0.8872897072369188 0.9441582713927801 0.9239180156820419
9 0.9948945093975681 0.8938996083215204 0.9585757158210981 0.9233030624673669 0.9174181151116727 0.872477524114733 0.9537365008352481 0.8430743306715317
9 0.9812040190967082 0.8747889683486425 1.0030134397511574 0.8815630580886383 0.9898566535616737 0.9239114903320061 0.9680472511682865 0.9171374415887898
9 0.901645021703871 0.9709086627480363 0.8992740327204274 0.9922921030247039 0.8617865078164186 0.9881365272220544 0.8641576016354975 0.9667532067756838
10 0.9698369486602587 0.617971803464467 0.9481625758373866 0.7176953320046779 0.7578170730347438 0.6763273471353547 0.7794928161679309 0.5766057112576737
14 0.8050959202070089 0.8505696515772214 0.8026890348872939 0.7767448829019882 0.9474850282749685 0.7720243943752364 0.9498931919699771 0.8458478425352108
14 0.8316558483874132 0.7069872323142335 0.8583590295264685 0.7454891356135964 0.8126966173032315 0.7771529198720317 0.7859937062893323 0.7386512577980741
14 0.7516665222858592 0.7016049088259887 0.7803417546144829 0.7370099919579272 0.7347138908837678 0.7739584372729884 0.7060389089817818 0.7385535868360398
14 0.5477069733595954 0.7275542806302583 0.5747741095314041 0.7562272250111599 0.535166241265074 0.793610100174133 0.5080992895515237 0.7649373362229922
14 0.4696261682242991 0.6330205841121496 0.49633240654205607 0.6330205841121496 0.49633240654205607 0.7051001962616823 0.4696261682242991 0.7051001962616823
0 0.5187000710509437 0.8016746428518556 0.5343715384194638 0.7692288390811209 0.5711771611935319 0.7870027536527613 0.5555058820275462 0.819448397029578
0 0.5128051371902984 0.7934891232543523 0.5366058069014343 0.8219360268621521 0.5060874644923388 0.8474644116079418 0.48228694570184416 0.8190176495308763
4 0.6961941263149356 0.6485319355988697 0.6952029186209074 0.7368810664757182 0.5607992331329115 0.7353717367456216 0.5617916755923034 0.6470238477156213
4 0.6040441637621825 0.8313699080476574 0.5998692204431109 0.8684545481855873 0.5156997512110593 0.8589801978310891 0.5198750453705543 0.8218959588153849
4 0.5929187929616546 0.9717441522532864 0.6008815929982347 0.9847055434557901 0.5838041952101776 0.9951938621847637 0.5758414397022307 0.982232509872759
4 0.7316617917126678 0.9258753694733631 0.7726902236374826 0.938843843036679 0.7550504380105849 0.9946353180719876 0.7140220553711742 0.9816669554009695
4 0.7517961565420137 0.9999999999999678 0.7517964156210155 0.9747316751646992 0.7991818229691035 0.9747321295822098 0.7991817441580906 1.0000002733750957