12 0.2518601728339718 0.327244239699717 0.30416195138661806 0.31937123885296054 0.3361809933977611 0.5320689787563762 0.2838792423626728 0.5399418684329252
12 0.33783014594450833 0.12375025033928899 0.34805504418170585 0.11944528054641299 0.35719296328704786 0.14114899201353884 0.3469680662550445 0.1454539597548353
8 0.3268785610334817 0.350560617375974 0.35803201512203486 0.35694718295565747 0.34220292210943626 0.4341574595754077 0.3110494773992514 0.4277709242173817
8 0.30631187789629166 0.5285903398438645 0.32632679236212425 0.5413766923902515 0.30012052345784923 0.5823943988699499 0.2801056500532013 0.5696080987644099
8 0.24029864127976452 0.4692372144960953 0.26453774336494007 0.4671406406107888 0.27025724632699166 0.5332605957589698 0.24601814565039604 0.5353571590205545
7 0.3659145579736105 0.36092108157399944 0.33810912222031675 0.362223770803291 0.3351142196247565 0.2982981859470621 0.3629194764597514 0.2969955009228891
12 0.21035801269681542 0.30845820512849803 0.18722639152929332 0.31112916109644445 0.1701406725455854 0.1631614748629987 0.19327205328238506 0.1604905327424738
8 0.35497657317910125 0.5619380685266686 0.33415514546356917 0.5603808561728573 0.3370521052484037 0.521650096168994 0.35787339841681387 0.5232073034300777
11 0.7358568440288309 0.21116664143736014 0.6579729083687198 0.17808448111109487 0.7288011320345049 0.011338153600608024 0.8066846312174221 0.044420205341131704
13 0.9483717602456636 0.5452344285496304 0.8922663016774095 0.5564142330262576 0.8793085284333984 0.49139014288275645 0.9354134184033001 0.48021039665619325
13 0.9582990698710319 0.4301764039791681 0.9843276831915091 0.4397840778098635 0.9729456205020597 0.47061786626073254 0.9469170182213702 0.46101021409279075
13 0.7542716725463379 0.47454449675927485 0.699721403635408 0.46651343223127045 0.7139427557528961 0.36992425145339375 0.7684923527954197 0.37795526580128413
13 0.8020387039558727 0.4614556889079823 0.7573846967885629 0.48469733561485684 0.7262309268386389 0.4248450982577062 0.7708846006030399 0.40160355671837206
9 0.2464867549228984 0.6466546434183504 0.28173899269870617 0.6324397545796888 0.3185909392624353 0.7238182849679289 0.28333878333376106 0.7380330275215496
10 0.19490607930879378 0.6051100619311965 0.1899525677413294 0.6363825307410631 0.1317743859735856 0.6271680369108288 0.13672803676035983 0.5958957412783307
11 0.2829755500167721 0.9254420198411408 0.2432410842295667 1.024418119968074 0.08040842471950782 0.9590621967129996 0.12014388039631285 0.8600884873425846
11 0.053870166132696795 0.7630318627908478 0.03562847373768818 0.7423732898583765 0.06055878922040847 0.7203633570010596 0.07880042582576152 0.7410218522629576
11 0.27446687920496515 0.7132056289880399 0.25973284484018677 0.7192947344633008 0.25158615862392253 0.6995848214021458 0.26632013330367954 0.6934957298853873
4 0.8882252517676079 0.7486298675769881 0.9034023193477196 0.7406993457171265 0.9128408631123648 0.7587593041652463 0.8976638081585406 0.7666898074699376
4 0.8106160868155712 0.937098880830813 0.8287539451222301 0.9331597035467916 0.8357032343336641 0.9651488330772382 0.8175653819762374 0.9690879916727261
5 0.8648062717464882 0.7673367339199897 0.889829733436045 0.7596205886245141 0.9018111712153996 0.7984692628741007 0.8767877259476791 0.8061853707462789
5 0.7768435593261529 0.7042574277914738 0.7587298312988651 0.7174158995767124 0.7411832777576137 0.6932651354064139 0.7592969262755105 0.6801067053947109
12 0.974416888195833 0.8904910339721714 0.9702884553670401 0.9165513976205464 0.9390153868904463 0.9115982817895236 0.9431439107996766 0.885538031213177
12 0.8504057743195972 0.7039328816186146 0.8737099571121689 0.6912683617471984 0.8883757787085642 0.7182510881378888 0.8650716255060615 0.7309155658392174
0 0.9543686658140587 0.9505033041193105 0.9180154603245683 0.9800467661726718 0.8833012476287649 0.9373421941537153 0.9196540897254408 0.9077989656197779
6 0.9078824644244605 0.7081325600533319 0.8866598143143847 0.7174892447441198 0.859923477685129 0.6568548235755355 0.8811458746368999 0.6474982030409532
5 0.9434084574432973 0.9607325810387924 0.9762443232201576 0.9647648573594312 0.9729406243677658 0.9916599519256136 0.9401047615590414 0.9876276918538597