4 0.12409514725254667 0.150369891236643 0.10257644337082183 0.15323418663620597 0.0905731386574189 0.06305664219544989 0.11209178265050923 0.0601923507076301
4 0.1372092074794864 0.07767258741267287 0.16147949423566388 0.07864785759470522 0.158257522913118 0.15882858673694525 0.1339872362624419 0.15785331797575075
4 0.11035828521221447 0.2755131313983537 0.1170956286296132 0.27528173248071974 0.11792351756480457 0.2993857124009664 0.11118617415934295 0.2996171110745784
4 0.16457834414222816 0.30727265793724345 0.15250183876889878 0.306430390422397 0.1551429722105695 0.2685629180360302 0.16721943728316546 0.26940518413463854
11 0.08240532516708754 0.07730138114745412 0.0884387992957727 0.07947438224440893 0.07328587153483568 0.12154731580068781 0.06725239813567896 0.11937431620474057
11 0.1529429901452204 -0.003714197258286657 0.17830848989774495 0.0013920820481022986 0.16483844290576144 0.06830467015567386 0.13947294385343412 0.06319839272992296
11 0.2407516575644877 -1.3387645586300343e-9 0.2407516583218694 0.03196601741131845 0.2187262747852401 0.03196601653821059 0.21872627586208182 3.012830118183214e-16
11 0.15914869225332495 0.1764458110913192 0.18555312554110515 0.17535073807421428 0.18941250513773866 0.26840693307992725 0.16300807208017432 0.2695020026222887
11 0.11820369787437812 0.21284127796506316 0.14972804906733472 0.21228476404667862 0.1507859230387112 0.27220821514800825 0.11926157188577236 0.2727647278426457
11 0.10855403688424303 0.2611585603464611 0.07890383624999231 0.2604076934544381 0.08040718976815242 0.20104693545071217 0.11005726661892368 0.20179780077542028
14 0.07232068908763267 0.41223737984405706 0.03716738611740311 0.41468988066111045 0.029913455659539068 0.3107161772890237 0.06506636360052198 0.30826369014200755
9 0.06902465231587485 0.24819290980744924 0.08683492967304574 0.24813418585931232 0.08723709789762779 0.3701037545397468 0.06942682054557281 0.3701624781478107
9 0.04441878418583656 0.16715596048292775 0.05662245717167025 0.16452843935890976 0.07812271157786199 0.26438634671007627 0.06591904135871118 0.26701385906791625
9 0.034642009577737554 0.23364938456720627 0.027862400578214874 0.23299198159929813 0.030089513527741474 0.21002483417112203 0.036869111858095494 0.21068223661248262
9 0.015244525255752706 0.24903568751918848 0.02445755782264314 0.2473659884738323 0.03207703800944728 0.2894077025573485 0.02286400622790552 0.2910773986502709
4 0.10210754563900082 0.18814723000050965 0.0781945535450177 0.19034463898219844 0.07053333661531269 0.10697262765966534 0.0944462419491856 0.10477522260695113
11 0.14873397951839706 -1.5146684077809643e-8 0.14873399453779257 0.10286748947208918 0.11604672626685897 0.10286747667701387 0.11604673835131507 8.379800586028979e-11
11 0.24008242394302215 0.31169005046958004 0.2105473543296057 0.31773599524473173 0.19767782740393613 0.25486819934871524 0.22721274257742152 0.24882227060966272
8 0.35352471845874334 0.19249563589343183 0.3186465463671766 0.15562996903319637 0.35440231572181347 0.12180216177765983 0.38928044842850795 0.15866778358891967
8 0.3246872118297688 0.18899972010136332 0.30685896370471255 0.20276488237111523 0.29299846624826387 0.18481333576488734 0.31082669922204786 0.1710481823452872
10 0.26485705557001893 0.17364827582356004 0.2801321278581099 0.16765832658258925 0.3031533102288222 0.22636437662274608 0.28787824419885055 0.23235431433965228
10 0.2697044334975369 0.31248691625615765 0.27665829802955666 0.31248691625615765 0.27665829802955666 0.34938877955665026 0.2697044334975369 0.34938877955665026
10 0.2697044334975369 0.4468832697044335 0.28664649384236457 0.4468832697044335 0.28664649384236457 0.4744674766009852 0.2697044334975369 0.4744674766009852
0 0.2697044334975369 0.22303364285714286 0.2766538201970443 0.22303364285714286 0.2766538201970443 0.2336883103448276 0.2697044334975369 0.2336883103448276
0 0.29182921548863305 0.2608099093303717 0.291228898610143 0.27701596256570904 0.2785526191603367 0.276546400899025 0.27915294411991454 0.260340356059243
12 0.2660306264326664 0.4102240523310531 0.28125808899767435 0.40067577995258213 0.30182926004181354 0.43348068836635856 0.28660181585121336 0.4430289370037662
12 0.3289484543142862 0.4208675603447657 0.30090172299821916 0.4283023244366512 0.2878216646677174 0.378961508268999 0.31586823025259037 0.3715267673113866
9 0.16593699324403133 0.6347594590001215 0.12358465997044732 0.6626930875086766 0.0754690534298561 0.5897493035478392 0.11782088155825932 0.5618159013973245
8 0.18693737805369892 0.632682583925806 0.16907279970257605 0.6453151153387561 0.13532335514366878 0.5975929957708236 0.15318779659469328 0.5849605330565577
8 0.26403174061817936 0.8247375495422432 0.2500789009533264 0.83487293565083 0.21970359912347703 0.7930651366189905 0.23365631691501676 0.7829298145070662
8 0.0315372623380199 0.6548773470396586 0.01703090788157624 0.6662061804913366 -0.005335585975444701 0.637569880008847 0.009170701204425313 0.626241086690869
11 0.03963283263362882 0.5996872729114976 0.02369098368376399 0.6112684724316719 0.007027309104842061 0.5883328655262778 0.022969101517219315 0.5767516957051475
12 0.24032593857441498 0.6577534760535912 0.21533296738152785 0.6781067590910824 0.17135847562394702 0.6241144656313309 0.19635123536454557 0.6037613189139535
11 0.07034501570637985 0.6787072334450144 0.05879571311061227 0.6873423803207594 0.04219773648264891 0.6651460089999486 0.053746994730317965 0.6565108866345962
11 0.3184496020357983 0.6918534087831955 0.3177655930022638 0.7051868377944388 0.2781776552485553 0.7031561597826084 0.2788617173214334 0.6898227869737493
11 0.3110198954614134 0.6919168126966442 0.30959342054040917 0.681275534324384 0.349914985096234 0.6758710962019738 0.35134149785358204 0.6865123294243963
11 0.28020551893928314 0.7490527483302614 0.28077708164687465 0.7235152713824351 0.3529194495364436 0.7251294164688202 0.3523480980674094 0.7506666876186933
11 0.4415286392213602 0.7643117255325871 0.4419528593950872 0.7810258040242416 0.36275790030390453 0.7830350298732295 0.3623338399588647 0.7663211072964624
11 0.3711314605673124 0.8266212854013847 0.3707840809298659 0.8503435618808041 0.2913463153329303 0.8491800495997452 0.2916939317216247 0.8254580137592301
11 0.4167114398171634 0.8460589785781782 0.41701552144297693 0.8393699393211372 0.43496681096974044 0.8401858111086662 0.4346627454368672 0.8468748349229474
11 0.4373546939169728 0.875750681105351 0.4370752380079921 0.8834522751095462 0.414068316662906 0.8826176127123828 0.4143477953992942 0.8749160424732549
11 0.6040451973827885 0.8865210149414724 0.6055503196978407 0.8794066804814605 0.6301967724001543 0.8846196621029546 0.6286916777943361 0.8917339723880601
0 0.360995600942033 0.6956141760587312 0.36090504319292904 0.6900342693550126 0.3828040806457693 0.6896788986135296 0.3828946510739115 0.6952587924167399
0 0.489486490861168 0.7071377613537102 0.4889070243754077 0.7362315266095731 0.3011470582576976 0.7324899414009215 0.3017271120689884 0.7033967672413581
0 0.5584272369690098 0.6666600281282287 0.5324517997993325 0.7078529914748911 0.41834281134549656 0.635906747135085 0.44431818503176146 0.5947143308552989
0 0.5466996958034542 0.5788169972449065 0.5467002695866086 0.6234948763657657 0.44504501110623096 0.6234953900302984 0.4450448529410096 0.5788179208436378
13 0.43677492034157694 0.6473552679871973 0.39980789255457694 0.7041974824993775 0.27809468313193975 0.625050945585557 0.31506156933505736 0.5682095414230189
13 0.41801370441316976 0.6730462315594267 0.4188569097373147 0.6833098115315306 0.3944263215104229 0.6853165810469811 0.3935831440886659 0.6750530270936485
13 0.5784085628386038 0.7251167025431517 0.576949457344881 0.7329957074658131 0.5581088073761293 0.7295071603775714 0.5595679256507538 0.7216281721704639
13 0.5753152924568212 0.7588009849650094 0.5755555389971505 0.7496251841079643 0.6016513432466581 0.7503083016049656 0.6014111249304506 0.7594840749003463
13 0.5355014825289572 0.839642915629587 0.5198569980108232 0.787875922122097 0.6429345929631154 0.7506873229364746 0.6585795407615933 0.8024535140278101
13 0.407468741108687 0.7652224414827603 0.4069316453801548 0.7337504358952951 0.5294728364281127 0.731658842695001 0.5300103641492342 0.7631304098877195
13 0.6370855506039561 0.6910809288160318 0.6577196116891173 0.6621090264089813 0.726606634164682 0.7111637561940087 0.7059728644409233 0.7401353967958944
0 0.5752294900678407 0.7450954954700933 0.577689796722666 0.7217001637413697 0.6297826789335659 0.7271774130736078 0.6273225219304095 0.7505726070441686
0 0.7288545105277535 0.7679284173665606 0.7252018088904606 0.807800812684031 0.6478729424263747 0.8007174790631086 0.6515259753640521 0.760845451233996
9 0.7492209866494477 0.8243397591185295 0.7291626293380205 0.8004426735139456 0.7637308728682228 0.7714330617601427 0.7837891483919748 0.7953300149790088
9 0.6100542163807177 0.7234374874595879 0.6139662465602669 0.7036723742492168 0.6692995420291936 0.7146224557840066 0.6653876509955126 0.7343874471070765
9 0.8087628064912451 0.7082262834892022 0.8106517403878115 0.7184809101964162 0.7800386764002951 0.7241189834717728 0.7781497820196819 0.7138643916255619
9 0.6605568638258319 0.6745709946313281 0.6617514261879478 0.6646866360302597 0.6895198017020903 0.6680420673961165 0.6883252704134293 0.6779263977214506
9 0.6909526561054236 0.6734241193881341 0.6913112518052458 0.6779714159905968 0.6748599692052721 0.6792685524134859 0.6745013817733252 0.6747212635468545
9 0.7151893928571553 0.6639049581280415 0.7154380084122067 0.6555617126310219 0.751343588762893 0.6566314598140489 0.751095004224112 0.664974675085265
9 0.821985384152299 0.7370077276800222 0.8215649056642178 0.7391214858357756 0.8097501607857112 0.7367716211957622 0.8101706413967804 0.7346578658945753
0 0.56972477730028 0.6899803354437083 0.5690748914155392 0.701780973779523 0.5281020130704519 0.6995247376934823 0.5287519471208952 0.6877241506766214
13 0.629412835028802 0.6503714282222954 0.6461099363759786 0.6618199967458724 0.629244263270266 0.6864142784910949 0.6125471904554161 0.6749657447011657
13 0.7164508731526666 0.7827315591133098 0.7168711361287023 0.7789754666992579 0.7320794226084217 0.7806767710459054 0.7316591671165042 0.784432856612425
13 0.7687319139279225 0.7520213479673888 0.7537301973413832 0.7806968983744803 0.7183834970900307 0.7622082439268419 0.7333852295745373 0.7335328251252687
13 0.8305462404467789 0.7999197505475817 0.8243298652715794 0.8248491870758483 0.7810124513364372 0.8140495902521727 0.7872289168110456 0.7891202906860246
13 0.715046144390385 0.7189780979380199 0.7241035090979722 0.7093018370336363 0.7419155480995414 0.7259719825920506 0.7328582100760741 0.7356482174939056
14 0.7687825853039385 0.7061141195529608 0.7733833358381617 0.7006694654355863 0.786147855504737 0.7114538813754088 0.7815471154112856 0.7168985256732922
14 0.8541106128377578 0.7589153020436681 0.8494178651499169 0.7689942829744085 0.8235638610882461 0.75695878903339 0.8282566168352332 0.7468798413496153
14 0.8652738337178789 0.7995248381113097 0.862682866219302 0.7893170203794749 0.8824440266762394 0.7843021500921011 0.8850350105773259 0.7945099427458542
14 0.845391307881755 0.7669313300492903 0.8467583061235473 0.7639691787717375 0.861421142888048 0.7707346797859246 0.8600541512324753 0.773696825463691
14 0.8597428090432686 0.7801431465057707 0.8603239902988662 0.7718654378078027 0.8838135555441795 0.7735143182483976 0.8832323987916197 0.7817920039418454
14 0.8761301871921887 0.782195307881803 0.8779017077722528 0.7783160069828047 0.8929706109348672 0.7851960729974011 0.8911990993772179 0.7890753662288174
14 0.8319595341024524 0.7348611765377007 0.8322910656386284 0.7422331166837337 0.8169250050872279 0.7429240251628054 0.8165934868422937 0.7355520977679755
8 0.7579739739826437 0.7304334682506249 0.75724617927699 0.733892124169279 0.7499587080616266 0.7323588892013082 0.7506865048467262 0.7289002361525266
8 0.8134124453174536 0.7370972882732747 0.8133585545215283 0.7396580263602975 0.8021452197548342 0.7394220716634902 0.8021991137101168 0.7368613368048935
8 0.6291804454492649 0.6635729524414969 0.6298105634054991 0.6464139701326475 0.6955806712718413 0.6488287302541461 0.6949506702216013 0.6659875995319968
8 0.7796756068989907 0.6780697969494893 0.7682177126170018 0.7255240908311624 0.700312767770356 0.7091303662500318 0.7117708978223618 0.6616764213651167