13 0.44366826199973275 0.06757005676439132 0.45509356565185044 0.20593553192190195 0.20754517981958998 0.22637511945356567 0.19612067463810945 0.08801029235703364
13 0.13194116407180445 0.26246025160507863 0.10661447918937483 0.32451872810477095 -0.025326792227360784 0.27067300563591334 0 0.20861492669169263
12 0.46531599580646343 0.37885590333557123 0.4835276159979003 0.46585539160721856 0.3461947240613199 0.49460047113940186 0.32798403026072265 0.4076017860694333
12 0.4807171855791239 0.13065718468488263 0.5402378454226664 0.16930242700853848 0.4765075590291872 0.26745726308112244 0.4169870022057012 0.22881215918295797
0 0.09219980892430613 0.04540346319613915 0.11095546201556772 -0.012731923742838857 0.16430511496571398 0.004479754461963785 0.14554947693306985 0.06261512834107469
0 0.28503933082959065 0.30642504480469074 0.2147907289898967 0.30531931427370324 0.21587386261126085 0.23652060070100803 0.28612206755087755 0.23762632812214585
0 0.20965453968403835 0.4389997224894204 0.16197357296869086 0.44165041079304007 0.15885187069443418 0.38549674368077486 0.20653250021871372 0.38284606479391914
4 0.0455058671679198 0 0.10950433959899748 0 0.10950433959899748 0.018873340225563907 0.0455058671679198 0.018873340225563907
7 0.5087720205590358 0.3908811541353383 0.48732055099810623 0.3908811541353383 0.4873206608808687 0.30332558646616536 0.5087719298245474 0.30332558646616536
11 1.000000026315547 0.5 0.972858146827889 0.5 0.9728581983379172 0.47440359962406015 0.9999999744937895 0.47440359962406015
9 0.40054777841783107 0.870657660401353 0.3335809235660463 0.8604842581413246 0.35109250449761475 0.745244011804232 0.41805747281387085 0.7554172683366653
9 0.4616635741404025 0.863707178319171 0.2633791240202754 0.979269674254857 0.1273420988769658 0.7458867700860008 0.3256160556791201 0.6303281303283865
9 0.5606493076394372 0.6788227624945151 0.509510993697404 0.6656601043559627 0.5368565588813681 0.55943470717339 0.5879938774660332 0.5725972316608026
9 0.8451889393220426 0.53236801940035 0.8233635757275124 0.5333718215814407 0.8218310043871497 0.5000512584107683 0.8436562538644239 0.4990474588555035
11 0.7596012061159172 0.47711379694876566 0.8286115092438422 0.5026184074288766 0.7607980883121854 0.6860890869671809 0.6917880117965751 0.6605849243577392
11 0.787765453176462 0.5990493464794071 0.9686380307043692 0.6159328444901615 0.93870927636749 0.9365066556186638 0.7578367887526838 0.9196237883535764
11 0.7619358177141748 0.9331261744460729 0.8127393889263885 0.8789404835029052 0.8919853432868194 0.9532208896933512 0.8411826394510626 1.0074057370779428
14 1.00000018099081 1 0.8956944655682264 1 0.8956955093108263 0.9203983571428571 0.9999987896368339 0.9203983571428571