11 0.07764789212899359 0.3100112929065377 0.19418080825926154 0.16085718926300904 0.4685992966489039 0.37525221726689495 0.3520692129499139 0.524403712708222
11 0.6923479533395493 0.40819541732806636 0.5007264185459235 0.3953297115285501 0.5117842617431734 0.23066198821995074 0.7034027792684583 0.24352759351539918
11 0.819112176886506 0.3888577989493422 0.8908907901677594 0.516453265369811 0.6617222756066212 0.6453577035489506 0.589946748472812 0.5177649044013675
11 0.6969398256835575 0.3464470985296547 0.7427773864294522 0.21758764056108806 0.9463952832378482 0.2900159443860224 0.9005593189637011 0.4188740447824707
11 0.7803573562200654 0.24978757419933564 0.7372521436462875 0.1602817537804753 0.9062498955942146 0.07889455183813976 0.9493551774182833 0.16839992251540092
11 0.2612909184537102 0.7592059238767401 0.25579004877147327 0.7256951232772367 0.315202381887957 0.7159440189625264 0.32070343208272334 0.7494545915584591
11 0.9838052743057233 -5.673051652343101e-10 0.9838052744275956 0.005624226466402141 0.849383248078766 0.00562422569647696 0.8493832482643029 7.675728277897183e-15
12 0.10057415259097979 0.2476657710626472 -0.033606031307954254 0.20746900281706662 0.0161297469692272 0.04144982580350415 0.15030899537532605 0.08164644619169958
12 0.39711177351273363 -4.43233113975136e-8 0.3971118059860146 0.07528913442249002 0.21945119965937465 0.07528908715177088 0.2194512430555733 6.236868945682365e-15
12 0.48012375552002595 0.08252052694937614 0.4770758708897347 0.1369407072618587 0.3180949276377305 0.12803649308944987 0.32114294260111365 0.07361644996098311
12 0.2712000712037934 0.17845082131731252 0.26728394103645314 0.15178746850493263 0.31989998630353966 0.14405963253894874 0.32381614508540224 0.17072294992397308
12 0.5763331714789501 0.10776105953988983 0.6027029450343662 0.21053549530717153 0.33643920699057617 0.2788509665601172 0.3100703830554039 0.176077332660089
12 0.4509306744786272 0.31024502814937777 0.45087401191028675 0.2822494761588019 0.5020676733231539 0.2821458425436859 0.5021244004917662 0.3101413294558587
12 0.5103232265499855 0.4625465259152187 0.5083650800927444 0.5214821384985133 0.39702943447571215 0.5177825470562109 0.3989880538496209 0.45884742311042154
12 0.06131457279650476 0.6263522742859099 0.061321313746475425 0.5806949292990886 0.2023446052850204 0.5807151263790107 0.2023384564877233 0.6263718794955951
12 0.5440856756944186 0.6725268995002631 0.5429150534598648 0.7316714666794911 0.4294036685316769 0.729424077669459 0.43057499188103066 0.670280225867542
12 0.7922694593765982 0.04259041775854134 0.76953185247487 0.12586646384736858 0.6618870206891643 0.09647516585283726 0.6846246905146245 0.013199202036774792