4 0.12113004838772667 0.3169980184903524 0.1932303912316229 0.327619049103184 0.17824613235347897 0.42933485556851436 0.10614580354422287 0.41871388686243477
11 0 0.1689000698005698 0.09380914957264957 0.1689000698005698 0.09380914957264957 0.2985460356125356 0 0.2985460356125356
4 0.0007345387026589378 0.34962690156089393 -0.0034736354530195968 0.33155584418376927 0.031599693401290097 0.3233886500754092 0.03580789049897248 0.3414596739996177
11 0.07614724636221126 0.3960962106941436 0.05209276282607789 0.37528457347008387 0.07010041964178981 0.354471913599283 0.09415485835802428 0.3752835182849033
11 0.19335062997959085 0.2633904837468734 0.17504928611413106 0.24341324779586537 0.19639838074681393 0.22385550162985685 0.2146997076633852 0.2438327162348923
11 0.1640451909552212 0.0818240682585009 0.1903225289877355 0.08863884723324927 0.18319371972188492 0.11612698536494687 0.15691638280065945 0.10931220930280636
0 0.24943705844918895 0.3374356397975686 0.20165178484660373 0.3454535716719385 0.1941212470511573 0.30057389331397305 0.24190631364615456 0.29255597918128573
7 0.5299145718054206 0.33548024928774917 0.5122663615487681 0.33548024928774917 0.5122663965954644 0.29069982763532765 0.5299145299145493 0.29069982763532765
4 0.38036278098343246 -1.013108458704787e-8 0.3803627979190196 0.06019627895392909 0.25810641264024525 0.06019626440043294 0.25810642745921086 6.0292507844248e-11
10 0.546708669515624 0.41880341880345595 0.5467087877847234 0.38554361434936907 0.5835077104964057 0.385543728812696 0.5835076671352226 0.4188034590279775
10 0.5921743489744813 0.28829032925389836 0.5781233424605716 0.26707703673736255 0.6057928488612561 0.2487500480002673 0.6198438499671965 0.269963311948564
10 0.6759599050199085 0.011446816307317932 0.6987647557828041 0.03499273839858155 0.6297111297449192 0.10187292119850662 0.6069062990274006 0.07832701905668223
8 0.5313232269899117 0.07194738268326417 0.5199598574891979 0.06465809254868825 0.5524188164994257 0.014057447727291726 0.5637821782472656 0.021346734379492478
4 0.5299145299145299 0.07917395584045585 0.5495909700854701 0.07917395584045585 0.5495909700854701 0.19409830056980054 0.5299145299145299 0.19409830056980054
11 0 0.4188034188034188 0.10660166096866097 0.4188034188034188 0.10660166096866097 0.5701368418803419 0 0.5701368418803419
11 0.27768137428404316 0.6728331856692328 0.12067320133610338 0.6567836656522881 0.1450978594564276 0.4178978816814724 0.3020997092876314 0.4339470724254078
11 0.4651344554580419 0.7073332931962517 0.2972791905350505 0.6998284438767043 0.30880630548824684 0.44212893519832513 0.4766540989061241 0.44963361865683327
11 0.467007242322552 0.8108922521204595 0.37539434050017917 0.8917349584507773 0.26543450940266666 0.7671477553811935 0.3570452619314892 0.6863066757224268
12 0 0.7948098133903133 0.06662211253561254 0.7948098133903133 0.06662211253561254 0.8758438774928775 0 0.8758438774928775
12 0 0.6332087364672364 0.17117712678062677 0.6332087364672364 0.17117712678062677 0.7939215113960114 0 0.7939215113960114
12 0.1280519474163384 0.5501253906021915 0.12222253823358642 0.5905439147212576 0.08062743450705057 0.5845452523819389 0.08645696474798115 0.544126874421859
12 0.20704754469738873 0.8725842747025401 0.29828794310822104 0.8614788693265711 0.31290721216930706 0.9815583303307912 0.22166684889418775 0.9926635454649068
12 0.9299478404558386 1.000000000000043 0.929948022505755 0.9647036037361755 0.9523260796127033 0.964703731804159 0.9523260156695414 1.0000000101910802
12 0.942870618879283 0.902811688644391 0.9758245429601402 0.9023232810081236 0.977269887762418 0.9998177951540217 0.9443159638422003 1.000306195918518
12 0.785309227184257 0.878463015345864 0.821674192303135 0.8753676080419397 0.8301542080325817 0.97496581097595 0.7937892487293539 0.9780611745609886
12 0.6904376585551972 0.9792401081066734 0.6423832850882718 0.9909275083010477 0.6271617202435209 0.9283573768462596 0.6752152405853167 0.9166700844465313
12 0.8025099428808744 0.7991539558082834 0.8385388580300059 0.7966179296810038 0.8456054179353032 0.8969900792051337 0.8095765064174429 0.8995260723553526
12 0.817066857384134 0.7172824365065213 0.854627436548526 0.7137940311706259 0.864102506687459 0.815796944007993 0.8265419336111108 0.819285307538242
12 1.0000001216724286 0.535417044159544 0.9607901985979197 0.535417044159544 0.9607903806771674 0.4775255925925926 0.9999999521896825 0.4775255925925926
4 0.5957851749972178 0.8215645655602277 0.5569294641453553 0.8213101622078384 0.5575087999699235 0.7329054724147367 0.5963636953027844 0.733159873092441
11 0.9286436024996192 0.7683006871605205 0.9246221792806182 0.8092620778201369 0.8792984141281295 0.8048129771947797 0.8833200356975794 0.76385180950075
11 0.9958062849929092 0.8113429615663773 0.9745002614167788 0.8099839023495483 0.978181531895757 0.7522851652855691 0.9994872621082322 0.7536442150997147
7 0.7763429579711101 0.8647949277444592 0.7429883119589249 0.8650308671617024 0.742425523501197 0.7854402642253251 0.7757794890759442 0.7852043272458017