8 0 0.0961681845703125 0.010659980902777777 0.0961681845703125 0.010659980902777777 0.1199725458984375 0 0.1199725458984375
11 0.03725255678546091 0.0969812420465586 0.10931441128002461 0.08705506845036268 0.11582131629302239 0.13429361787311123 0.04375946359652971 0.14421978305195685
11 0.27897003244504504 0.03734611082500914 0.3043633948149136 0.08678905295927375 0.1946448380339234 0.1431390729736328 0.16925157420826054 0.09369621466362929
11 0 0.3203125 0.07775578124999999 0.3203125 0.07775578124999999 0.4220996357421875 0 0.4220996357421875
11 0.00798049745321805 0.32004337839006913 -0.020798936176674943 0.2759538931571127 0.05583250946892804 0.22593380233633584 0.08461192114566529 0.2700231270690766
4 0.6524282103511041 0.19668268196566188 0.6350471880368787 0.15851469438332033 0.7636937758486511 0.09993165462820075 0.7810748266330165 0.13809951140703636
4 0.7752170901628688 0.1385113818513098 0.7571369996717294 0.10101191519640208 0.8896421985277811 0.037125626831789806 0.9077222989478742 0.07462500822414068
4 0.9032003492616241 0.07829178045388954 0.8838340122817954 0.04216560025380008 0.9915573544598146 -0.01558217299639625 1.0109236906274646 0.020543982821959857
4 0.723268275649275 0.179324359626124 0.7240083077298323 0.16022893138086747 0.7798486799174498 0.16239294703587312 0.7791086766844728 0.18148834742865547
4 0.6104702696054574 0.19414533419102056 0.6135204989974454 0.17181169502506663 0.6658739196346914 0.17896181869736802 0.6628237278243887 0.2012954229207567
0 0.7243419667441913 0.33638980591000045 0.6829393676803193 0.39677284016673425 0.5896877381170498 0.33283513826289723 0.6310902534155503 0.27245244457690504
9 0.5503917082304497 0.233147130481407 0.5424092399820211 0.19487209848139841 0.6173328164333043 0.17924654996664224 0.6253153514223868 0.21752148715988878
9 0.6247654233583262 0.2152917434219573 0.6208238431070185 0.20140301902977423 0.6838637362235431 0.18351267581789785 0.6878053324592202 0.19740137090692025
9 0.27118705208340543 0.41336056250002634 0.24148668393445405 0.38744577901536204 0.2801645685179892 0.3431199310149094 0.3098648195739315 0.3690346279677815
9 0.36407865332296296 0.32678668593512156 0.4300117428668955 0.3651960432594042 0.3675172558870372 0.4724682773741181 0.3015843888888412 0.4340592080078009
9 0.7866893113160813 0.20281654642112862 0.7858784295465284 0.2198723732176487 0.7110782487651477 0.21631607323207994 0.7118891693526166 0.19926028551054073
11 0.05362697846055653 0.040354934199112326 0.04844263794689141 0.013866164649095205 0.11985593565975705 -0.0001107382759451351 0.12504028053615457 0.026378024848957453