4 0.49358162219868973 0.3203594384325802 0.4811664969837466 0.41422908912234807 0.40645893646217246 0.4043484058357474 0.41887438961612133 0.310479147262744
4 0.42183076599212654 0.49221469869000395 0.47131052224733594 0.49209439240860126 0.4716420736234568 0.6284430577590155 0.4221623173722264 0.628563362640237
4 0.4590798653399588 0.8414581594045198 0.43059195513433224 0.8416122323897738 0.42960429149343327 0.6589283998970289 0.4580910151128137 0.6587743301156955
4 0.46408514869915507 0.7178252015230234 0.5258360758460867 0.7212659916421797 0.5181792276113129 0.8586563762208331 0.456428305404188 0.8552156429451698
4 0.4782495527045967 0.9710450556950535 0.4534321632488627 0.9709671138204776 0.4535307702525415 0.9396134424759435 0.47834793306458323 0.9396913839944222
11 0.34078900984422944 0.44583271262228635 0.27887841315816786 0.4475555571526202 0.2762170457785942 0.35190890375389305 0.33812693299080365 0.35018606900764765
11 0.3769672596959026 0.5817639805589108 0.3160358933533871 0.585127788436539 0.3093763958033833 0.46449783695601093 0.37030657382081245 0.4611340622790702
11 0.33998942099128726 0.7174760720381212 0.2873789236259654 0.7284305429655428 0.261741758965627 0.6053177962943921 0.3143509554257662 0.5943634658416131
11 0.3893139929012932 0.7728605131423468 0.3275055859102167 0.773234714004602 0.3267706295462176 0.6517186556276165 0.3885773932323673 0.6513444597674415
11 0.23969480250218567 0.8834368201406377 0.22408567695379134 0.9076331187376506 0.19525809898379975 0.8890406977429668 0.21086720720018093 0.864844511277859
11 0.3748105351234017 0.9999999990049978 0.37481174986032784 0.9243747611035881 0.44206100253938985 0.9243757555619364 0.44206053196933226 1.0000002559106678
11 0.5216238334178342 1.0000001009496344 0.5216245696093438 0.9252042176881435 0.5955388725112698 0.9252048613276785 0.595538943745396 0.9999999418009006
9 0.2864910983474829 0.8651959502886205 0.3159540339547675 0.8655673030958628 0.3142545233644114 1.0003713457326333 0.2847915878905951 1
9 0.26597092808538036 0.9999872075459415 0.23518493751601 1.0004787002016275 0.2335914690320351 0.9006637066959161 0.26437657463884534 0.9001722210811088
9 0.22157984642615247 0.7480483705320282 0.2550398139636627 0.7447433524699402 0.26320329405336906 0.8273751697951587 0.22974333138449765 0.8306801549541835
9 0.16412404637276268 0.577526984664278 0.1667348926765726 0.6174472749278914 0.12494279243571782 0.620180069170586 0.12233210742488154 0.5802599307094197
9 0.17372258046475508 0.4991770064521673 0.17866836598943792 0.5796935450344881 0.11439376475743757 0.5836408888184004 0.1094484303794161 0.5031247758478786
9 0.17614657848275783 0.505773609382249 0.10506931230236205 0.5064614692506034 0.10407557418443503 0.40372877571868754 0.17515181468411356 0.40304092085945625
9 0 0.8579144305555555 0.043108689453125 0.8579144305555555 0.043108689453125 1 0 1
7 0 0.7222722430555556 0.033357150390625 0.7222722430555556 0.033357150390625 0.7941553663194445 0 0.7941553663194445
7 0.008382694681358771 0.5503656636234966 0.04287404091155622 0.546807506558138 0.0502896023589301 0.6186838330636563 0.01579825958992842 0.6222419674179708
7 0.06113218856773983 0.4815845015540876 0.0957914463955376 0.47762129781979185 0.10390008088108971 0.548527961441529 0.06924082681132404 0.5524911430930436
7 0.2536897625175243 0.46997925881004426 0.21985671220113545 0.46903352281363764 0.2218312954164503 0.3984041602317975 0.2556640364269924 0.39934989196483855
7 0.392991556879565 0.43109916413845345 0.3612341573531239 0.43060700486139564 0.36227884907566477 0.36320857106808246 0.39403599439788195 0.3637007283994099