10 0.41095730989036383 -3.5356191460035864e-9 0.4109573110343945 0.03301929318754684 0.3644387205356452 0.03301929064235409 0.3644387234636497 1.6157466262669154e-14
10 0.2590897904317444 0.07687248530007994 0.2127065761792437 0.13394835507595673 0.15566755386112163 0.08759513653534512 0.20205075000001216 0.03051930970150698
4 0.3502861291154886 0.07489733299122722 0.38878985276664935 0.06192523759793507 0.40842425907453617 0.12020387149824621 0.36992054152483433 0.13317595483386335
4 0.5212199809608364 -2.9587377413932694e-9 0.5212199831928501 0.0348391344743806 0.46367184332802935 0.03483913135547128 0.4636718463686975 -3.6337216033634456e-14
13 0.47619842608924046 0.19331855547876753 0.4029674149137463 0.17958781791580855 0.4195132809726374 0.09134426392422113 0.4927440112886643 0.10507497414883828
0 1.0000000126641453 0.06508544402985075 0.9671906535526205 0.06508544402985073 0.9671906662022138 0 1 1.2424041724466862e-17
11 0.730991045925748 0.41934721504312295 0.703161851415075 0.3702695043749148 0.7873481416874029 0.32253424129295993 0.8151773428477327 0.3716116823949017
0 0.3473192289052349 0.7317068467332233 0.4687177185107885 0.6952199428290142 0.520213650989831 0.8665254866461986 0.39881550543361755 0.9030115969214987
0 0.20093775166503747 0.5511831625939917 0.2916981251902371 0.5564982836877123 0.2792329676447025 0.7693253564896156 0.18847260483107675 0.7640103497475895
0 0.5893867277944764 0.6667471753731343 0.5038087913611662 0.6667471753731343 0.5038096681325896 0.5298507462686567 0.5893854748603644 0.5298507462686567
8 1.0000007694179658 0.8877706921641791 0.9434219507819535 0.8877706921641791 0.943422926255721 0.7590769085820895 0.999999921824724 0.7590769085820895
8 0.8418192778040066 0.611285803238213 0.8892795213677118 0.6063657756237206 0.8988282044359721 0.6984640002903133 0.8513679679945199 0.7033839824120091