4 0.45497825547067805 0.061910155147419994 0.5053862475132291 0.05777528463463513 0.5167789807014742 0.19666294517438385 0.4663709904253892 0.2007978043341755
4 0.6070056802313957 0.23486004993447135 0.6099236319880674 0.33240739239227923 0.5369608702503683 0.33458960394014553 0.5340432338861092 0.23704256524680625
4 0.41130119344609284 0.33316970651371786 0.4317682347028722 0.33942613074516864 0.4210471870642323 0.3744972532177983 0.40058015126362534 0.36824084139451174
4 0.5501353666824116 0.49732070519284444 0.536473797944268 0.5293201841097074 0.494781545842784 0.5115217341605753 0.5084431506539886 0.4795223663432402
11 0.4406766083984621 -5.8753166620838304e-9 0.44067661460667296 0.04698279683638512 0.3750614802418113 0.04698279181454497 0.3750614853515799 2.75006163571074e-14
11 0.569932119140617 -1.5020892717740344e-9 0.5699321202312149 0.029674156576035556 0.5375382380608471 0.029674155486568623 0.5375382392578558 2.8547341872393735e-14
11 0.5911132426716676 0.09146467720871408 0.6761551950323792 0.08159979325304648 0.6965010055461107 0.2569930932688931 0.6114590598431278 0.26685793030682436
11 0.7929893970492685 0.3111227842552731 0.8535806586957051 0.3113632658179846 0.8530219769729683 0.4521218966350487 0.7924307153460859 0.4518814170370976
11 0.607905582560079 0.5511977706028363 0.5287583091786701 0.5302129673843656 0.5656804970299163 0.39096848926099 0.6448262162207357 0.41195307547663046
11 0.42318243492729835 0.32363915645239055 0.47098779498026033 0.2922099061539334 0.5504658793221324 0.41309534871766584 0.5026607230664695 0.4445243457089881
11 0.3310187659855046 0.20195364121384068 0.3789071899227565 0.16440254231308085 0.4562246582726175 0.2630030923690414 0.40833638156391316 0.30055402437333795
14 0.17561418984416832 0.7498521940774474 0.1699958624977853 0.6159970991816693 0.26367471002788534 0.6120658896640054 0.2692942830674383 0.7459196725080599
14 0.16756367104881065 0.16413968706911564 0.25216285250462533 0.14093369465051014 0.29826618394827165 0.30900454470541044 0.21366705965806432 0.33221039173507305
14 0.133433900462137 0.651546682983244 0.06978771330932432 0.653409861883602 0.067050576012889 0.5599015694750041 0.13069566840965763 0.5580384065781999
14 0 0.4763752065972222 0.0703983857421875 0.4763752065972222 0.0703983857421875 0.5445041423611111 0 0.5445041423611111
9 0.3254625624141454 0.17519198284416906 0.38083388021584597 0.19722646085585924 0.32362537200560837 0.3409851198062236 0.2682541208407656 0.3189507765691544
9 0.30400263095566515 0.01701247277046532 0.3331983949339019 0.015967122710672403 0.3393396731815983 0.18748753083112332 0.31014390940276826 0.1885328781705016
9 0.30965431445315517 -1.1507802999762799e-9 0.30965431591630477 0.03620110148482416 0.28453916019884673 0.036201100327221764 0.2845391612460162 1.7614526816010317e-11
9 0.2651696376952941 -3.0542562248132005e-9 0.2651696407122017 0.05045680652095089 0.23562714955573938 0.05045680370407753 0.2356271523437954 -2.5077928220836363e-14
9 0.22013793794303638 0.0909547365405878 0.19964465678856413 0.09310142643691321 0.19104268229943955 0.010983018049808519 0.2115359335937228 0.008836329861111806
9 0.00163103515625 0 0.0424135478515625 0 0.0424135478515625 0.02039797222222222 0.00163103515625 0.02039797222222222
9 0.14164660992764766 0.4591460089901253 0.14398851298597037 0.5164870548975357 0.10153814355305713 0.5182205060131094 0.09919642870352163 0.46087964102252477
9 0.010056500530822632 0.6840953019621316 -0.01676001541295591 0.6721531129245197 0.008409331350435423 0.6156425855820031 0.03522556090740636 0.6275847006646764
4 0.4661632063059642 0.18177417719288852 0.4128699330251493 0.19676284464949742 0.37542288259339784 0.06361754890861528 0.4287159150393336 0.04862891579093401
11 0.5568603064942863 0.000302847207604442 0.6561851991247067 0.024532902556203984 0.609448738252695 0.2161164463525856 0.5101238639302892 0.1918864664127488
11 0.623158311518182 0.5988156460688798 0.6675201367784211 0.582085679957806 0.7218449333980743 0.7261172994310545 0.6774832459408344 0.7428470050449262