10 0.3999453892913607 -3.1220373710182295e-8 0.3999454334002621 0.08540329308907893 0.2646669375511692 0.08540326073477374 0.26466697113801274 8.486082218685494e-9
10 0.4144173417608954 0.10595876797341966 0.4343534476993227 0.0873238186301224 0.4726586788798386 0.12830350127858647 0.4527225911937194 0.1469384317828202
10 0.5087719719502957 0.1648342834821428 0.4832218399486692 0.16483428348214282 0.48322187365431546 0.07648159374999997 0.5087719298245474 0.07648159374999997
13 0.3637152472831531 0.12560903251910246 0.42253849322526094 0.13967075562307807 0.4043416171567742 0.21579159068210851 0.3455183800969053 0.20172989636328126
13 0.3110279715372144 0.2696793407262459 0.29822003603112535 0.280234951193752 0.2829588577361619 0.2617177722630489 0.29576677756733716 0.2511621721359133
13 0.44888563953531957 0.45176385401291236 0.4399788373159481 0.4576959795824855 0.39645008028946904 0.3923431695247268 0.4053568170456856 0.38641107369910843
13 0.46053335646138294 0.479512375578416 0.4520972064118496 0.48745072417301166 0.41988963409414737 0.45322568840963684 0.4283257537940699 0.445287366150789
9 0.48164545102827105 0.24263992934416315 0.44758068591431766 0.27534823647348944 0.394716842910384 0.22029285975063534 0.4287815128903958 0.1875846392920994
9 0.4972823522326735 0.2961833906186959 0.47365101228115236 0.3015988825130562 0.4587677128472478 0.23665448872534384 0.4823989302475411 0.23123901140223999
9 0.49711959888634283 0.3330622868660603 0.48372487533856656 0.34060587419021304 0.46831702407303055 0.3132478746209111 0.48171171428566595 0.30570429910714575
9 0.43367358926764155 0.3427383515495627 0.49009472073157667 0.3344521188312862 0.5124893784408187 0.48693055125594686 0.4560682648963166 0.49521670317058747
13 0.5188213332057785 0.11301167159121357 0.46508371624986466 0.13014878129685392 0.4238184439894894 0.0007515088918484959 0.4775559320797811 -0.01638557701257199
10 0.321032263504776 0.0628391980349971 0.39061397280033816 0.0637965019729447 0.3884061027071084 0.22427488056168243 0.31882439341131885 0.22331758001939392
13 0.44590014262826116 0.3011511574013326 0.4021679695911189 0.3353274437692591 0.24938886349218592 0.13983313483479007 0.2931205541816553 0.1056571358558826
13 0.3472716647092966 0.26964003537991127 0.33884101204387207 0.2779258794092081 0.3136706909962186 0.25231618650663074 0.3221013312722789 0.24403035435346296
9 0.4557768877509716 0.4999999895703255 0.45577705154869363 0.470018619041092 0.5087719763719178 0.470018869076348 0.5087719298243201 0.5000001221361856
10 0.9045908472124893 0.4562085624554988 0.9475212556308179 0.45064473979257946 0.9538790896003775 0.49969842784169266 0.9109486848772121 0.5052622304844602
10 0.41743677316492267 0.9736131630307403 0.4460571545473613 0.9699047746123463 0.4499577857143322 0.999999999999998 0.42133740759709326 1.0037083715081125
11 0.5087721136335404 0.8751707120535713 0.47395492123007443 0.8751707120535713 0.4739552077620601 0.8203218102678572 0.5087719091509371 0.8203218102678572