10 0.47383118015977743 0.34203811220014896 0.6105582318763254 0.4245465162101468 0.47485927953846385 0.6493994039774409 0.33813348015178235 0.5668926530855543
10 0.38387952581808804 0.8940554067597924 0.5061017317597134 0.8707027973715284 0.5284257478792824 0.9875115622934102 0.40620365168524586 1.010863774435822
10 0.7133151673523344 0.6962355811080374 0.7705857127277795 0.6871530976216377 0.7854663502280346 0.7809694678706357 0.7281958282196683 0.7900518540509992
10 0.6285495346947982 0.8275789388791273 0.6060334822541336 0.8420392768277671 0.5875662568264488 0.813289938918547 0.6100821653355979 0.7988296628730019
10 0.6144547416857904 0.861517737194632 0.6294647757464418 0.8453316631292042 0.6603077037781304 0.8739271406101633 0.645297762471273 0.8901131246507061
10 0.8554687984417342 0.9097222222222224 0.8320311877176891 0.9097222222222223 0.8320313122821972 0.875 0.8554687015582658 0.875
10 0.7648862779929004 0.5089219275934933 0.7871755756398215 0.498896380606593 0.8056724848698877 0.5400162859869864 0.78338320898456 0.5500417969209753
10 0.6449346710519421 0.05325950004939911 0.6986657846686057 0.016991274536160856 0.8077419243888926 0.17858631945563005 0.7540109174781264 0.21485441463534272
11 0.5892421280273084 -5.9344248152269834e-8 0.5892421713983822 0.09746149968425327 0.44554772292724465 0.09746143931258677 0.4455477832030965 -3.0830259539264517e-14
11 0.7013584828207513 0.5581453226412855 0.6036700007799709 0.5375406841828332 0.6335928690571109 0.39568939978186335 0.731279352563547 0.41629381970622864
11 0.4978039409227222 0.15334955273585488 0.5867468079561604 0.11121963703788978 0.6832711434185512 0.314995144748459 0.5943284985721675 0.35712472103157106
11 0.58984375 0.5555555555555556 0.625 0.5555555555555556 0.625 0.5972222222222222 0.58984375 0.5972222222222222
11 0.8164524554283616 0.619595601256008 0.7660223087573286 0.6444395926923991 0.7142695066364695 0.5393979756549233 0.764698763666388 0.5145542464044651
11 0.8009084526877359 0.8423297627510969 0.7746463084894231 0.8392928068729023 0.7790895674487501 0.8008787796592848 0.8053514591778139 0.8039157207614884
11 0.7924826146409032 0.8322184757921407 0.7630136762542179 0.8745982148254754 0.6807145328127717 0.8173824406283893 0.7101833276526577 0.7750032339131769
11 0.8281250998971927 0.9374999999999999 0.7968748867831437 0.9374999999999999 0.796875048521315 0.9027777777777778 0.8281249571871285 0.9027777777777778
11 0.7803268406711368 1.0062860653806924 0.7617597285086504 0.971073287671368 0.8198880786438849 0.9404320753667869 0.8384552276555723 0.9756445075963371
11 0.8047440791016243 1.000000000000017 0.8047441930284549 0.9895822955151931 0.8496090264955001 0.9895826386615139 0.8496089833972746 1.0000002725395725
13 0.9909798789221895 0.3365668427362194 0.9230068426957132 0.4751696838352091 0.6086649760793534 0.32101351785540794 0.6766384597759725 0.18241318100659054
13 0.7675992230775819 0.9488784103605943 0.7483304316717749 0.9936815526343127 0.6566834054291348 0.9542764762757632 0.6759524002378612 0.9094739868385213
13 0.43455494911256665 0.6418230945791262 0.5660322573444319 0.6223775490700196 0.5959720983502166 0.8247795204337287 0.46449489839358193 0.8442246197173414
13 0.911399048000817 0.2528181197052372 0.8903194913245898 0.2873146575123078 0.8318386463050729 0.25157976746735183 0.8529181964298687 0.21708331934919675
13 0.6007348033124345 0.36221019884703787 0.5978902301261542 0.39544787247314117 0.5329900339985443 0.389893576003573 0.5358347191930761 0.3566560250440092
13 0.7195626875007974 0.7165963730525623 0.7068744483630098 0.7319935965665385 0.6748743812050861 0.7056276095896771 0.6875625801982324 0.6902304554645675
13 0.81640625 0.8680555555555556 0.83203125 0.8680555555555556 0.83203125 0.8888888888888888 0.81640625 0.8888888888888888
13 0.46330739206791804 0.8698951014818663 0.4682550103723315 0.8438042057642039 0.4997278501062965 0.8497710535798363 0.4947803561698265 0.8758618400147863
9 0.9771574410891617 0.1271388880158325 0.9439078356944037 0.20964989145055765 0.7924844855028823 0.1486305747920456 0.8257341869009451 0.06611986664371321
9 0.8139025009528496 0.4385988104758312 0.8928616715005546 0.43323511080811766 0.9004291325910572 0.5446282519903465 0.821469966923587 0.5499919069333794
9 0.9649740829822804 0.6935172456361622 0.9852116532134687 0.6804980155194686 1.0183988607287802 0.7320776850779778 0.9981613597210526 0.7450968283494642
9 0.9213815693359493 0.9999999999999617 0.9213821530947826 0.9438117439250056 0.9637425037391267 0.9438121469239185 0.9637422714841932 1.000000054604594
9 0.8502560988354162 0.8767075101581923 0.8713666309305381 0.8671322994450021 0.8902910678076523 0.9088451643475917 0.8691805722035042 0.9184203153669714
9 0.7774842606467018 0.929421174946912 0.7578543437385861 0.9297181275861719 0.7573140519617709 0.8940054383006939 0.776943774022925 0.8937084871362221
4 0.9973237104162536 0.8762915880983561 0.9622978765573862 0.8820593461798467 0.9477027649522825 0.7934444157726496 0.9827278108861037 0.7876767240907756
4 0.8970729681246894 0.9754702130647559 0.8795269978892293 0.9770181252057815 0.8768259477745914 0.9464086916082374 0.8943717614829438 0.9448607864002573
4 0.8957198964843656 0.9405577274305552 0.8998851599280897 0.9405362611828576 0.9000873257676858 0.97975316408975 0.8959220623249848 0.9797746302142681
4 0.9999999915939952 0.2013888186709178 1.0000003503751032 0.33095285590347434 0.9035928988624846 0.3309526298159315 0.9035930383724917 0.20138906682257496
4 0.9767448747327308 0.6531013764376977 0.909051430384352 0.646695713159323 0.9188309899706155 0.5433668523818298 0.9865231681188789 0.5497724555108143
9 1.000000072403509 0.8856767951388886 0.9938099918063017 0.8856767951388886 0.9938100732642852 0.7865183611111112 0.9999999998143494 0.7865183611111112
4 0.9437264016046356 1.0000004194144338 0.9437272773844825 0.8680553615497766 0.9999999573344667 0.8680559367380801 1.0000001325992116 0.9999999527910426