14 0.28694828730512245 0.10742507753164558 0.37973273942093544 0.10742507753164558 0.37973273942093544 0.28890382753164556 0.28694828730512245 0.28890382753164556
14 0.2104100927434729 0.03571014469594075 0.20677149236200876 0.13483519191028318 0.12999175125980855 0.1320167442193102 0.1336304420904071 0.03289178303230205
7 0.2686961831465169 0.07858393780438683 0.21785624489780275 0.04065288737395477 0.2555075317951605 -0.009812030063652347 0.306347444963194 0.028119006341750626
7 0.3456608763919822 0.0028028022151898734 0.37973273942093544 0.0028028022151898734 0.37973273942093544 0.06727088765822785 0.3456608763919822 0.06727088765822785
14 0.5592972721332217 0.38010975485782444 0.6099387704928176 0.3857542727735954 0.6000248306701224 0.4746954420215112 0.5493833376359589 0.46905095693447946
14 0.8075183284436207 0.24077737215455772 0.9031504184549703 0.24325376118337352 0.8994568024120326 0.38588837055598446 0.8038247131821663 0.38341199829918465
0 0.7174113722821858 0.174018282940645 0.6276384587191615 0.15019024063093017 0.6639690491331294 0.01331460427958697 0.7537416573537712 0.03714260733806619
0 0.4788137349655699 0.2978592820698113 0.4485755048098099 0.35470480440873153 0.39377433020615626 0.32555477314872966 0.4240125754137125 0.2687094202597653
0 0.9545710925772255 0.16051063790678305 0.9259943338142875 0.1629800615380682 0.9202567685445047 0.09658348636662474 0.9488334547655768 0.09411406583911004
9 0.9782457476997024 0.4344760771690002 0.9444467587674126 0.43739665397565763 0.9371692268333618 0.35317821968912794 0.9709678674832958 0.35025765822785143
0 0.7700148280232497 0.422918943345951 0.7941874067061008 0.41653150045695 0.8014654482602737 0.44407291131432275 0.7772928742517706 0.4504603421552098
10 0.27420908976114333 0.7984174479826681 0.25369357656654756 0.680839686470417 0.37433428440670014 0.6597929893606606 0.39485103892911866 0.7773691602103789
10 0.023200521772196225 0.6205484967270479 0.11004263275424364 0.6166679214173398 0.11712563333412618 0.7751538588186881 0.030283527820529343 0.7790343685855391
10 0.2222981177365 0.9128828276056781 0.2268979415287049 0.9957374219770971 0.13421561462007503 1.0008801889346226 0.12961696805587053 0.9180267138894052
8 0.21301305913493707 0.47147501916050527 0.2945696051708637 0.4611226672228034 0.30711126135952327 0.5599191515340225 0.22555473098191214 0.5702714223106969
8 0.052395522802953565 0.9153508448355456 0.010002908865999416 0.8703960169533121 0.07404221709339254 0.8100206769262743 0.11643438284124841 0.854974986081861
4 0.07792684597302468 0.5671543784384925 0.12884660936811088 0.4919326711020908 0.21410371624722302 0.5496406576014357 0.16318470210524083 0.6248616989103221
0 0.3797329366275335 0.6162819129746836 0.3411143907914038 0.6162819129746836 0.34111464944112413 0.5499116582278482 0.3797327394208878 0.5499116582278482
9 0.37973279109576197 0.4902723718354431 0.34617310806561363 0.4902723718354431 0.3461731559019654 0.46993670886075956 0.3797327394210015 0.46993670886075956
9 0.12737806891971104 0.7281743682477521 0.23656792753388345 0.7099555573982852 0.27168684885964467 0.9203914839595327 0.1624971159596953 0.93860980532215
6 0.2984836280623995 0.9999999999999916 0.2984840934686872 0.9627374369918699 0.35534162076692155 0.9627380809366309 0.3553414720341834 1.0000003268895352
9 0.75451771937594 0.4699365952561566 0.7545178030719626 0.4922909083092205 0.719619166872576 0.4922909648119341 0.7196191403118064 0.46993670886072314
11 0.7080592408269695 0.4699361197720737 0.7080599472224094 0.5723523008579198 0.628760690438753 0.5723523253958958 0.6287606321724297 0.4699367996563662
7 0.7348356653960764 0.7431797803575634 0.7893902935927599 0.7323918955390923 0.8052389279508816 0.8125245175949517 0.7506843306541668 0.8233122975623466
12 0.771645740425015 0.5127014781331841 0.8032493739449365 0.5087836109756536 0.8100681064075843 0.5637825056703369 0.7784644762433572 0.5677003550843156
12 0.7418923910087187 0.8402404807761473 0.832318616920702 0.7898248417551734 0.8624902794477975 0.8439301207609755 0.7720643462331509 0.8943453567255731
8 0.687370663323918 0.8755762969880003 0.7008020663349726 0.8954477218313428 0.6711641754548054 0.915475413039112 0.6577328814852308 0.8956040850359407
8 0.8527670607585378 0.8104368606604364 0.8750397571513986 0.8085125930270901 0.8788730751304001 0.8528726360087812 0.8566003801475972 0.8547968927852412
8 0.8457927780976888 0.7850615796103321 0.8526814777754907 0.7793292573815033 0.8647038658267547 0.793774186169324 0.8578151780291137 0.7995064954450629
11 0.9110240076632863 0.7062929367914622 0.9425243956575287 0.7347005729720962 0.8787096822576359 0.805450101188904 0.8472095899112446 0.7770427766554701
8 0.9243306721823501 0.5548340919907389 0.9966703732562792 0.5774602916225562 0.9575758459957342 0.702437284930581 0.8852362694992735 0.6798113677727489