11 0 0.13704485662650603 0.15452964457831325 0.13704485662650603 0.15452964457831325 0.32643912650602414 0 0.32643912650602414
11 0 0.4097392156626506 0.10529528313253012 0.4097392156626506 0.10529528313253012 0.519277108433735 0 0.519277108433735
11 0.12223963493977408 -4.331267882296453e-9 0.12223964248653374 0.05251091791091683 0.06756956496019484 0.052510913358839166 0.06756956898334465 4.4005228981620746e-10
7 0.09965175808770255 0.028362262844370774 0.14596402189499713 0.05294746415891851 0.11566007839826398 0.11003229256882203 0.06934782616951907 0.08544710792362699
4 0.30560283546856226 0.36611489259236535 0.23765745710647934 0.18936282795484793 0.7807050412901617 -0.019392345941631185 0.8486518721715584 0.15735714445209906
11 0.2533320350894428 0.31130685169608036 0.2862975871165645 0.2550765856014657 0.4218485040383939 0.33454217267287284 0.38888344614360904 0.3907720104569579
11 0.6241909120482205 0.999999999999998 0.6241913842684426 0.9780524048033925 0.7186011250324782 0.9780539283522253 0.7186009650514507 1.0000012112414578
14 0.26987951807228916 0.628097530120482 0.33170478674698795 0.628097530120482 0.33170478674698795 0.7260816469879517 0.26987951807228916 0.7260816469879517
14 0.5810622508460028 0.6193173784232222 0.6716934899997113 0.7246856694925172 0.4965976653763846 0.8752635604621142 0.40596935432779446 0.7698980359055617
14 0.7700588012214666 0.7408715569832786 0.7316849157141405 0.6757868413395054 0.8035040445984123 0.6334486488724926 0.8418779144640212 0.6985327930385792
7 0.8782494228915994 0.8764587855421503 0.8677309596323539 0.8634722879224958 0.9102396923753986 0.8290497838561001 0.9207581062445342 0.8420361899129558
7 0.7523808188990415 0.8502093011602918 0.8059631055069758 0.8661713625291648 0.7899808298798234 0.919808769442113 0.7363985944482465 0.9038468282955449
7 0.7005144250074409 0.7408381825852067 0.7573530421121859 0.755716226967774 0.7426933071188841 0.8117106511751861 0.685854728482127 0.7968327083215064
7 0.5977190665134913 0.8754585150787523 0.5736567587391619 0.8333564047909113 0.6346056181789663 0.7985301191634859 0.6586679345708717 0.8406318577553429
7 0.5217177199640446 0.9469840718606283 0.526267255587527 0.8923237883151188 0.5870016970619645 0.8973776222454701 0.582452663687036 0.9520374365046632
7 0.4228093674698812 0.9999999999999627 0.4228098751168545 0.9629297566875935 0.48426449413796036 0.9629304875509792 0.484264327311962 1.000000390056517