12 0.14466943079048633 0.5889832085048433 0.14466996688543077 0.4254631890637439 0.1733489544794793 0.42546337606137347 0.1733487740112878 0.5889830508474818
12 0.21465625390283094 0.2616842022320123 0.220708850703204 0.26097440581939874 0.22403430919541734 0.2893307149966682 0.2179817125468162 0.29004051055891866
8 0.18891621158547878 0.5822458116278719 0.17041885804565027 0.5797303584531112 0.1803836116966977 0.5064624558413504 0.1988807386373992 0.508977893264126
8 0.1238553742938393 0.5889830508835515 0.12385542092408741 0.5625031011882276 0.13752473100441875 0.5625031328763324 0.13752471610166594 0.588983050847451
7 0.19869075093356514 0.510374818449888 0.1897411106308482 0.5091577356826305 0.19714162162426874 0.45474350242729483 0.2060911916672694 0.45596058039325726
12 0.12189105700497294 0.3603397544308416 0.10762154272890712 0.36005605317961037 0.110979675551107 0.191159012935417 0.12524899448840188 0.19144271229117962
9 0.6373566785564435 0.01342229074779382 0.6834116576222868 0.042892698293392297 0.6476993194536362 0.09870221127828595 0.6016443538164822 0.0692318203933944
10 0.7958535730301719 0.17593718508198572 0.8149220850526717 0.15020779620956953 0.8557378145314942 0.1804568036736469 0.8366693422769913 0.20618615669625173
11 0.7615790583344051 0.5956192509139906 0.6699965666687149 0.5635397632811209 0.7160294390439503 0.4321354813085008 0.8076101619334395 0.46421463638705884
11 0.7323885988863594 0.28385014867445907 0.707187189365186 0.2932625439792096 0.6960906987831095 0.2635526245538202 0.7212920483751759 0.25414024161556154
11 0.5104020013618538 0.2699888539697715 0.5257023169280046 0.2493441899758042 0.5485309504324505 0.2662627496549439 0.5332306612780258 0.28690738969512203
12 0.7494457556489351 0.9769178347457188 0.7513829106528647 0.9673328162177621 0.8029104084114351 0.9777434671823794 0.8009733390583733 0.9873284107686482
8 0.7116619943501519 0.9692842994350518 0.7123553155711306 0.9658536615505677 0.7410786130020597 0.9716568243078292 0.740385308747932 0.9750874473548943