11 0.18347428027345813 -2.9006154589454302e-9 0.1834742875145139 0.04088790433638766 0.11718749936835593 0.04088790245104346 0.11718750118541266 4.7794496481364084e-11
11 0.06141722528275295 0.05548916775184067 0.12517599921079636 0.057106858611045315 0.12176391798766417 0.19158824759755003 0.05800514428074166 0.18997056075923743
11 0.23779700522311487 0.2202368103435016 0.2297888790592424 0.22390768248559245 0.22390426537947405 0.21107038424883776 0.23191238510992207 0.20739951382885177
11 0.557186550576148 0.2475604885740862 0.5387490749527615 0.2459735134823408 0.5427603233399623 0.19937194373382358 0.5611977405177413 0.20095891629414758
11 0.524768089024974 0.319800209388133 0.5141041852708668 0.31784118648428555 0.5197115367197966 0.2873186694631789 0.5303754103689471 0.2892776895146323
11 0.5353268443871002 0.3292196800395994 0.5490796232944604 0.3268273911869891 0.5560866477588888 0.3671079054542731 0.5423338702264573 0.36950018912616756
11 0.6126856730369354 0.44044008137304325 0.6292215889503723 0.4391179885499031 0.6319347033886515 0.47304982541341567 0.6153987878534508 0.4743719151053618
0 0.31102999923086827 0.06329179777876573 0.27293756589119766 0.06845673204745832 0.26368983350710096 0.00025277659673904763 0.3017822361832714 -0.004912155309094587
0 0.35819078512076885 0.04269919048583368 0.36761312949056446 0.044760280691746854 0.36447856282268276 0.0590900485566157 0.35505621852723834 0.05702895858483051
0 0.09748968066412544 0.21397880555552434 0.15937962937096017 0.13474940092797558 0.21734269550006502 0.18002680552064468 0.1554529367442683 0.259256038131484
0 0.04543287804665397 0.09033885510660096 0.014469085321820785 0.04522313936027849 0.06030828103052954 0.013762844784873175 0.09127206920254594 0.05887853999827201
8 0.37180842005898285 0.1578253597406182 0.38918350072162866 0.1461183883976362 0.41551251566306746 0.18519467669739678 0.3981374466629859 0.19690163369545427
8 0.4310674492774069 0.18090846582923437 0.40397269080187925 0.17294870237657628 0.41937347993314233 0.12052546480661899 0.44646817511909376 0.12848521838538782
8 0.4380911972494914 0.07421610246718172 0.45563760741049464 0.07893891988542988 0.44494449924582113 0.11866629855128447 0.4273980901509731 0.11394348398991011
8 0.36571148144537347 0.07377951562499743 0.3813832979514018 0.07037353944769742 0.38928027279121125 0.1067095730294493 0.37360845678745136 0.11011554746738199
8 0.4696195647488821 0.04287792733476939 0.4947858945928374 0.03558752732439973 0.5037746859362642 0.06661665154485381 0.4786083569690618 0.0739070495954338
8 0.44642858984377654 -3.5839442733070025e-9 0.4464285923141915 0.034334142608817654 0.39150903826418926 0.03433414010486002 0.3915090410156381 6.932615282252509e-15
8 0.40393871682567806 0.2381069198158575 0.3973409411511284 0.2383687656058912 0.39695999420848693 0.22877008511280722 0.4035577653804694 0.22850823941223766
8 0.3890111526753799 0.26731358015813267 0.3890111550746269 0.2574390979235316 0.39541365128025063 0.25743910005618226 0.3954136514092852 0.2673135797592578
8 0.41173573579078493 0.2803890248276302 0.4055670746145097 0.2801983997715079 0.405883848035387 0.2699478745750809 0.41205250391772097 0.2701384995493985
8 0.3973833382852945 0.297470792085643 0.40382706401942414 0.29862644505240377 0.4021934168814596 0.3077351326507451 0.3957496912779561 0.3065794801770109
12 0.6026911742858374 0.26051222213892244 0.6169602165336983 0.26109111624984477 0.6156472941681841 0.29345233904311063 0.6013782519687538 0.2928734457199516
12 0.5943277954044106 0.19626631595484506 0.5739142632614858 0.19240617341873392 0.5807724717766405 0.15613847350060694 0.6011859649792086 0.15999861228300521
12 0.6039358218380357 0.10519023459544949 0.5713776759606617 0.10600554876079638 0.5687400384803141 0.0006752044238686557 0.6012981371416117 -0.00014010921761285934
12 0.6114959736328274 -5.449873458164266e-12 0.6114959736371475 0.00373630902749067 0.6017143876896398 0.003736309021095128 0.6017143876953241 -3.387182025393556e-14
13 0.6286482153708448 0.2054050632437624 0.644621749998123 0.20704298700903573 0.6382710408817047 0.26897604793971164 0.6222975067960306 0.267338127852024
4 0.932440809548325 -0.0017769224465090418 0.9534167046754192 0.00045013179991083336 0.9464641706932753 0.06593375521605356 0.9254882757541054 0.06370670173058621
4 0.9268194788202209 0.12594668150779365 0.9193924898969499 0.12527837528719182 0.9207839398088709 0.10981506989830983 0.9282109246001937 0.1104833759314069
4 0.8988744532088049 0.16688099623160357 0.89554093570041 0.1685436719676333 0.8918768820803962 0.1611976285168661 0.8952103984374844 0.1595349531250093
4 0.9091211851175558 0.223969096683138 0.9165145183699224 0.22435331469734945 0.915808209429315 0.2379442804821188 0.9084148761915003 0.23756006265153312
8 0.9015412950060409 0.28358666969166846 0.9152063073903491 0.28010805122616406 0.9256233588558871 0.3210281292057365 0.9119583489939487 0.3245067409175629
8 0.9265412132479014 0.27574045545493336 0.933549906535859 0.27799628092808565 0.9245445301498876 0.30597464768448157 0.9175358381922933 0.3037188251555168
8 0.9108555918801358 0.2290590317120658 0.9197135185546585 0.21834624999998825 0.9405523901081096 0.23557672137054647 0.9316944744479088 0.24628949283767348
8 0.9583008255855248 0.11587973442971884 0.9684520769550318 0.11827895664338983 0.9536059933705019 0.18109322907190195 0.9434547432398404 0.17869401035126697
8 0.9584148977579616 0.05350635184417158 0.9790477031472165 0.050379803330689386 0.9882036479199314 0.11080186293181546 0.9675708430673922 0.1139284090472142
8 0.9809028994141045 -5.15454196611332e-10 0.9809028999535485 0.022838713737307666 0.9538808715420828 0.022838713205272823 0.9538808720702718 2.610135865788932e-14
8 0.8980750364349888 0.11241138614012393 0.9094767794249492 0.1154863475675588 0.9036455649919617 0.13710798471956193 0.8922438225254155 0.1340330246040794
9 0.4530394222808809 0.22453613671152334 0.468800822757089 0.22909521372454797 0.45068094047826435 0.2917370895830022 0.43491954492185414 0.2871780243055549
9 0.4758507914719985 0.15323936617564254 0.4904213338033969 0.15806950819835808 0.4762445307189864 0.20083466911843656 0.4616739912110006 0.19600453298612452
9 0.48436260641221907 0.1266076342156965 0.49216677456138314 0.12914338093289413 0.48194667388997914 0.1605971904113044 0.4741425065767544 0.1580614455409518
7 0.09516547133216591 0.03171235312700385 0.07582790630169711 0.02941689085984188 0.07945751889371877 -0.0011598857479864556 0.09879508141659699 0.0011355763778628709
7 0.3853302744140592 -1.9525546323911343e-14 0.38825467892854704 -0.0010824629342278936 0.38983342892584005 0.0031827210953727105 0.3869090244126028 0.0042651840283240644
10 0.9915250308728218 0.030838317756408787 1.0025097125700313 0.03384771579757915 0.9872220109054979 0.08964969858218104 0.9762373298136708 0.08664030210423256
11 0.16041798379228567 0.15514125024256376 0.11533727171615737 0.15467504527482848 0.11669147794714263 0.02373656937647671 0.1617720359216719 0.024202773570263757
11 0.24702347558593374 -2.453720985340672e-10 0.24702347565244054 0.011383000013790185 0.2221600388747902 0.011382999816764607 0.22216003906248716 3.296564171065726e-14
11 0.1714344813126445 0.08338732842295012 0.13765443366230556 0.03989255696935214 0.21363233728777686 -0.019115366122326102 0.24741237889327294 0.02437938589990727
11 0.24710629081903335 0.03310354348799423 0.2795726426267038 0.07504569315435469 0.20302951308519823 0.1342955904506167 0.17056321550137454 0.09235349149150349
12 0.5567539272742579 0.01455392680227525 0.5707845400934275 0.017019308053730628 0.5659727976961904 0.044403177950899986 0.5519421849542141 0.04193779699923133
0 0.9017300035046674 0.06686744861035596 0.9018915775155847 0.05663420000356218 0.9114454347793526 0.05678504693986005 0.9112838617051011 0.06701829461863311