9 0.15999919726561984 -4.332869875508531e-11 0.15999919731507362 0.009690090290322783 0.1462460302262798 0.009690090242423986 0.14624603027345984 -5.537861298159548e-14
11 0.47585026846616074 -3.34667968974993e-9 0.4758502713349344 0.04018125835905558 0.4250027691297191 0.04018125501024514 0.4250027725355494 7.631151437391883e-11
11 0.3546685794735822 0.387637628546428 0.29122041997845827 0.39261402251672134 0.27474924785224175 0.18260718962545125 0.33819630602795314 0.1776308376029389
11 0.42842983323009776 0.22914455111641152 0.40154147182238376 0.23377601859242989 0.3939568563919238 0.18974331519317722 0.42084514253440375 0.18511185436040348
11 0.33535076562498034 -1.300756805946128e-10 0.33535076572843536 0.011301769136462029 0.3127081571069539 0.011301769016269862 0.31270815722655243 -1.9202132987771315e-14
11 0.4410954654088073 0.22814038470149756 0.46725435292137263 0.23080466632399832 0.4627511104280302 0.2750183174882744 0.4365922235240305 0.27235404040328165
11 0.6555327686844521 0.09491566100752839 0.6294830846447894 0.10719291211364472 0.609444248866339 0.06467488060141413 0.6354939076845767 0.05239763647977866
11 0.7021151019152967 0.3141358581318053 0.7340417542592377 0.2992346320397258 0.7548297153596195 0.3437725262777733 0.7229030858828764 0.35867371558381245
11 0.6434865031419577 0.5252636821304261 0.6751192044815753 0.52549757041155 0.6747979330535827 0.568944692818579 0.6431652317218095 0.5687108053853087
11 0.4517501159924677 0.7061403715540774 0.4263709383870946 0.7036273501819496 0.4305115411548286 0.6618182264959624 0.45589049911541224 0.6643312369431192
4 0.242245357736806 0.4468052454881128 0.14995027762768132 0.454088588829144 0.13821475460542842 0.3053710066965905 0.23050821176809677 0.298087729045769
4 0.25114076161321464 0.14247305530623894 0.29238162095646203 0.14342050281972074 0.28968244792997666 0.26090984081931207 0.2484415887021214 0.2599623967573279
4 0.5770073301025604 0.14526453048419735 0.5512132588263512 0.15613772371482784 0.5266903214212562 0.09796308533715166 0.5524843398981147 0.08708990471351438
4 0.6031277286548402 0.12289213881732418 0.5858547806382148 0.1421731496526363 0.5564376904694655 0.11581986695274363 0.5737106278120336 0.09653887017651752
4 0.3539866583079174 0.8497244824164181 0.313012539155352 0.8547898446093124 0.3032228980999889 0.7756137166263204 0.3441962172124704 0.7705484044526979
4 0.7071814016378539 0.9295904671416165 0.6398601821978218 0.9476730615258013 0.6110194716471824 0.8403226088278385 0.6783387749425174 0.8222402863103447
4 0.7301161144695243 0.663198624776623 0.8099532457894156 0.6634463815898417 0.8093841851788284 0.8467901709312243 0.7295470538413156 0.8465424193659558
4 0.6837471374456072 -0.0036589660489263756 0.7659555187328806 0.0027215185151041885 0.7511791430828225 0.19310501972628238 0.6689707651114531 0.18672455368077315
4 0.9909227421875357 -2.4952395106898345e-8 0.9909227616200269 0.09213929569084096 0.9352516101721449 0.09213927839399084 0.9352516289062578 1.8306825481001923e-14
4 0.9584807007125846 0.08878965756622215 0.9768499013050587 0.09102616791211553 0.9718820512981665 0.1318286260730939 0.9535128509951392 0.12959211726832673
0 0.7654027567816684 0.1803025468123107 0.8000565717126165 0.19141727857674123 0.7780082228637184 0.2601592358092486 0.7433544203307747 0.24904453109963634
7 1.000000113087708 0.38519816840277776 0.9747477406715461 0.38519816840277776 0.9747478363717619 0.3020833333333333 1 0.3020833333333333
4 0.1142366535588053 0.6984141576681773 0.08626484935200551 0.7119248900425299 0.058161181503692205 0.653748598337234 0.08613266909776485 0.6402379566185039
7 0.2138681531232578 -3.866740217859005e-9 0.21386815691869288 0.054603195959113116 0.17037983430236636 0.05460319058339109 0.1703798398438039 1.7393658414253607e-15
7 0.16051616745664887 0.19072952484590622 0.2024739263003994 0.18471176861915112 0.21341613239337676 0.26100335379341255 0.17145837714076606 0.26702109433441357
11 0.6131439395809366 0.38852166401041843 0.5140394744679497 0.3891657611733152 0.5127163596700939 0.18545119436516297 0.6118191020721042 0.1848071027089798