10 0.2666298093339492 0.15034681033558334 0.2977317664558541 0.3105466695363484 0.061175039090585415 0.35647031134671586 0.030074812205953094 0.1962720340283452
10 0 0.4578787230576441 0.05559039223057644 0.4578787230576441 0.05559039223057644 0.5 0 0.5
11 0.5001193253499423 0.3699483480402959 0.4267392463395936 0.4493266782400623 0.33116230597511276 0.3609751500542208 0.4045419020769714 0.2815974072534374
11 0.3566221251840034 0.06782195700571021 0.4624441385561795 0.052759671016224155 0.48948811630384625 0.24275951098258372 0.38366611933463446 0.25782172540994724
11 0.29341381656513477 0.3691182161774579 0.3244958738570176 0.3619426855335945 0.3340636441694187 0.4033853245346155 0.30298159293352 0.4105608371838069
11 0.508772024655741 0.5 0.4524387548088953 0.5 0.4524389632049406 0.4509242318295739 0.5087718303017255 0.4509242318295739
13 0.5087721984376685 0.3292565275689223 0.4541270866546938 0.3292565275689223 0.4541273368220118 0.2054978057644109 0.5087719298245474 0.20549780576441096
13 0.09816023820428654 0.31142486393701085 0.25738189112496457 0.36091144047119944 0.2103648222667971 0.5121796904960285 0.05114335934479186 0.46269360375373925
13 0.3855471189473292 0.2502283351890608 0.37178581541218136 0.27006040135416715 0.3039069642032928 0.22296054277591598 0.31766825318129577 0.20312853406837927
13 0.08865490794175912 0.47967071036548353 0.0766258986673165 0.4948644162178196 0.04552777091657845 0.47024536690919694 0.05755675825923845 0.4550517048093332
12 0.7835971929824836 -6.730937971616488e-10 0.7835971939949786 0.020218056673365712 0.7192645918225935 0.020218055814720564 0.7192645927318608 8.99345320329845e-15
12 1.000000233731953 0.5 0.8692831453633971 0.5 0.8692837183393749 0.4461208295739347 0.9999998143574658 0.4461208295739347
7 0.7810566095911327 0.037631243060380085 0.8232273255282507 0.05613475049454546 0.7984586456175293 0.11258411536320515 0.7562879364618311 0.09408062019006448
7 0.8346169851133709 0.29798413133750495 0.8398988802805434 0.23814985535656985 0.8989230249824232 0.24336012324771367 0.8936412869659307 0.3031942538504954
8 0.8646531900377568 0.3417369145288325 0.8431049277368174 0.33340224286363673 0.8551855074717878 0.3021705013541604 0.8767337063386549 0.3105051593316496
7 0.8164429201373196 0.39348382808251925 0.8687640951673075 0.38216811896113895 0.8818250717100682 0.44255597033163335 0.8295039107110824 0.4538716351410283
14 0.40741889722687574 0.7902031542052985 0.37401544361227934 0.8317705298520692 0.31830797728605376 0.7870122716371858 0.35171124509304263 0.7454452506633598
14 0.23195824848096436 0.8002387545871428 0.2561333781004578 0.7946586424801383 0.2680930943463409 0.8464621105763398 0.2439179770743749 0.8520421855252559
14 0.22131746820662102 0.9789069234766725 0.2028135805637703 0.9729092303270072 0.21781183786424663 0.9266504972049822 0.23631548389710133 0.9326481480555355
14 0.08134335119791558 0.9750606420878978 0.09825311251483981 0.9856238989027533 0.08762726685131383 1.002628763818072 0.07071753018021809 0.992065538898368
0 0.18547554730378124 0.6453778497787515 0.15482420982084477 0.701021703490741 0.07470571371788992 0.6568937688884101 0.10535708146448997 0.6012504194026876
0 0.19024280827852635 0.7298425621024088 0.1822685746864181 0.6953072205284329 0.21335060045498722 0.6881314593631673 0.22132491638046758 0.7226666819952747
0 0.32254841660335387 0.782963972727219 0.291465994463465 0.7901386177863909 0.28269554089479243 0.7521491203830278 0.3137776889611814 0.7449745083613253
0 0.1487178433860663 0.7501674863863499 0.13532996803223796 0.8162936229424895 0.047928419272011524 0.7986008667654124 0.0613168071859036 0.732475427863038
0 0.13286081387866489 0.7412717587437767 0.12489115598475564 0.7540238331967829 0.10363647719645996 0.7407424886718702 0.11160613122717677 0.7279904502275585
0 0.1794364778918407 0.8164773003050712 0.2073715591253631 0.8084543407672751 0.21747075517077974 0.843611390791989 0.18953568927815923 0.8516343132064947
0 0 0.7455205112781954 0.0364273671679198 0.7455205112781954 0.0364273671679198 0.8058385275689223 0 0.8058385275689223
0 0.15679049197865425 0.939455269594679 0.14085000663533265 0.9649587563069474 0.11109236379797949 0.9463642181592606 0.1270328349819465 0.9208608601891756
0 0.38208642464735476 0.9433322482805743 0.3489356053228221 0.9453812102271135 0.3448370371555711 0.8790804023442261 0.3779872490554226 0.8770314591782014
0 0.43471139727728314 0.9465531328326008 0.41598066231847497 0.9382490471336782 0.43929355269460757 0.8856783249038077 0.458024026571934 0.8939823438231285
0 0.4687362406015154 0.823653438596447 0.4531670783821937 0.8009140915635646 0.49595167688960373 0.771626031619228 0.5115208045052668 0.7943652362377142
11 0.05237085090175242 0.620048042355399 0.041745016580193806 0.6370510133814373 0.022332539316607836 0.6249207841194315 0.032958369622292594 0.607917850021986
11 0.04274873148744973 0.6584630397107895 0.06400392302737146 0.6717429105154085 0.04965026524632776 0.6947135301699575 0.02839510242961296 0.6814336964730154
11 0 0.7075444335839599 0.012512348370927318 0.7075444335839599 0.012512348370927318 0.7298603771929825 0 0.7298603771929825
11 0 0.9751617832080199 0.011126642857142858 0.9751617832080199 0.011126642857142858 0.9936412481203007 0 0.9936412481203007
10 0.15033787463573844 0.889489728189817 0.11300781267323146 0.8631835807782919 0.14026912906570033 0.8245070777891633 0.17759886581029605 0.8508130628685902
10 0.15546490039264427 0.9999999896957597 0.15546507743772509 0.9779741173685459 0.19441135229430984 0.9779744023365735 0.19441130451093613 1.0000001451032856
10 0.23716891979950105 0.9999999999999623 0.2371690493356482 0.98646690759232 0.2780767738038321 0.9864672140283216 0.2780767280694363 1.0000002226500089
10 0.3082049242049152 0.815373603306117 0.353101607933354 0.8050105802758518 0.36346685544253887 0.8499076032167228 0.3185701922560611 0.8602705656021071
10 0.3993238793523233 0.768875450067165 0.3889573000899418 0.7239794622821426 0.4373074200229894 0.7128171430518989 0.44767417333821413 0.7577128805034535
10 0.44263129218256836 0.8225360824094956 0.4638869847794922 0.8358152082081469 0.4411628185270047 0.8721814606816973 0.4199071829340255 0.8589024084017889
4 0.12622557733618578 0.8504538704565064 0.0962930627164269 0.8860530957639725 0.039633908108385185 0.8384229252462395 0.06956621440667732 0.8028240374476935
4 0.19612691159068163 0.8046193002721143 0.16803720467964922 0.7569674570962884 0.27240165011744466 0.6954574136759519 0.30049134085868445 0.743108598253039
4 0.48907671878157544 0.7879739496433408 0.4634437138061003 0.7825857596616612 0.47503133688769594 0.7274710220493004 0.500664019013584 0.7328591769421389
4 0.726857412968684 0.696704249527185 0.6991745554466888 0.6687217852304721 0.760108279748124 0.6084485904330998 0.7877909022463427 0.6364308138631065
7 0.8621463713046751 0.5153201075735359 0.8957992941085422 0.5533106064947556 0.839232884030821 0.6034135508057792 0.8055802174400242 0.5654232955076041
7 0.8122848520317802 0.6496584457664337 0.876288809381208 0.6246465753644583 0.9042891764148635 0.6962885216896328 0.840285324847855 0.7213001954044855
7 0.7357558452014246 0.9902856657751287 0.7069055047180655 0.9269748544309546 0.7664242614481509 0.8998599846764376 0.7952747604542765 0.9631701996463414
4 0.9305324987468566 0.5551090401002052 0.8986256287789729 0.5118894305990704 0.9699226598679616 0.4592587205592297 1.0018294173764843 0.5024780300498769
4 0.6590188606476204 0.7482188333356323 0.7277261962424291 0.6620130642476042 0.8655837145447549 0.7718694393914396 0.7968783056635402 0.8580734242919662
4 0.6236766454130702 1.0061196579765288 0.5552187096923262 0.9371971654296964 0.6654817579036489 0.8277065646197367 0.7339382438179882 0.8966275798365198
4 0.8584407397574978 0.9916735293993926 0.8211913927666501 1.0322106419188724 0.7832085894260672 0.9973184054422795 0.8204576887317216 0.9567816022247955