9 0.07199678112647234 0.24383040387189017 0.08743164757390787 0.23294059864836383 0.10772580654440844 0.2617043647824404 0.09229095246610086 0.2725941552430734
9 0.21738893121471392 0.37548055618558623 0.20142696995435472 0.3932073906262534 0.1826701322855797 0.37631867988178674 0.19863207391369997 0.3585918712231568
10 0.2698800474710197 0.3823322614457831 0.20777333865908076 0.3823322614457831 0.20777378342165775 0.2242877614457832 0.26987951807223 0.2242877614457831
10 0.16540962911744828 0.44262255024747854 0.1802033867610362 0.44184729008664547 0.18137660795582633 0.46423367950346156 0.16658285040455212 0.46500893846296787
11 0.1686830971722202 0.2898751623040646 0.09211702440893532 0.2844981763861887 0.10283554219074631 0.13187881192708678 0.17940088045452285 0.13725577230673258
11 0.07739697352474195 0.5047172195259663 0.03251174875435936 0.48266478683526426 0.08584503728786785 0.3741186245109047 0.1307296512471794 0.39617087793060823
11 0 0.01807334578313253 0.058753949397590356 0.01807334578313253 0.058753949397590356 0.19540402771084336 0 0.19540402771084336
7 0 0.40208342409638553 0.02613257469879518 0.40208342409638553 0.02613257469879518 0.46358081566265064 0 0.46358081566265064
4 0.6820990028189726 0.24934976420063323 0.6731963717675171 0.21903412797909314 0.725096671449478 0.20379306008049486 0.7339993355791421 0.23410864000616202
8 0.6500244038850269 -0.0006470467347828274 0.6504591621792315 0.020928792272395413 0.5883556514623933 0.02218018907928071 0.5879208951806731 0.0006043530120990953
7 0.6273005752933614 0.30861940609895394 0.6326519256401753 0.27223232017749927 0.6921814489895723 0.2809869159368115 0.6868302088473683 0.3173739026338436
7 0.6197414762054905 0.2439714481317185 0.6102083197317825 0.2812159820526579 0.5268974080594262 0.25989186429568734 0.5364306440593509 0.22264745479615694
7 0.44225379703027556 0.12482629481826799 0.4469151354759333 0.09055067882324426 0.5308060751390258 0.10195942168625674 0.5261447927036897 0.13623498644010626
7 0.39618809637011054 0.004467798463020498 0.39640225139032736 0.015095681352048316 0.31561091627179394 0.016723645304446307 0.31539676265049366 0.0060957638553670495
4 0.6012551168428217 0.2989034719221004 0.6650609972415396 0.3585051736363681 0.5758402020722997 0.45401491662644355 0.5120347650602071 0.39441366626509167
4 0.7222352848096989 0.16719869823325872 0.7209703307106565 0.22026196618735772 0.5009738606934206 0.21501660209688978 0.5022391432535187 0.16195363757649034
4 0.6827597214505658 0.06259706161601244 0.6884615470618201 0.1241360027413738 0.5420912201079773 0.13769752655191703 0.5363895444533 0.07615872809090256
4 0.41499739714788575 0.07758753946355647 0.4114955324047287 0.1300766036790778 0.26703199916914855 0.12043843656055785 0.27053396703990984 0.06794951491068348
7 0.07129913253572795 0.7339066221385226 0.1080258532560947 0.6782217938790135 0.15919986250037255 0.7119683215593966 0.12247356723992198 0.7676527741201078
7 0.06823459416136757 0.8403800633456947 0.12523921686533868 0.8620163299141365 0.10046478905826461 0.9272734397429377 0.04346027267854424 0.9056373765221712
12 0.6767983616330184 0.4999998124552688 0.6767985007710422 0.5223737935613364 0.6038072649708965 0.5223739596760371 0.6038072530617455 0.5000001053015637
10 0.35991794732308335 0.6782344862811719 0.36288358714000424 0.6325201723400065 0.46239846462628975 0.6389750452753574 0.45943331050671077 0.6846888958671318
7 0.43762033480265927 0.6306438192907184 0.43834781504222065 0.6082081894116678 0.4927008420677339 0.6099703238455151 0.49197348095719917 0.6324058378584053
7 0.43412135620224035 0.585404767738085 0.4389403926097657 0.5646172149651287 0.49081852221661393 0.5766424863847659 0.48599959894693257 0.597429940982933
7 0.526233984166538 0.5536977156539322 0.5283183158205702 0.5315182951384032 0.5822325269779185 0.536584423857371 0.5801483032141732 0.5587637442545553
7 0.4902017414904094 0.5227249428648996 0.4899806422230313 0.5022721785210644 0.5445761991869631 0.5016819611611151 0.5447973847171852 0.5221346383003374
12 0.753000113791586 0.5442460229144854 0.7541228150179222 0.5810788809225668 0.5913059810699224 0.5860398332656934 0.5901838115108831 0.5492074928532927