10 0.22727802357326254 0.38992537313437103 0.22728034441536238 0.23101021397095386 0.42739484499952596 0.23101284454023235 0.42739401163191815 0.38992654597495835
10 0.13505757447967426 0.04879500185926309 0.12451744176632928 0.018346426922598476 0.21871653154050819 -0.01426169984985015 0.22925666695152813 0.016186861821271954
10 0.058686667230745115 0.24072067657054158 0.026992246466988945 0.2338723838238726 0.035031853154350756 0.19666521509347992 0.06672619725566165 0.20351349933082882
10 0.019453041961128292 0.18320389234716875 0.020391127416360177 0.20794977394196884 0 0.20872275373128846 -0.0009380698523955289 0.1839768872522187
13 0.1509381444536757 0.3446022148934394 0.04398794295434527 0.18863535654706526 0.20320235617725757 0.07945986258010009 0.3101524053342928 0.23542585370228952
13 0.16469692963983107 0.09314152056416217 0.1514790065853049 0.06979652180390948 0.18912904671515207 0.04847912714879437 0.20234696990041812 0.07182411476828618
0 0.9555238610421384 -1.9573231442235374e-9 0.955523866382805 0.035852672478811985 0.8744929837417885 0.03585267054980817 0.8744929863523794 3.611047727216294e-14
12 0.46898263027295284 0.08444827052238807 0.5008817071960298 0.08444827052238807 0.5008817071960298 0.18490285074626867 0.46898263027295284 0.18490285074626867
12 0.47999613650449646 0.2749970373786327 0.5150198812244753 0.25426910773449574 0.5869275590893039 0.37576715960866497 0.5519039225061988 0.3964949445628738
11 0.5774254074191276 0.1045372664480316 0.5254134814831559 0.13914367734657002 0.4728477693388413 0.06013979647359872 0.524859601859589 0.025533427933251647
11 0.5598251086784103 0.2488226155858728 0.579248272160271 0.24577803173658433 0.5850691303072608 0.2829118933266103 0.5656459679019008 0.2859564725577622
7 0.8462357362222974 0.025869269152872194 0.8281708452766452 0.027609608518050402 0.8256895590557178 0.001853608357666394 0.8437544476889798 0.00011326911589347803
7 0.7679057769646533 0.0013885996534932351 0.784676224588452 -0.0033356691801093474 0.7911087840627715 0.019498954294723723 0.7743383364920646 0.024223222943240964
7 0.6673271453042844 0.046737775213753704 0.6804029100467233 0.03597557806871066 0.6952592186290758 0.054025560114687794 0.6821834556265003 0.06478775530468703
7 0.6216197873523015 0.09205365849500158 0.6368493307514882 0.09476668429517908 0.6328703772095423 0.11710242803612558 0.6176408340706985 0.11438940322158618
8 0.6009857974848956 0.12557952553558047 0.6173497943672146 0.13392486801905631 0.6043395339517019 0.15943592836419312 0.5879755405093192 0.151090591057374
12 0.4947644493418011 0.11606968679216378 0.5251537880868682 0.11600605144020848 0.5252804391595873 0.176488455042528 0.49489110041429285 0.17655209030741248
7 0.5284385765698971 0.24000908222935452 0.5493650827165766 0.23877261455827178 0.5517345020564335 0.27887288313096253 0.5308079960814212 0.28010934883060085
7 0.47829612201189775 0.20771745654380344 0.49973401776026094 0.20505414108114697 0.5049468750449932 0.24701349800313094 0.4835089800277501 0.2496768095402143
7 0.5154166810656307 0.3899253717112519 0.5154167084615437 0.37370709003111025 0.5364645013274867 0.3737071247375087 0.5364644937965295 0.3899253864942877
14 0.46898299359020257 0.5419708320895521 0.4160452636642731 0.5419708320895521 0.41604561620624736 0.444575333955224 0.4689825811527726 0.444575333955224
14 0.28768403655453767 0.63616150122373 0.37070518244206596 0.6179748565867001 0.40138978297602534 0.75802926736484 0.3183687272177167 0.7762156361553733
14 0.4437225268646898 0.863309893534322 0.3586167381803307 0.8645084073916822 0.3564149071718248 0.7080527266726951 0.4415175010381063 0.7068542353509345
14 0.3671216309994634 0.9475267823869432 0.39124003567064847 0.8095413171570548 0.4859160546018302 0.8260864363540501 0.4617996912224953 0.9640700752626943
0 0.1504532853598448 0.9999999999999908 0.1504570028253056 0.9058334448822544 0.33013004717713557 0.9058395452367292 0.3301287840720306 1.0000036385323006
0 0.2789965663728253 0.8814178517908956 0.10882691103142861 0.868587659006108 0.12623744426650774 0.6377762010320208 0.29639802568237883 0.650606050233759
12 0.5171340029115754 0.4069835444979057 0.6136594034073823 0.37528561288544093 0.646289319845323 0.47464368668580376 0.5497640239800603 0.5063413939496738
12 0.6115092427656919 0.5697718299043093 0.6465339531464451 0.5490451914566395 0.7193764982329185 0.6721238056790383 0.6843519969689851 0.692850164107333
12 0.6767242397429527 0.789279185504428 0.633140482308022 0.8057927159200772 0.598594900018611 0.7146318896113456 0.642177776331323 0.698118544783562
11 0.6280001439206444 0.3899253731343181 0.65353939452757 0.3666503637243148 0.6901676888521706 0.40684004019279235 0.6646285115027695 0.4301149725098574
11 0.6913387472262684 0.5435986723833816 0.710761947103606 0.5405543064426548 0.7165828053010728 0.5776881811251419 0.6971596076912192 0.5807325373102636
7 0.71444400686471 0.6908564085436203 0.7356206835463581 0.6913039959900039 0.7347347470910108 0.7332138431734572 0.7135580704757558 0.7327662577676028
7 0.7646984655202687 0.41169487060137727 0.7494458093088952 0.4095484976888881 0.7523561239919445 0.3888682481958645 0.7676087419407622 0.39101461837626056
8 0.7324993491519081 0.42035580550711904 0.7488635303936917 0.42870080594335286 0.7358533107906169 0.45421178943034873 0.7194891401596806 0.44586680490001
12 0.6262780970167796 0.4108458060126543 0.6566674360062734 0.4107821740824076 0.6567940868081905 0.4712645751945537 0.6264047478188104 0.47132820686493837
7 0.6599522238497002 0.5347851918137926 0.6808787374578742 0.5335488141253738 0.6832481533673445 0.5736490598862791 0.6623216401281979 0.574885433373456
7 0.609809767853676 0.5024935599211267 0.6312476918523089 0.49983042120614557 0.6364605345124801 0.5417897133802415 0.6150226121785636 0.5444528431141981
7 0.6463480760226048 0.6694998433115527 0.6670497606451136 0.6659758417966809 0.6741579331915091 0.7077267418788755 0.6534562524941521 0.7112507277246177
11 0.7384380469063672 0.6753563480000025 0.7739869336725178 0.67887040000199 0.7663406121787375 0.7562104044365564 0.7307917297200675 0.7526963821895252