11 0.7837014538549738 0.040059143075380055 0.7288349846545543 0.2638797741652334 0.5077381377186612 0.20968041443598964 0.5626052649805615 -0.01413938239967973
0 -0.014037439078379066 0.4767771700606115 0.0022747387087065363 0.4146988491907619 0.12844528628090757 0.4478500337792471 0.11213376873706693 0.5099277899301217
0 0 0.670602131054131 0.0659513376068376 0.670602131054131 0.0659513376068376 0.7777149273504274 0 0.7777149273504274
12 0.10277352062325917 0.6720760482257581 0.10186424817379702 0.7141423009041667 0.044236214965167164 0.7128965430260137 0.04514573754761386 0.6708305463664994
12 0.148913932050732 0.7777997934016192 0.12299354526544448 0.7985400117623731 0.08852223217741084 0.7554665236280868 0.11444240538230588 0.7347264386387354
0 0.16101294435509317 0.9999997240992762 0.16101690302923544 0.8559458564093615 0.31993525098596365 0.8559501029181129 0.31993451903008463 1.000000739728729
13 0.1410034177772559 0.49209562531155865 0.19047133778099123 0.42953606229588415 0.3037536242385386 0.519105591014485 0.2542864628711641 0.5816644537840291
12 0.4108830201546425 0.5488869037152035 0.39592624383635666 0.5812877036670684 0.3308558119592817 0.5512525892143625 0.34581263774282434 0.5188519834084255
0 0.38288602059844834 0.5869207484131471 0.40011942669696055 0.5576534915392763 0.45256362554198404 0.5885309537015135 0.43533040321528915 0.6177980509788665
14 0.5717205741417501 0.48464340065141476 0.5474718550135549 0.4524662223129052 0.5893033298453929 0.42094404266494534 0.6135520018717671 0.4531211051086033
11 0.5794367976778858 0.5116210506863674 0.5746785093537028 0.5454764885259362 0.5253484209309818 0.5385437059723925 0.530106821128129 0.504688402880548