10 0.9972293783966961 0.12288648073328932 1.0308658468226213 0.2665483145253291 0.8835959045488835 0.3010282256521655 0.849960202453758 0.15736700883039115
11 0.0674613113100122 0.6364085305935724 0.08512980636737666 0.6397057080716206 0.07084431300313554 0.7162465404380481 0.053175825192852244 0.7129493894601604
11 0.07187340880318516 0.5677856807734866 0.09777528463041563 0.5689526571115816 0.0952474047837768 0.6250547923387314 0.06934552931545568 0.6238878219667544
10 0.1362316592701518 0.6232375354525134 0.16881714014562021 0.6206900076774767 0.17415863665041798 0.6890044281309367 0.1415731578673558 0.691551938376852
10 0.1323174271632297 0.5563833371066149 0.15715790333626956 0.5619598465296592 0.14572834508817323 0.6128674191655431 0.1208878774666573 0.6072909356485734
11 0.12145361025193324 0.8322788262868661 0.0879873397063875 0.8464815270429928 0.06241846580905985 0.7862443812274581 0.09588426101390723 0.7720417956099148
7 0.07501750647304561 0.7079477470844578 0.09359331971302254 0.6976119963987385 0.11395949865232069 0.7342091863235366 0.09538371919040856 0.744544889494408
7 0.11254525917456704 0.597977727255698 0.0968670355219956 0.6061619656262088 0.07547630264309646 0.5651887373786588 0.09115442025836273 0.5570045327021103
7 0.14930713283160912 0.5757017536019021 0.15939322655276555 0.5748812787718456 0.16128472238654012 0.5981310096530894 0.15119862887286217 0.5989514827695834
11 0.06839359129787681 0.6380140807716722 0.09775883977022204 0.6386866308245324 0.09583464154786725 0.7226904890898658 0.06646939328959434 0.7220179449057038
0 0.0014447108815147658 0.5568418205724721 0.07267718566129133 0.5592574497111452 0.06437201355231537 0.8041305284914179 -0.006860458298433514 0.8017149598843151