13 0.6114633658747834 0.24946032147441638 0.68808811751353 0.31066895911345577 0.5195612465337263 0.5216305375676392 0.442937324868808 0.46042287375936847
13 0.45156200744986563 0.6358413529393129 0.4777338761639385 0.6977012102829384 0.31141022440067445 0.768057313462507 0.2852397589830389 0.7061986436567268
13 0.052301840025393176 0.9812148927654906 0.03655899624789072 0.9977311095703049 0.007906638116423892 0.9704282337750033 0.023649395694974373 0.9539121141840317
9 0.07631326199157229 0.6194103318369832 0.04520163123891052 0.6642847434968262 -0.006964055242860923 0.6281221000608441 0.02414750249511144 0.5832479598390896
9 0 0.6946033958333334 0.03515625 0.6946033958333334 0.03515625 0.7462176996527777 0 0.7462176996527777
9 0.0387932343750208 1.0000000000000262 0.03879331490156801 0.9870270940527529 0.06376673586385095 0.9870272122000192 0.06376670436293352 1.0000000692520246
12 0.514716029296892 0.9999999999999862 0.514716209159019 0.9861106974997705 0.5709380499519057 0.9861112525175556 0.5709379882792973 1.000000436780054
12 0.6568629978556828 0.8644614540316033 0.7504095702755649 0.8822753115901714 0.7398640024657652 0.9376399913686628 0.6463174675184291 0.9198262714327623
12 0.8108522765846828 0.9430100125881742 0.8718654030717516 0.904761307703817 0.9034032536052337 0.9550561496880138 0.8423903821055774 0.9933045257661397
12 0.8278559711570779 0.7679465197856602 0.7336516109777449 0.7731514578308556 0.7277296606602022 0.6659660921271731 0.8219318062364209 0.6607612155981896
12 0.7711309381845695 0.5738026163819104 0.7794527334104941 0.45559779086278607 0.8506666147067108 0.4606111054759338 0.842345529357658 0.5788152619263869
12 0.6951023117173918 0.47645760317844343 0.747753765649577 0.5024486678381643 0.6758677528345061 0.6480579950301929 0.6232165356709629 0.6220672938841629
12 0.6865553353554787 0.3889068427443581 0.6384738337458202 0.380874771446164 0.6632578707095718 0.23252013454962625 0.7113387004249034 0.24055214841565556
12 0.7294673439264443 0.21162776528315588 0.802885957822923 0.22822113337322034 0.7753180397278356 0.35019470958007326 0.7018994524095206 0.33360142986013575
8 0.1648986387763216 0.8490633694376393 0.2268593973166162 0.8649177148787257 0.19977281567798855 0.9707491638135838 0.13781214716220802 0.9548950587146092
8 0.21761195933424915 0.8300850552964316 0.2099424336655602 0.8643461818400087 0.17105646348284154 0.8556430719640241 0.17872611243740266 0.821382120422787
8 0.17424288706479274 0.7245131483171416 0.21673200078612354 0.7143149321800153 0.22730224021222512 0.7583467791906823 0.18481314475570798 0.7685449430157801
8 0.12002181666002798 0.6029346182553681 0.17318138469181577 0.6222045430969632 0.139638510456507 0.7147265343387778 0.08647903727865014 0.6954567992275994
8 0.18519564082771467 0.5237428276342337 0.15564982407806838 0.5866032489081006 0.08281643974044073 0.5523725375659589 0.11236235520550508 0.48951252711201887
8 0.013038680237968947 0.46700184833653374 0.014860067836593771 0.39138293366086 0.09422921431337272 0.39329455676975805 0.0924082284616361 0.4689130770215091
8 0.1860013351112002 0.2999040514758827 0.09108879973689454 0.29227726598235954 0.10413356636593107 0.12994912642760845 0.19904509441732898 0.13757587124067894
8 0.3205806271103029 0.6804014464410768 0.2463908912751549 0.6810421027462373 0.24508630364459805 0.5298446385411262 0.3192739761436769 0.5292039911324162
8 0.37129172792106147 0.8124192774067824 0.3486414738581516 0.8704726980406674 0.25212319884383305 0.832821869648063 0.2747737541837978 0.7747692032287753
8 0.2959255973984227 0.9380173511412003 0.3068541898967396 0.8932420565470706 0.36758591198019985 0.908061387993834 0.3566577754044147 0.9528362886876903
8 0.28124999076010226 0.9756943606323407 0.28375675056338423 0.9984322373399159 0.25151330133917327 1.001985719003119 0.24900666277915207 0.9792479529466871
8 0.31895874203837593 0.9561606986326324 0.33845149731257607 0.9829327632325751 0.30094125743119093 1.0102357329387552 0.28144870786661613 0.9834638539245476
0 0.05672146048277682 0.9999998263854901 0.056724327998267654 0.9111732770041158 0.2169378097947856 0.911178139177614 0.2169370188813673 1.0000025809148925
0 0.3907842578336158 0.4016019135393581 0.4218866313057106 0.4089838048057767 0.4018503732800127 0.4933982778810806 0.3707480149857929 0.48601643022257873
0 0.338774454708755 0.45001698535661994 0.29961807011284236 0.44699311588334834 0.30517968723074773 0.3749817268116275 0.3443357241543481 0.37800558295224823
0 0.27635850830449726 0.4962949233067494 0.2608695343440104 0.5382734629944635 0.21985602398956416 0.523141635502269 0.23534506092403262 0.4811632379222934
0 0.5506884502248113 0.5028462309184031 0.5872290304783974 0.5383644572312691 0.5302552754802718 0.5969725135359798 0.4937149351661674 0.561454529957763
0 0.5662796280658995 0.7242364570302602 0.52687271432535 0.7407966502086428 0.5084136165518203 0.6968774370678689 0.5478201736891606 0.6803173289921501
0 0.45892240917976324 -6.2741410708557654e-15 0.5793341040800897 -0.013602910578249725 0.5968662486092171 0.14158984701415206 0.47645455256042624 0.15519273397963915
4 0.02397799749803653 0.9016499446957051 0.04350124690813573 0.8986136681493547 0.050345361537779354 0.9426100640593521 0.030822116487797757 0.945646321620406
4 0.2282089766607669 0.9999999985683383 0.2193701338504752 1.0008581059472648 0.21827380361810356 0.9895687100668897 0.22711261621088852 0.9887106041666676
4 0.3710190230490298 0.43464845162169585 0.38731301071572943 0.46578753681743174 0.3274443583942457 0.497112396139022 0.31115054413282905 0.4659734594602331
4 0.22055870507813324 6.432547602842718e-15 0.25223877475627887 -0.00418625301907808 0.25744576568285993 0.035218395005057884 0.2257656960704253 0.03940464754327122
4 0 0.2048611111111111 0.0758442529296875 0.2048611111111111 0.0758442529296875 0.3717548454861111 0 0.3717548454861111
4 0.9970035166334128 0.9767629056196612 0.9498045422310497 0.975999115110102 0.9510538348401951 0.8988524269600714 0.9982517672675613 0.8996162090276022
7 0.09679482509045556 0.10972996838852622 0.02943143123286518 0.11018970552089252 0.02867949420055993 0.0000042134621851039275 0.0960428021496682 -0.00045552346392973534
7 0.7234106046098532 0.3567361994214241 0.7765021616253307 0.36199506067728643 0.7658163756996146 0.4698696618767232 0.7127248238007269 0.4646108360520379
7 0.7907018800054857 0.03784634661020115 0.844018387641654 0.046167116554623806 0.8247360188372568 0.1697213008323421 0.7714195156809183 0.16140054623716857
9 0 0.7867720347222222 0.0752641083984375 0.7867720347222222 0.0752641083984375 0.9089942916666666 0 0.9089942916666666
4 0 0.9041734895833334 0.0064297109375 0.9041734895833334 0.0064297109375 0.9741869548611111 0 0.9741869548611111
13 0.5439600048608781 0.7836888085705254 0.6468761473046243 0.8430464276749104 0.5451503654322778 1.019377483390902 0.4422354253717913 0.9600215220331707
0 0.12169002809685026 0.6886606085946761 0.19571023527873876 0.7059274554331355 0.16465510876230383 0.8390328322696267 0.09063499168121325 0.8217662588042755
7 0.2247912149948661 0.1845133887503553 0.287119871002119 0.1804931003148805 0.29496474616473733 0.3021144766891081 0.2326360921366586 0.3061347473285545