12 0.23754289745261303 0.10437182347481615 0.19717205184281283 0.119054543483351 0.16017220080334482 0.01732173881671351 0.2005429667409544 0.002639035408154503
12 0.505808672813373 0.1339058407538572 0.4081567172729592 0.1320636062414754 0.41068307370392176 -0.0018422308997619553 0.5083346943359857 5.590818776010088e-16
12 0.5434857939285394 0.2581598151430316 0.6324270101862339 0.3090401424827898 0.5243854088292892 0.49789350893112816 0.43544463579974035 0.4470138154611058
12 0.28864778335446317 0.26104731189585834 0.30174568738550533 0.2622482295172487 0.2984462570505002 0.29823289577830114 0.28534835325956465 0.29703198000613434
8 0.4457070733895989 0.22538892497216823 0.48705350632099 0.20185401031427938 0.534282091548107 0.28482434757970254 0.49293572332487656 0.3083591751198073
8 0.6817168924187627 0.3928658354047339 0.6487957408825196 0.4125530151189475 0.5797445312481386 0.29708875320160993 0.6126653275817944 0.27740170985381063
8 0.699618606525064 0.2634164691874477 0.6643491081471211 0.2627307358766241 0.6659541728307659 0.18018272482953046 0.7012234675487434 0.18086845611502408
8 0.6825785214097095 0.28356302691475105 0.7161036081274688 0.2789500538307063 0.7281791528879467 0.36670721344489443 0.6946540706788937 0.371320166084509
8 0.8155004878100272 0.3618898493389441 0.8122410756515137 0.41531693533035613 0.7489391177513198 0.4114550540872699 0.7521987163872836 0.35802816786077424
8 0.579609532177642 0.4146267922356726 0.6184493663947705 0.4456666503916069 0.5803564501586607 0.4933287935413007 0.541516733702565 0.46228906646890655
8 0.647019159867682 0.5972223321991065 0.6928751756569227 0.6099770602068426 0.6724456822408911 0.683416497575425 0.6265897043216455 0.670661864219283
8 0.8242191411056865 0.7638888888888888 0.753906003890279 0.7638888888888888 0.7539067148694585 0.6736111111111112 0.82421846319221 0.6736111111111112
0 0.9025370006656885 0.16717281167233886 0.8095561987538531 0.18897403925062817 0.7659449260351039 0.002974456418079031 0.8589251715084174 -0.01882669478625957
0 0.9158881387077145 0.11429971836376059 0.9982970340728343 0.13147322733720132 0.9332261663773807 0.4437160614925316 0.8508173429974022 0.42654279010132784
0 0.9509584593221234 0.4497922006262448 1.0063527081928214 0.47457780348874445 0.9304655477723145 0.6441656432277767 0.8750715305607173 0.6193804257158542
7 0.4237571015358981 0.07081621811561184 0.3789306988062435 0.09025606634129346 0.3495053604891609 0.022404108978645493 0.3943317290156756 0.002964268542894387
7 0.40248169985682125 0.19777706486535518 0.44874472939864063 0.18505298872285683 0.4687447966576883 0.2577695523921928 0.422481780400517 0.27049359597687755
7 0.7208874189998369 0.03141307129014945 0.7554142778316191 0.02962472352065334 0.7589494616346428 0.09787692864193477 0.7244226028803951 0.099665275272261
12 0.4493071633122554 0.6141615668135394 0.48181476185345673 0.6577821651248822 0.3680586894472526 0.7425442888474235 0.33555179361280807 0.6989243301749385
8 0.5381695768867303 0.03251937600064607 0.5688294104048737 0.025484080158864317 0.6138835890208156 0.2218295268649137 0.5832237649852914 0.22886479524252262
0 0.866009108485855 0.2570467462506332 0.811164436365857 0.37163233511532595 0.6610217285716544 0.2997698431375317 0.7158665579149783 0.18518510662002
0 0.9281534604656372 0.7216856612534116 0.8462798541539769 0.7360263468734444 0.7890146035640555 0.40911305032412243 0.8708836003361284 0.3947727798375996