4 0.4469126387987217 0.05043332207251196 0.4614784977710542 0.0500953139690349 0.46283441474122355 0.10852604814347562 0.4482685557891273 0.10886405600152671
4 0.4379377780918503 0.020655196902409887 0.427976965362177 0.02432105663160932 0.4191687348211417 0.00038748036431613027 0.4291295469193983 -0.003278379248002069
4 0.32302710547264724 0.44632421127712985 0.3326993878891926 0.4464590656073021 0.3323851802626905 0.46899384925321863 0.3227128978505789 0.4688589951350236
10 0.2890947640573813 0.5544943281054243 0.28844062383177516 0.5578534053738041 0.28321216935989924 0.5568353201502636 0.2838663107203274 0.5534762443957668
10 0.3916934719626397 0.3829906787383299 0.3827446503099736 0.3779685161399357 0.3969152688238182 0.3527194427060808 0.405864067411585 0.35774159721724563
10 0.410481946884488 0.3290521804981992 0.4194684304865177 0.3347015286089242 0.41290089437893585 0.34514822042566035 0.40391441355882307 0.33949887589672645
12 0.44902328602222497 0.27781025803243226 0.4443194890684481 0.2792403313432047 0.44130601798201496 0.2693286429918581 0.4460098111462685 0.26789857029730785
12 0.44360791267104105 0.29048986698399687 0.43962234727143823 0.28825309427749457 0.4421567615988806 0.2837372951218732 0.4461423255609134 0.28597406732367847
0 0.41787572322948563 0.3363393135265775 0.4139577844731548 0.3341405130170246 0.4181994771921609 0.3265826980700032 0.4221174132122769 0.328781497618394
10 0.27865441066387575 0.5119594318988396 0.2679611788141756 0.5137057380659963 0.26490848532876043 0.4950144013546582 0.27560168684624387 0.4932680977077465
12 0.31057264682692676 0.5149075034228554 0.3140804682328735 0.5148941502734009 0.3141261123842014 0.526883710171639 0.31061829097836835 0.5268970633083986
12 0.3084506282377788 0.5034815606197723 0.30347143371204766 0.5054200757523203 0.29713917649007726 0.4891564925461219 0.30211835927900665 0.48721797996203986
0 0.954154757428455 0.07614106149260232 0.9027397023724006 0.07734352549667634 0.9009308586448697 -2.422688136271038e-16 0.9523458677685994 -0.0012024634677824091
0 0.9931719998525068 0.09033034252744858 0.9826272471929087 0.09471309671641145 0.9483911733747163 0.012342393409331399 0.95893591238314 0.007959642523372406
0 0.9852882305102639 0.233975278078042 0.9294655839039478 0.2387221055579723 0.9128656102365085 0.04350554440655205 0.9686878129245997 0.03875873545359998
4 0.9326809995616259 0.14926646984702055 0.8726291517418758 0.1640530427246197 0.8337873535626841 0.006307157507469266 0.8938389216025371 -0.008479374737922811
4 0.9563617073066553 0.2986948529490624 0.8794679638452862 0.3004078494080557 0.8761916917812869 0.15332686021349 0.9530846411217908 0.15161387271966906
10 0.8301789637849879 -3.2305558492676887e-9 0.830178968127484 0.044364221503735236 0.7746588514024779 0.04436421765686352 0.7746588551401601 1.1554358803754182e-14
10 0.8065172061081967 0.035680768702565445 0.8441186654841886 0.022396261147605834 0.8722750305601039 0.10209205835481641 0.8346735778281982 0.11537655423591939
10 0.7637419924193409 0.04250689298329801 0.8049292440987301 0.036296558835569245 0.8190671658603605 0.13005981162383848 0.7778799161438883 0.13627013798577828
10 0.8582081233772669 0.25836154866304656 0.7900801066695067 0.27233545066465314 0.7571582691092544 0.11182955296550429 0.8252856154336996 0.09785572573798379
10 0.8859477260828044 0.1873083049561698 0.8543706988341455 0.2003041184223162 0.8304151347613242 0.14209764441128223 0.8619920740651423 0.12910185134892543
10 0.8282546212415127 0.3537654703733949 0.7962570874166204 0.36088704382409714 0.772658508207428 0.25486011396656744 0.8046557221202875 0.24773857808217545
10 0.8592500807158103 0.25324882921966957 0.8956475638046868 0.3196028796031292 0.8413636920272438 0.3493784184031361 0.804966425117982 0.2830245536429296
10 0.929859255124029 0.34396583265624153 0.8924574396389744 0.3611110951766933 0.869962010304107 0.3120394759291004 0.907363653941502 0.29489425902074384
10 0.8628716056042549 0.460480105861823 0.7837908062605266 0.4103584369413928 0.8488161196631836 0.3077686318319712 0.9278960490654526 0.35788993341121295
13 0.8457779007009094 0.48744867172895207 0.8290247902968986 0.47683074637687495 0.8494210979538366 0.44465138369002377 0.8661741406342571 0.4552692805689611
13 0.7916606515449303 0.44385071065075987 0.8223112115102822 0.4314051379304451 0.8542342600336497 0.5100191105377451 0.8235837429223238 0.5224646072418775
14 0.4236149449882305 0.5579373193366138 0.4726437978320064 0.6424190099603049 0.35958219217843634 0.7080247741833714 0.310554561034337 0.6235441428677115
14 0.4696263616987153 0.9256792990654206 0.4489796408964821 0.9256792990654206 0.4489798765428077 0.8472521378504674 0.46962616531754975 0.8472521378504674
0 0.46962624194543423 0.6514063282710283 0.4489400268063264 0.6514063282710283 0.4489401268557458 0.6077344042056073 0.4696261682242948 0.6077344042056073
0 0.2691167702743087 0.7927082801089502 0.29215912784241027 0.774052625123863 0.31912174397996296 0.8073489129167556 0.29607947440138105 0.8260044707951846
0 0.13166402448496228 0.6675201197252445 0.15708612120738508 0.6469366139216793 0.1864937244442899 0.6832521784409197 0.1610717171183751 0.7038355853435786
0 0.21751387522647292 0.9045418789372894 0.19873068872345812 0.9204801009686784 0.17729196787320234 0.8952207219869585 0.19607505085537014 0.8792825723387251
0 0.2662758691592444 0.9598753111747607 0.28408095394956945 0.9756890739251939 0.2634726764115385 0.9988855849580363 0.2456676611900548 0.983071895437366
0 0.09736537372111798 0.9011542067965881 0.11050499749808296 0.8759911967939806 0.14935146935408738 0.8962711311495178 0.13621202232127416 0.9214339895777366
0 0.21213272169870834 0.945097882563893 0.1976050206792479 0.9568590753115777 0.17701898823588635 0.9314375028283445 0.19154660280059943 0.9196763653170427
11 0.4744154387448134 0.9925033247852 0.4649039150278895 1.0073917560416301 0.4315600135897739 0.9860961244935376 0.441071525097982 0.9712077816973259
11 0.33481457751793187 0.9594977639067357 0.33867871110555825 0.9273559490720021 0.3787978241664405 0.9321778332649568 0.3749338963856417 0.9643194602805489
11 0.27162611028484207 0.8846879390017431 0.25514498477025427 0.8998824579109272 0.21119628610222207 0.8522231208463783 0.22767725538278683 0.8370287315812676
11 0.2191661711492543 0.8039119354256701 0.19276314349383483 0.8153894759001691 0.17506212631076323 0.7746773022135925 0.20146490937599992 0.7631998225373349
11 0.10314523456963798 0.7808084937488203 0.12130426673184047 0.7661063908895027 0.14482993037290726 0.795158292776335 0.12667095795598016 0.8098603297268039
10 0.10747473912874739 0.926457305280186 0.12429272109466183 0.9458689395974974 0.08531327241985309 0.9796306990596533 0.06849544360591153 0.960219209951504
4 0.4547097704698899 0.7648362409788114 0.4349653626707095 0.797147828879779 0.35122520894879017 0.7459858599181656 0.37096958656866263 0.7136746401131173
4 0.3637953876861957 0.7525011977586831 0.3467595335861233 0.774158362041323 0.2718704414819513 0.7152587787441085 0.2889061843553691 0.693601843689491
7 0.9110813081947526 0.9010078815289851 0.9273809339089212 0.8676583058956182 0.9876501811330627 0.8971077925127621 0.9713509156667897 0.9304570607789289
10 0.9227587109583055 0.9999999721428093 0.9227589101476497 0.9812777102242564 0.9779098097537826 0.9812782111298961 0.9779097663544007 1.000000316458086
10 0.908293724973646 0.8542351863015603 0.8207586796288524 0.8832717804407871 0.7793857708084033 0.7585688686250465 0.8669182407605831 0.7295327350825251