10 0.3149001061258332 -6.356816080008623e-11 0.314900106519417 0.018095431140568607 0.2851309133847053 0.018095430799329352 0.28513091372622057 2.585418498788992e-10
10 0.3016252733676765 0.0508519157248839 0.30583862947889884 0.061511342498656314 0.2857048518087595 0.06946961748725233 0.2814914981950096 0.0588101928308889
10 0.26547811876105243 0.1557373668806176 0.25692461557775914 0.1408840678039449 0.30558537538638575 0.11286215720278045 0.31413887857888767 0.12771543922113843
10 0.5036160453007597 -0.004120962455666349 0.5193883896853322 0.00988657547137398 0.4794491039672266 0.05485779196843898 0.463676762969385 0.04085025717375463
10 0.31078557261412243 0.19438566466770293 0.3112511381390277 0.2017000656763445 0.28769275082413515 0.2031995403342413 0.2872271908269113 0.1958851445503756
7 0.4016536980526553 0.03024082858143809 0.4048632276458193 0.05309154881887914 0.35447927242375954 0.060168279310779234 0.3512697515199079 0.03731756660116555
8 0.49854010667809234 0.030062139104452507 0.5049193842708064 0.04758986552770158 0.462089313212914 0.06317800142397463 0.4557100424129885 0.045650280816392365
8 0.45788807205792637 0.07668612563617944 0.44264371809606473 0.08524820658333085 0.433159426792713 0.0683619249319976 0.44840377571119916 0.059799845733040084
8 0.414840032155098 0.10579278004100834 0.40657980900448365 0.09241769425713475 0.4372390302904705 0.07348313277108427 0.4454992528629873 0.08685821192787807
8 0.36696540421121426 0.1427514194849629 0.3623794887288341 0.1350790220201021 0.3906715061848445 0.11816851139928627 0.3952574215443292 0.12584090395821984
8 0.2531583829322699 0.17427554157550681 0.2583900509174555 0.1523151412517738 0.34135322390716283 0.1720793504615143 0.33612161190114875 0.19403970374937066
8 0.35546616124213415 0.18707772343679377 0.32057658313613047 0.20345103854471375 0.3094599253902288 0.17976294446825195 0.34434946001135813 0.1633896412319884
4 0.4439058461022114 0.06047338777492841 0.4409509943136527 0.07362098086043262 0.4096901257274794 0.06659526975589854 0.41264498025373086 0.053447680952647084
4 0.3793485615501595 0.12635408068194126 0.3489210755626573 0.09538969030525862 0.39453987148942815 0.050562050143434206 0.4249673249453281 0.08152640809627199
12 0.9670121531728455 1.6337614867673924e-15 0.9901991721094419 -0.0008222970761989065 0.9914287004301059 0.0338477699299734 0.9682416814964654 0.03467006692999245
0 0.8011370772888995 0.1306671285674662 0.7826669783109992 0.13376983602129364 0.775982563513935 0.09397828043372575 0.7944526385862218 0.09087557497090792
4 0.6831792866348678 0.08393671016197611 0.6691262933057942 0.0857379900173345 0.6649149356787802 0.052882372991498026 0.6789679195754843 0.05108109374137923
11 0.8889439540239437 -3.755989471033573e-11 0.8889439540583908 0.007747451875031533 0.8740960120004502 0.007747451841088208 0.874096012035011 -1.027002349048742e-14
10 0.8649445640068052 0.3546526581318442 0.8795680721502777 0.35437741023674574 0.8802077477685089 0.3883610208516543 0.8655842396422031 0.38863626821731984
10 0.826057305796212 0.2748128102030002 0.8374311452440679 0.274598724949808 0.8378421136479801 0.2964319641026677 0.8264682742059222 0.2966460491522632
10 0.7591564265551369 0.3473990629402972 0.7331589991923693 0.3478883983507033 0.7320585920699614 0.28942376724619057 0.7580558701993141 0.28893443325204243
12 0.7329631894867816 0.022059870590423285 0.7479007780329994 0.022960268740986087 0.7451118317077317 0.06922881223648779 0.7301742431823186 0.06832841437245848
12 0.7317364157821657 0.09960559613949489 0.7496095911435532 0.0992691696509854 0.7503896533800116 0.1407110101557207 0.7325164780264686 0.14104743638945336
12 0.7339918845688089 0.23489476036226997 0.7147956021653954 0.23368454279484083 0.717060170334662 0.19776519013460003 0.7362564073564499 0.1989754062675712
11 0.7348120231373514 0.25332464365677726 0.7452290644579307 0.2512022715793058 0.7499853309207083 0.2745465288033116 0.7395682902065346 0.2766688988478459
9 0.7109932145784796 0.30538351593083807 0.6831596356792033 0.30761938110012044 0.6786583833043096 0.2515852736821452 0.7064918318501441 0.24934941372756828
9 0.8293789395596605 0.36492513243366576 0.8017566805862089 0.36544504918371573 0.800636912007235 0.3059507216874122 0.8282590019745157 0.30543080653515553
9 0.8769049329155223 0.07917052662304079 0.8632835934954528 0.08281582577502133 0.8418933030401377 0.002887059721520136 0.8555146309100792 -0.0007582379575080543
11 0.8226074913058028 0.17788895785364695 0.8354343581735293 0.17764751959866462 0.8359248465205837 0.20370536767331893 0.8230979796588827 0.2039468057455095
11 0.6593696493140442 0.3686379799840245 0.6677194352951119 0.3691045710207398 0.6663071074881373 0.39437749520788357 0.6579573215648225 0.3939109048576947
4 0.7343367696048517 0.16009934802525316 0.7674024579179104 0.1524414743048065 0.7887240580840853 0.24450429116041145 0.7556583774808132 0.25216214218685895
4 0.7094069846826869 0.4496717724288448 0.7094069918410923 0.4428272387558953 0.719472380494949 0.44282724805371976 0.7194723780198728 0.44967177704481975
8 0.7583384210298618 0.39029551863907713 0.7687564971288339 0.39009942812442877 0.7691967563911248 0.4134887916609206 0.7587786803001109 0.4136848818949359
8 0.6851283333937772 0.1276989899988124 0.695807823205655 0.12749797045597902 0.69627701928016 0.15242463243485707 0.6855975294706695 0.1526256518711587
8 0.6552620437482801 0.18170177518693145 0.6650110494731507 0.18151827110525884 0.6654866719347865 0.20678634469461485 0.655737666214236 0.20696984863930254
13 0.6845876834591991 0.44001134208960024 0.6762925180363482 0.44033192029918644 0.675119720677003 0.4099862952648993 0.6834148535245959 0.4096657176854497
0 0.7870341465567208 0.3378079648030868 0.7709803543025373 0.3394346340631504 0.7646391175347844 0.2768535703953921 0.7806928164214924 0.2752269058863449
12 0.7362000338655434 0.3774602038728645 0.718507890830324 0.37871030811409034 0.7156194506607108 0.3378326489195059 0.7333115155521455 0.3365825474365812
12 0.6871745513637961 0.4091109364095067 0.702785044067582 0.40881711516231983 0.7034029574332408 0.4416445998269448 0.6877924647470763 0.4419384204505193
12 0.5997940831814503 0.4496707392520491 0.599794703900443 0.5018084509601651 0.49115607553778773 0.5018090754610327 0.4911558661444815 0.44967177245248885
12 0.45336853397623145 0.5816579441952995 0.5739649221658283 0.6854952961347296 0.513464045276578 0.755750359523095 0.3928685685330038 0.6519139831261115
8 0.5121811116496247 0.6150907695562541 0.48031515105435574 0.5860565661336029 0.52868987712327 0.5329693609456037 0.5605556124246505 0.5620033817669589
8 0.3353985871135592 0.6906355828330695 0.31236899343070945 0.6656018452537734 0.39158672075336654 0.5927354256239546 0.4146161026201298 0.617768900347831
8 0.2842516786062106 0.5426889617135592 0.32536981626651595 0.5471178437110504 0.3203098291489823 0.5940906438601892 0.2791916944457853 0.5896617800397859
8 0.272324458652065 0.6047794895348704 0.30716504024394453 0.6179607501527765 0.28885424451266317 0.6663537110088543 0.2540136979048384 0.6531725166569601
8 0.15898898957789243 0.6983306348842155 0.15646108329212893 0.6647565184303222 0.22787431762731103 0.6593801848501593 0.23040245181573482 0.6929540527432219
8 0.4533199892157427 0.7082671214211942 0.4270686939217967 0.7410772568243258 0.39049645681552647 0.7118202640459083 0.41674766591006573 0.6790102947772308
8 0.3727586862771659 0.8412539684362602 0.3294953049387459 0.865541503894232 0.30601525768850024 0.8237249281652147 0.34927822101235506 0.7994375393843317
8 0.15878783440768984 0.9187518068062521 0.15581018842044614 0.8619367672900562 0.2344765039322283 0.8578147751556977 0.23745472115808752 0.9146292089367266
0 0.10980463885528025 0.5668956568314248 0.04573044120081704 0.5151452799055447 0.13304232620737366 0.4070504478059457 0.1971156148802038 0.45880024096450156
0 0.11302042632075882 0.6966810412348929 0.030066145726436844 0.7324527836089098 -0.050137379747070554 0.5464815921676223 0.0328139962248315 0.510710579818975
0 0.0906899418212106 0.8235121289860541 0.047324069738920116 0.8618765087609471 -0.03845052099950408 0.764937817471292 0.004914527397772872 0.7265740616508445
7 0.6291028657286688 0.4674102013129103 0.6048428903545755 0.4674102013129103 0.6048429292250148 0.449671772428884 0.6291028446389646 0.449671772428884
7 0.5453782493293602 0.5582575989405439 0.5711752875120055 0.5201131854122114 0.612033537925754 0.5477431168897561 0.586236677332181 0.585887372818286
7 0.23248350183996536 0.4962965180872653 0.20268825193193152 0.4738560152330825 0.22627103705019636 0.442546313368468 0.25606617521668795 0.4649867537691199
12 0.6419586910268436 0.8271758892336285 0.6286387753574445 0.8642888237426526 0.5582882174119277 0.8390447126696609 0.5716082974956862 0.801932127050287
8 0.4092644588145049 0.5722393701126643 0.37764488186371636 0.5612339194316224 0.4198392463760001 0.4400169354571925 0.45145824539588375 0.45102227567862946
0 0.27091604707186434 0.5449404880187649 0.2975010748383511 0.6264163081562424 0.14520799836463993 0.6761011081303036 0.11862440184086154 0.5946265077152348
0 0.09527942976694703 0.685753117524091 0.18274681805894488 0.7080397111548089 0.13142748328982634 0.9094132707055593 0.043960304274833106 0.8871272401968059
14 0.9755152390185913 0.449671403782053 0.9755158089943734 0.5313840639768683 0.885768070918175 0.5313841185311713 0.8857680492502595 0.4496720070690217
14 0.8927348361992244 0.574810224741201 0.8343381311136682 0.5775085090200309 0.8309603649028077 0.5044053535123427 0.8893563778386806 0.5017070851082184
14 0.8353661664237961 0.8211181099381049 0.8303780296171226 0.9406018957723838 0.6547769242840786 0.9332688232102753 0.6597677319285822 0.8137877796403215
9 0.9578605875354924 0.8435944393691605 0.9602614331249697 0.9177198500997927 0.8600091957972609 0.9209649529771109 0.8576093794441704 0.8468405402453387
9 0.6291028446389497 0.6037056881838074 0.6701967921225384 0.6037056881838074 0.6701967921225384 0.7139799442013129 0.6291028446389497 0.7139799442013129
9 0.6291028446389497 0.7209540995623632 0.6601546509846827 0.7209540995623632 0.6601546509846827 0.7702857100656454 0.6291028446389497 0.7702857100656454
9 0.715104081387949 0.46041308560544436 0.7177286690721303 0.510482380594973 0.6309717048262655 0.5150293743177663 0.6283474567136409 0.46496040640598235
9 0.858950519590735 0.5894714414578557 0.8981396284366383 0.6047937212744937 0.8758685019503218 0.6617488188353848 0.8366794407522775 0.6464266281039945