12 1.0000003731760216 0.8523137534722223 0.9668816552899671 0.8523137534722223 0.9668822195725397 0.728477935763889 0.9999999489101583 0.728477935763889
12 0.9921977386071603 0.7828439690129251 0.9305093929779105 0.78752984816439 0.9165611257549244 0.6039181461085008 0.9782471797162771 0.5992323519299566
12 0.9844859566885589 0.3466190744899886 0.991932834826116 0.4759063868971776 0.8604435967174595 0.4834784991828735 0.8529978384548258 0.3541922281788583
12 0.8728982071844484 0.6409797089451782 0.8551648511205485 0.631621359528732 0.886966785113259 0.5713661890104791 0.9046999572559571 0.5807244790712781
7 1.0000000509774054 0.3227088454861111 0.9857190729727563 0.3227088454861111 0.9857191122291624 0.2483192395833333 1 0.2483192395833333
7 1.000343326303664 0.9716800365693178 0.9642865571969423 0.9746519237087452 0.9581514838929479 0.9002329752015369 0.9942074939200438 0.8972611193759569
10 0.5293489003601053 0.4163352918793677 0.49016610330841104 0.4079498066429413 0.5082629987798555 0.32339332402316234 0.5474454272966796 0.3317787684548458
10 0.6012244055439169 0.5993585028795018 0.5560728308381613 0.5973483671166341 0.5599720480515771 0.5097806996015549 0.6051229557326678 0.511790820502538
10 0.527555466933336 0.5938545673820529 0.5158891574201334 0.5686814783333568 0.5423412034878083 0.5564236819722577 0.5540075291220319 0.5815967068659474
10 0.6240968084509859 0.7657353094138276 0.663528327107997 0.7624194160801886 0.6702740881737554 0.8426224153223156 0.6308425735808214 0.8459382759622285
10 0.7507109635524785 0.8458310217471678 0.7267497549128166 0.8548005227628812 0.697027479051485 0.775415831374374 0.7209882309646218 0.7664464254823634
10 0.8072174472353026 0.9999999375252099 0.7892083492930624 1.0068590381517195 0.775784856535779 0.9716248723862277 0.7937937705078184 0.9647658107638741
13 0.7582241458069348 0.9746066239962997 0.7182756302458984 1.0029081698300994 0.6393891667861453 0.891586153561071 0.6793365939331579 0.8632851552218339
11 0.5802049902530371 0.791936685788084 0.6288098765144241 0.7759889783647355 0.6729735390127871 0.9105607788990911 0.624368788858078 0.9265081910673824
11 0.5371537171381533 0.7223542207094165 0.5838875626363915 0.7015545636712881 0.6375972517274704 0.8222117726879693 0.590863603983621 0.8430111063406807
11 0.6941772469349416 0.998310215920534 0.6495996759005038 1.009386230760058 0.6267911263647648 0.9176127857627712 0.6713675277194397 0.906536922654658
11 0.5297402912209463 0.6906141981061582 0.5077026111758869 0.7470183662176287 0.4227049317471483 0.7138133585908748 0.4447428279702308 0.6574097446123327
11 0.4435378525101896 0.6444089726200901 0.3721743943816591 0.6384355967668354 0.38102033089205634 0.5327738736239088 0.4523824622913253 0.5387471942842066
11 0.21558386795481965 0.7744524873222375 0.25322630772041066 0.8155240446258867 0.1830267184383274 0.8798485259769048 0.14538478353210849 0.8387774588177077
9 0.450369346464754 0.7389756063819896 0.3911738540648457 0.7370886619847917 0.3938393416864301 0.653501596032045 0.4530337916089593 0.655388523870394
9 0.37093468195996593 0.8722826529745749 0.3442296295492042 0.8922559273022048 0.31001978221058835 0.8465261172750553 0.33672456323427014 0.8265529930239665
9 0.3359279654379179 0.9999999999868099 0.3359280225246266 0.9890432930219233 0.3593780533112749 0.9890433985464251 0.35937803515616906 1.0000000665450055
4 0.34755603678468105 0.7116271472731865 0.3709595195401789 0.6984649591222968 0.4075779877214245 0.7635651640012396 0.38417458434014407 0.7767272415848147
7 0.49895247575750545 0.5015474901384848 0.47230441024464653 0.5142114749256369 0.4430349649785512 0.45262569173209033 0.4696828088392522 0.4399617687214867
7 0.37804315019036494 0.661659604818444 0.35727088333442225 0.6733425771301255 0.3308659128028921 0.6264004912258757 0.3516380037916633 0.6147175809633988
7 0.37934083624838877 0.7561001735347802 0.39879509405625413 0.7405307014102659 0.4315381177229938 0.7814363372774223 0.412083946040525 0.7970057138968842
7 0.4246160794820071 0.8759337916684713 0.44283129271127564 0.8605684516243796 0.4738003111619946 0.8972727911548971 0.45558519030100797 0.9126380315148909
7 0.5528719327417093 0.8472885675567589 0.5740941773153736 0.8306320782562834 0.6042787062929165 0.8690821144332505 0.583056556542374 0.8857384973227025
13 0.3934336491245176 0.47203248639655104 0.38706378852782564 0.46582408738730186 0.4099862901258575 0.4423069591027831 0.41635613558526074 0.4485153438696779
13 0.6559631573047682 0.7245613431449257 0.6179720790059946 0.7538747867394903 0.5170839501403179 0.6231385816695995 0.5550741617736321 0.5938256449676442
13 0.7149165169184926 0.7539477233707133 0.7106863096079223 0.7556037974385378 0.7019377420045885 0.7332605782336938 0.706167928711011 0.7316045086805406
13 0.7786195043729549 0.9200878897364297 0.7739688596990391 0.9222404396701405 0.7657143898093182 0.9044109381399575 0.7703650126953789 0.9022583940972176
13 0.5757398897895882 0.9456298926298077 0.5822205571523682 0.9637951169342301 0.5605725683848277 0.9715160668250921 0.5540919728460949 0.9533509034264723
12 0.07667284796673357 0.717065072393611 0.09816611631720207 0.7199718246821378 0.08763236238735317 0.7978478034855223 0.06613909938721463 0.7949410775247603
7 0.004639976056523665 0.6656264307078457 0.01985908414462756 0.6637305490022246 0.0258435660913392 0.711763917504697 0.010624459814039255 0.7136597895911978
7 0.04311309701802202 0.6361387605239082 0.05821129147409465 0.6341350137206782 0.0643414521878185 0.6803196918693175 0.04924325960166698 0.6823234293244015
7 0.10216686273952291 0.7576731691226172 0.11761330531169278 0.7553543274348783 0.12518997633515028 0.8058154143608345 0.10974353690858152 0.808134241986083
7 0.12362119239162439 0.7622342053407822 0.1393261899083882 0.7598124402648119 0.14744457963126933 0.8124499528503586 0.13173958565312205 0.8148717024749742
7 0.20698286309914238 0.6590461573950995 0.2223346685376555 0.6579495704280387 0.22651549035231255 0.7164712659079168 0.21116368564128152 0.7175678461412476
7 0.23777743758489578 0.561889721296918 0.2540922160851551 0.5605171204394026 0.2591473021333286 0.6205958221197909 0.24283252457939852 0.6219684155370984
11 0.07511343355133704 0.6025733711389514 0.07168914800058701 0.6024581974080563 0.07235493630150813 0.5826656847633862 0.07577920966400598 0.5827808582896217
7 0.48273971634432655 0.646868269059552 0.5070144915624724 0.6328225515229725 0.536510462190904 0.6837928637182941 0.51223574881476 0.6978384975115293