9 0.16387234156661634 0.3066859523339977 0.2867615030423849 0.3896028959367689 0.1901313211294564 0.5328079430264351 0.0672429014083491 0.44989190255466455
9 0.21013734968914832 0.22000029107922478 0.2241969246077815 0.31982537513295567 0.11325222213065445 0.3354501440330891 0.09919316695174984 0.23562552027547662
14 0.26987951807223 -5.7116630851765865e-8 0.2698795918856831 0.13764242117698547 0.1935015923213541 0.13764237226815632 0.1935016352894081 1.3158949882956699e-8
5 1.0000000308042445 0.3995701302250804 0.986502661670329 0.3995701302250804 0.9865026895121218 0.3622572411575562 1 0.3622572411575562
4 0.10034669302126531 0.9199241708385879 0.10842565501582158 0.8872769443432506 0.15983937016767413 0.8999966973766539 0.15176068637958906 0.9326436834092366
11 0.027123010622972288 0.8720652462830984 0.12049025745704967 0.9006666300096695 0.085331691188685 1.0154085746789099 -0.008035340738047125 0.9868076831227289
9 1.0000000793655772 0.7528579485530548 0.9818657895640399 0.7528579485530548 0.9818658596324212 0.716171117363344 1 0.716171117363344
9 0.4154519941221224 0.7281891579273871 0.37737022374778917 0.7422288673854631 0.3502808088441043 0.6687606982967544 0.38836201022866135 0.6547211039926071
4 0.9586812799296922 0.9188617440245258 0.9299697626403258 0.91949802919136 0.9290017861518436 0.8758221859387941 0.957712960345475 0.8751859045775591
12 0.8253868440717724 0.8259513500599597 0.8003483115243171 0.823861710738665 0.804449191610729 0.7747361352607478 0.8294874253011812 0.7768257620578752
8 0.7018994091720288 0.9707924917023426 0.7439790551952683 0.9693910112491122 0.7449963880409314 0.9999276127404403 0.7029167422764431 1.0013290867667948
8 0.6732097783852851 0.7354781762719306 0.7069389987547083 0.7341537186202984 0.7087045432202785 0.7791081075164952 0.6749753232403464 0.7804325582886591