14 0.19843221299822744 0.4126061795361828 0.20302405581082894 0.37904098252283985 0.29870704141751503 0.39212993742204494 0.29411541859485624 0.42569493704777717
11 0.34194244602383606 0.22610035047338267 0.30521624042160056 0.23436357067554012 0.2945934669919552 0.18715060735376782 0.3313195625357821 0.17888740015459406
0 0.33928528979254224 0.39804747438015237 0.32764961188047437 0.39743770062284023 0.32949530146800043 0.3622203955410158 0.34113093277358075 0.36283016808867263
14 0.28864405792057823 0.42281162142810064 0.2930215106983951 0.3907337010863504 0.34201245623000887 0.39741880572626315 0.3376351134105562 0.4294966266650592
10 0.33807749821153266 0.3590650415280933 0.29627022455645147 0.3666867989614073 0.28483594998681383 0.3039684122063347 0.32664295963684253 0.2963466795316082
8 0.35484150995796426 0.10121718517387415 0.32431532624627835 0.0996173771016965 0.32810991812709744 0.02721271850279776 0.35863605645158714 0.028812525345622883
0 0.8694549800808318 0.48963128263893696 0.8694574286533907 0.2690867578491755 1.0000007791326198 0.2690886584558652 0.9999999999996589 0.4896314782381282
9 0.5341150690928771 0.13871785079681648 0.6584208108314442 0.14523228727616538 0.646857580551341 0.3658734207439306 0.5225518409006327 0.3593590394178054
9 0.8729601095478756 0.8327482382684895 0.888215692148151 0.8058612355788195 0.9298550561832144 0.8294823656292212 0.9145996627105433 0.8563692048474593
9 0.8135840543163795 0.8000686421446586 0.7883034088054046 0.8150704593219157 0.7667764399684529 0.7788005234522628 0.792056886553155 0.7637987820028452
9 0.5857194908594465 0.572659437916782 0.5615025902443449 0.5944623755140671 0.5353373619655031 0.5654029970934775 0.5595541692050574 0.5436001332847847
10 0.8631463820676117 0.9583940982149999 0.821728212598714 0.9562240428527261 0.8247286007700723 0.8989792049948411 0.8661460976022681 0.9011492426602355
10 0.7574143606602775 0.8875919356019744 0.7877688271892112 0.8682309878917932 0.8281075375497267 0.9314592969980454 0.7977532304986426 0.9508200429293172
10 0.6384548433718464 0.7352607480428996 0.6567609666354883 0.7029960618655994 0.7094746550031914 0.7328996004183195 0.6911687856430717 0.7651640671297207
10 0.5665104947862574 0.7274685620228033 0.5970183999157825 0.7062096184565559 0.6466902794060161 0.7774798973515507 0.6161825511539973 0.798738628154955
10 0.5294303356134833 0.7291828682263529 0.5794631423019609 0.7654008688258946 0.5397048818551866 0.8203140116661399 0.4896723194642618 0.7840963002613132
4 0.7533422984899971 0.6322450424004269 0.7823175191269911 0.6060248166599712 0.8753623576708378 0.7088324393477867 0.8463874937657465 0.7350522931823579
3 0.6442692153548251 0.5312354501130989 0.6638750342898447 0.5163073651698545 0.6881333412302411 0.5481642870571625 0.6685275651599341 0.5630923229317071
3 0.6881884374597576 0.48963119969644675 0.688188532076083 0.5127393495999368 0.6496718389460057 0.5127394183796073 0.6496718122119773 0.4896313364055702
9 0.5755601830190926 0.6344240574655027 0.5586081861326875 0.6496858786456091 0.538985103371715 0.6278922444664577 0.5559370454808459 0.6126304665432373
10 0.8744758937538109 0.7862196798123741 0.8890066722519805 0.7731386587137953 0.9086308325978507 0.7949336516984266 0.8941000982932792 0.8080146265377177