14 0 0.4651291230769231 0.011474004608294931 0.4651291230769231 0.011474004608294931 0.48923076923076925 0 0.48923076923076925
14 0.02516227837634233 0.47787382151699787 0.013444975210632037 0.4808525483157765 0.007568333657445692 0.45773731141305724 0.01928559891052828 0.45475858966565275
14 0.022593955538809496 0.482433132852989 0.03001371267146169 0.4592963775360575 0.06403470048803683 0.47020587853102386 0.056615014068142955 0.49334257349303756
14 0.07067909216254975 0.48923076942532334 0.07067910885280071 0.47283561526046947 0.08496801009448518 0.4728356322038853 0.08496801057947323 0.489230769165085
12 0.027662340253186812 0.166081027143537 -0.009329041975320251 0.15919450080275432 0.003147050218899494 0.09217916818713405 0.04013832976295362 0.09906568434246156
12 0.08344715892940258 0.008925886992191876 0.10428517259731507 0.018034114657407774 0.07839749277616193 0.07726051232053083 0.057559481098792276 0.06815228859134595
4 0.06667622517181826 0.1363211419546854 0.05868254168626663 0.12495447250484476 0.08270929631453328 0.1080575821764143 0.09070297793857662 0.11942424531055186
10 0.17541565505678136 0.05581870597164056 0.1812857520135367 0.05721454589036224 0.17949278605988184 0.06475471751970557 0.17362268913745993 0.06335887770006252
4 0.5564168771455797 0.26629749650173107 0.5331142729179419 0.26595071884285953 0.5348547434066404 0.14900324938569495 0.5581571760664019 0.14935002577170634
4 0.6162903163314013 0.0743140634006659 0.5720390908845729 0.06883512429519073 0.5811451724366634 -0.004710936645257755 0.6253963652302446 0.0007680004957919109
4 0.8426664432192865 -0.014357127183848609 0.8673336291536771 0.011933096166245959 0.8163155103569579 0.05980157640638345 0.7916483300986101 0.03351135923700227
10 0.5605283424952177 0.0983062764774092 0.5948517069340369 0.10605210036194222 0.5858496004601648 0.14594213865711914 0.5515262379699379 0.13819632071006613
13 0.5736384206809362 0.19922316402705273 0.5986142543647475 0.20513113825377996 0.5878644247217153 0.2505751306922826 0.562888594261949 0.2446671659176235
13 0.5439117364513777 0.09524289935463415 0.5579353188289815 0.0955926049267147 0.5570473346753033 0.13120162843496183 0.5430237523041797 0.1308519230769232
13 0.6380343548228211 0.12103515938292807 0.6242509171089523 0.12447421128081626 0.6191130833007037 0.10388225681772435 0.632896511520812 0.10044320615383398
13 0.6771005047271501 0.12361110261666619 0.688358936270447 0.13750754940269105 0.6643952253679117 0.15692201014548346 0.6531368036145295 0.143025572473759
13 0.7395604838250165 0.07493957145787603 0.7480170381260223 0.0867197963129824 0.7292575216295063 0.10018647017396122 0.7208009713583579 0.08840624894900802
8 0.5219426134784726 0.43079043350704377 0.5357651833116961 0.43133287051833885 0.5335358751839294 0.48813731739128435 0.5197133054783762 0.48759488254438793
8 0.5888663945690951 0.16633985839919274 0.6152484524816373 0.16728285149162106 0.613637934910912 0.21233973203176743 0.5872558770564638 0.2113967401679197
8 0.6941512517809088 0.06916404909726669 0.7120510639080067 0.07711588330449105 0.6894216609194928 0.1280551867917553 0.6715218526537683 0.12010335923099373
8 0.6507191444779892 0.005438604629232205 0.6745801096482182 0.01789350467259969 0.6587836639224633 0.04815616004529434 0.634922699888989 0.035701261736869945
12 0.5841470470467129 0.2555052414439811 0.6022935545314567 0.18664462550999378 0.6766635197855067 0.20624273468163415 0.658517232873578 0.275103157398305
12 0.7790552821220444 0.08786991912027949 0.7269325827550119 0.10016441645715281 0.7104143029997658 0.0301348953438 0.7625369377145716 0.01784040596970821
0 0.5880332513482927 0.29647225695180435 0.567506012871263 0.37843773423767696 0.5146304704901468 0.36519600537326374 0.5351578569603817 0.2832307561766778
0 0.5244505600792309 0.3668862593551443 0.5567032229059805 0.36815196458525 0.5538843176717592 0.4399797836827207 0.5216316551782256 0.43871408406726947
0 0.5648695254865288 0.16691562078328973 0.5789372733443088 0.16540826995432797 0.5817569502090691 0.1917233966406542 0.5676892025238658 0.19323074637591856
0 0.6249058253189332 0.1940899910714546 0.6067693912617642 0.1917138219930777 0.610303465897573 0.1647399044316999 0.6284398730588237 0.16711607171326198
0 0.6005902759909532 0.12718271888751437 0.5667922311974962 0.09172422362982321 0.6265952589145627 0.034721802135073795 0.6603932733816009 0.07018026185614692
10 0.5746507945721078 0.16910700694278832 0.5933023236502777 0.16926251536553888 0.5930490345618864 0.19964145951651865 0.5743975054851944 0.19948595122664078
10 0.22835196446624195 0.7269821249044356 0.21328002017810377 0.5721771575182777 0.30331685443172773 0.5634126241187933 0.3183900299919742 0.7182161799832995
10 0.269112921222586 0.5262019897713583 0.25179831049877066 0.5265436583817638 0.2510621341895103 0.4892369365621464 0.268376644795012 0.48889526894129565
13 0.09681919535489669 0.6016636112718802 0.08227516979218308 0.6030334450415633 0.07877387511121015 0.5658622831710939 0.09331780449747384 0.5644924539683989
13 0.1626467848180937 0.6338322299995062 0.17059389715677753 0.6332353657588923 0.17344405275355257 0.6711796939047767 0.1654969406715736 0.671776555887997
13 0.29642776167941065 0.5835057092597328 0.2868086682166222 0.5142214670599429 0.327140215713257 0.5086225831483381 0.3367595051486205 0.5779065896726148
13 0.3975151191737041 0.615902095980009 0.38636577471402234 0.6157108118166766 0.38671297876453536 0.5954767540265166 0.397862281638254 0.5956680378332422
13 0.18528433163476166 0.6171895149473854 0.13455996512288948 0.5910948316833797 0.19833938450517508 0.4671298183355672 0.2490627817252289 0.49322419854616134
10 0.29795810138250545 0.6442800676922804 0.2527200214314007 0.5794761626300555 0.32185006973270447 0.5312233687740282 0.3670880168511985 0.5960267869401442
13 0.33826114481098557 0.48702321204592036 0.3755387947160216 0.4905220233713912 0.3579545315460564 0.67785305417505 0.3206768898428436 0.6743543018056144
13 0.3715032671755125 0.5545828499506027 0.3790609466668684 0.5546554673923063 0.37872871797026164 0.5892288604468502 0.371171038482089 0.5891562432239619