12 0.4322479064178424 0.46949362405017103 0.40748281610297 0.5022261067064765 0.3369160058412035 0.4488391111728189 0.361681013322368 0.4161068294313843
12 0.2761584537887529 0.4264985226631845 0.25976720628239036 0.47490425617399723 0.13500641693474336 0.43265917271428295 0.15139787472071475 0.3842538493577637
12 0.38321666512172214 0.3277885149419687 0.35371938531397973 0.35967041037731157 0.2990232858600166 0.3090667719872707 0.3285204708167839 0.27718499207939323
12 0.20635827023841102 0.13664548839178597 0.2432963700256323 0.09198598053055672 0.3933242997554771 0.21607374927177558 0.35638645312110384 0.26073301767817786
12 0.06775204888924691 0.14436647608196196 0.05115620235289953 0.18167153916932502 -0.016343272636618167 0.15164329098193677 0.00025258926496007916 0.11433829378567577
12 0.16877600411976346 0.01089149587761195 0.1563685788848943 0.04321394695394442 0.09468099582727518 0.019534299409155634 0.10708842103872485 -0.012788142494543804
13 0.10172691466971173 0.46522501990661197 0.007477344436097155 0.47508731985180175 -0.01612219833907602 0.2495546452497975 0.07812498396924639 0.23969247392866294
11 0.2669139033296233 0.6498898132530663 0.37917219234645927 0.821096556147787 0.08143069071229547 1.0162721689111553 -0.030818646829061436 0.8450733174192329
11 0.3563445872707689 0.9999999483375721 0.3563494603752133 0.8333912299804744 0.5199436830251898 0.833396221987191 0.51994260574088 1.0000011250773584
12 0.35817270819723035 0.9279440982813557 0.3433976774927032 0.9660143397369588 0.30421746069362143 0.950812406271343 0.3189925839996022 0.9127423931057386
12 0.35838232456728747 0.6955762234596077 0.3843916003349932 0.6136936357378738 0.47134345599783956 0.6413095509006265 0.4453350744040563 0.723191376820381