9 0.24678275474161637 0.08424331146306414 0.23373494529812433 0.07190318682238185 0.25114115784856494 0.053498787279786617 0.2641889637594659 0.06583890880686843
11 0.2635870974380623 -1.7254302870574826e-8 0.26358710806334784 0.06014518617689694 0.1760501591055572 0.0601451727310943 0.17605017360051534 3.488670916230295e-11
7 0.31382270383755895 0.44168742747010115 0.34495117274514087 0.5358177062999281 0.28611770519262336 0.5552717915551 0.25498975651942146 0.4611419546387035
7 0.09484625518211942 0.396629041065044 0.12983178328636313 0.3992456375726597 0.12229261215179577 0.5000432043686343 0.08730708616872107 0.49742662589362174
11 0.4007007137822711 0.12038065432073533 0.3728399330938146 0.14298185899720098 0.3131435726413656 0.06939360758240169 0.34100430543060156 0.04679243385956415
11 0.10071621533654707 0.10379686315519442 0.18684354691606586 0.06705522339494424 0.25723058245625907 0.23205083055138764 0.17110334545566275 0.2687922995580342
11 0.1143920983404314 0.1353058592250626 0.1308859369738684 0.13653951183951854 0.12476914703972852 0.21831979762331333 0.10827530870710689 0.21708614775725527
14 0.10494350268436392 0.2616310356493969 0.14563225405390767 0.2646742694976575 0.13676691198975277 0.3832025056476894 0.09607816265292968 0.38015928956442346
7 0.2227969823723015 0.4880851707191153 0.1655820918108475 0.4830523776111303 0.17401905360475212 0.38714870498324183 0.2312332114441915 0.3921814655781688
7 0.3589237890280401 0.30808340027545833 0.31359031663703263 0.3236370892980689 0.2902428385468738 0.2555886869863852 0.33557605716782746 0.24003504492366048
7 0.38088058513324086 0.21560652198778474 0.3558941467937302 0.2137376665769851 0.3598376494049944 0.16101470999299597 0.38482401175326686 0.16288356253423936
11 0.7574627559328064 0.4421880408490594 0.5983039701961843 0.4796607555425898 0.5493740870637112 0.2718396326883346 0.7085292828944603 0.23436735959692492
11 0 0.9094406952506596 0.06507991556728232 0.9094406952506596 0.06507991556728232 1 0 1
11 0.4007656462988507 0.78150849276009 0.3965075102115634 0.8083916009650481 0.2920227940132918 0.7918440532547097 0.29628120448546724 0.7649612836411205
7 0.8455155261422078 0.934496096020176 0.8358137018469733 0.9957382414247662 0.732465005158133 0.9793694477148482 0.7421675800003413 0.91812823866231