11 0.11375677868579714 0.0592579836100732 0.13807751232843657 0.06681858085027902 0.11017847535708825 0.15656319431847873 0.08585774701555238 0.1490026087609848
11 0.199531104093694 0.23870045807789733 0.23132532221677593 0.24206039531165205 0.22592275792646888 0.29318240530128037 0.1941285409000102 0.28982247506560144
11 0.03470430298682459 0.3135509396357898 0.037892744736382156 0.3145421028699812 0.029437783299499642 0.3417397243231683 0.02624934217169539 0.3407485624999884
11 0.2843571985905555 0.24026497551690765 0.252800549521794 0.24711877404872418 0.24237492700285657 0.1991170804198681 0.2739314758259752 0.1922632931820712
11 0.41549512902054175 -1.1681132469440024e-7 0.4154952217960499 0.13193707715125252 0.27727501728770676 0.1319369854303704 0.2772751155574724 1.8209049018072872e-9
9 0.23108363248854857 0.9999999801494291 0.2310894540026993 0.8414726398143074 0.39393736472709406 0.8414783780977076 0.39393516032532716 1.0000021227103928
9 0.7296354405958709 0.7655642557424357 0.758794730556474 0.7753747626184929 0.7139341663372534 0.9086838948941433 0.6847749599555755 0.8988735640500883
13 0.89746249983898 0.5323458958849953 0.9133118504778395 0.5367038918926739 0.902472591688138 0.5761209375566396 0.8866232470030582 0.5717629565844038
13 0.8970536773890672 0.5613336135821039 0.8833524351570077 0.560021284808673 0.8863187275609334 0.5290552028317922 0.9000198996951667 0.5303675282314659
13 0.8496197383694835 0.49330018531877823 0.8646587860032469 0.49674593965144587 0.8582587061730464 0.5246770030675798 0.8432196611094014 0.5212312563876039
13 0.8332579690130615 0.527404516083611 0.8424653815484362 0.5287205531996118 0.8404387285306711 0.5428984288632047 0.8312313163195313 0.5415823932833501
13 0.6681907780057372 0.5532739267958314 0.6555403119125458 0.5688585740022576 0.6275333480514291 0.5461266405592043 0.6401837881226129 0.5305420406806634
13 0.667651500130205 0.6292440277652539 0.6761020782513469 0.6041710191074463 0.7038783764747905 0.6135316254638797 0.6954278803136731 0.6386045644406291
9 0.7699418324544922 0.9444187549293278 0.7591018977176418 0.951577977784849 0.7497797034911855 0.9374668177188887 0.7606195995990674 0.9303076122143914
8 0.7525353806535122 0.9767710583267025 0.7419013000161385 0.9727703185328371 0.7492253569214427 0.9533083979888278 0.7598593789956567 0.9573091255709238
14 0.5898515086829548 0.8710210648270434 0.5694536850580789 0.85245435348499 0.6212296092394354 0.7955843445766334 0.6416272130990137 0.8141508778121227
14 0.6795302561846484 0.7496162794421 0.7276695415308723 0.7638844566789935 0.6961650585217285 0.8701562327347652 0.6480258544025901 0.8558882507255605
14 0.7690914889136593 0.8961374193907367 0.788082245167061 0.8962726038423977 0.7877659820037479 0.9406900862335748 0.7687752257597822 0.9405549026215138
14 0.7524056573580538 0.7488218801817198 0.7852334070910274 0.7101997061614891 0.8620563441028253 0.7754858456141918 0.8292290749019458 0.8141075675666369
14 0.8409429473857699 0.8620391108584557 0.8206694083120283 0.8579526232434219 0.8363224797476505 0.7803132646621295 0.8565956293367663 0.7843997118314634
14 0.8586459631142134 0.8179353508307144 0.8777147196111628 0.796760532776115 0.9112844300632332 0.8269852561358466 0.8922157981075998 0.8481599545822425
14 0.9160133965513069 0.8676591558982016 0.9338253685037898 0.8682654801171094 0.9313174707567669 0.9419219315290381 0.9135054991074867 0.941315613465029
14 0.9257844020830817 0.8555710775075748 0.9417532292936812 0.8535862218322684 0.9481946100430605 0.9053972421938982 0.9322257854062173 0.9073820839746362
14 0.9339244069727783 0.8856440018474426 0.9500941457448562 0.8642952631007893 0.9865213878931627 0.8918790680313211 0.9703517940562278 0.9132276748149529
14 0.7328368064900133 0.7575110343012423 0.7151626599196561 0.7544934116461127 0.7212055741346148 0.719106524098849 0.7388795810418287 0.7221241345686473
14 0.6466310647856517 0.7550907294121556 0.6432957400443229 0.7233495796919527 0.690241468530985 0.7184173793845484 0.6935769410872581 0.7501583597208217
14 0.6101616116681043 0.6902842478778206 0.6464924087310919 0.6868593315749115 0.6522863702363111 0.7483110064344409 0.6159555764645575 0.7517358995683455
14 0.6420995238319165 0.6899185904831541 0.600522660872798 0.6779386637906069 0.6147789537475319 0.6284689296270444 0.656355411585082 0.6404487942075416
14 0.5896464646464646 0.5497252386363637 0.5981108080808081 0.5497252386363637 0.5981108080808081 0.5699511401515152 0.5896464646464646 0.5699511401515152
14 0.6038816677884142 0.6105291060256341 0.5801211878986123 0.5982520727539832 0.5979061143193576 0.5638356786436183 0.6216664574186552 0.5761126689865536
14 0.630255593885181 0.6201890977815665 0.6016517794071206 0.6061755991948075 0.6161765565609585 0.5765316373081524 0.644780225833415 0.5905450935444918
14 0.6244033950823678 0.6212804071509377 0.6428625291828212 0.5963653047469254 0.6801671210528184 0.6240003915002017 0.6617081076176419 0.6489153846252763
14 0.655997111612237 0.6481946356418807 0.6796171281489478 0.6215963417965564 0.7528292669063603 0.6866021970075201 0.729209529479931 0.7132002251196032
14 0.6834579474361817 0.7386013237305598 0.6784799777246917 0.7271088593509768 0.7335450478370831 0.7032610390842698 0.738523041403937 0.7147534280393598
14 0.7298412569186894 0.7013842719427996 0.7469866546846333 0.6827816986044943 0.7852334616939061 0.7180272579375946 0.768088171930458 0.7366297267876152
10 0.8852021460857031 0.35236659812134535 0.916741659925151 0.3601077704021099 0.906096570521413 0.40347672021129855 0.8745570637771607 0.3957355678529367
10 0.6483948435787852 0.4830445298271739 0.6574726572689542 0.4821151297462668 0.6587312935149612 0.49440783334962596 0.6496534799556457 0.49533723257528134
10 0.9935929424092365 0.4261563730811324 1.0097080586937182 0.4323684758658475 0.9962391839911788 0.4673066210463312 0.9801240760441488 0.46109453408183254
11 0.88707657782345 0.6397503888585099 0.9071639431567746 0.6551789808862506 0.8680214959213117 0.7061336921718661 0.8479342196237667 0.6907052015451074
11 0.7767884206486997 0.6717285963522798 0.7496156287919575 0.6734140594711888 0.74546200727616 0.606455309898039 0.7726344432558108 0.6047698578883978
11 0.7826982319847957 0.48627498533098146 0.7977785601073037 0.490833765479311 0.7827390809012513 0.5405800596441757 0.7676587607973033 0.5360212979919698
11 0.6867932341872347 0.4168791344115626 0.6520488725502673 0.41583079159722675 0.6537684082587703 0.3588484472560481 0.6885125375324606 0.35989678657737634
11 0.8050592065958426 0.3922456205161527 0.7918092299398722 0.3833223554509679 0.8101159270169092 0.3561403236212127 0.8233658677015683 0.3650635719987315
11 0.7439718051108457 0.5022644832065319 0.7547253477695222 0.4964148102955165 0.7615498882272504 0.508959502583193 0.7507963500966071 0.5148091690575312
11 0.8943325199082892 0.40596804155056904 0.9412881563388282 0.39664964631420313 0.9649718598253685 0.5159853839327322 0.9180162473551263 0.5253037002696208
0 0.6198110876074452 0.4974869416524497 0.5970360832778852 0.48420210634718097 0.6166366352903196 0.45060210419273583 0.6394115392588446 0.46388690223396123
0 0.6378462028408194 0.4682613225593473 0.6143256027908137 0.45254735849628946 0.6328802068539972 0.42477668015010467 0.6564007290852487 0.4404906086122817
0 0.7036501977327134 0.5894485088480294 0.6883855995854447 0.5773521461161201 0.7085000448552137 0.5519719902059226 0.7237645874217833 0.5640683188083535
0 0.7667964179713636 0.5355921971508755 0.7584148566634212 0.5325461344118675 0.7698603441426712 0.5010553442678922 0.7782418651497665 0.5041013989364521
0 0.8117112166499965 0.5490736197094843 0.834661917122844 0.5694505869969441 0.7966719330315755 0.6122344251062731 0.7737213295087031 0.5918575606108359
0 0.7853395009022961 0.45302859679961344 0.7761907581588048 0.45053933531513873 0.788866503424515 0.4039551808257467 0.7980151905787807 0.40644443423890997
4 0.6504807129934989 0.5311823050500929 0.635593123555168 0.527997938672176 0.6407912211113853 0.50369785323814 0.6556787540908999 0.5068822133637637
4 0.6837801035326265 0.44036172073023444 0.7194449581619438 0.4412956883773278 0.7162981984382668 0.5614504099086094 0.6806333441406878 0.5605164508224112
4 0.7659128188249724 0.4040608261745738 0.7845645002419133 0.47689236850627975 0.7242509663318515 0.4923369942972673 0.7055996433307428 0.4195057596148784
0 0.6914430014375057 0.4314992199369298 0.6929790424093198 0.41767168773501717 0.7120116013610414 0.4197858144683108 0.7104755791538082 0.43361332948947345
4 0.7306085843647452 0.5335514693080595 0.744993545255511 0.5386227174672719 0.7336838780677226 0.5707004435480274 0.7192989243382044 0.5656292098962851
7 0.5896464646464646 0.5211552196969698 0.5941995732323232 0.5211552196969698 0.5941995732323232 0.5389398806818182 0.5896464646464646 0.5389398806818182
7 0.6422204113165435 0.5523820182337138 0.6226490306474943 0.5579927764205768 0.6159023343305989 0.5344610400620601 0.6354736401211767 0.5288502933009417
7 0.6548171312836075 0.6049462818948378 0.6681244478712642 0.5923261820728446 0.6824443840370122 0.6074242334651118 0.6691370911527201 0.6200443090383185
14 0.7171461375754689 0.7394995248442207 0.7058084533400688 0.7368243376009357 0.7099213010905032 0.7193966627995748 0.7212589419192454 0.7220718446969809
14 0.7275904520203085 0.720257850378806 0.7313723575171025 0.7150232391038728 0.736208054272538 0.7185163884931193 0.7324261525769771 0.7237509963437427
14 0.8518442013374852 0.979220429041562 0.8278010452779654 0.9762604761129302 0.8510428147152425 0.7875235080946851 0.8750847603395187 0.7904833859156045
14 0.8878855981945435 0.8409926753639793 0.9041718585076524 0.8226225635031263 0.9366896378510319 0.8514454156660861 0.9204034852775749 0.869815424599125