11 0.15140427511971666 0.2430157707814021 0.18927075200940635 0.2509342467490202 0.1748883292195842 0.3197099747602183 0.1370218595257029 0.3117915227282196
11 0.5896472074525718 0.348929393939394 0.5098171032730079 0.34892939393939393 0.5098177097629559 0.12048316477272726 0.589646464646421 0.12048316477272727
9 0.3540926454438704 0.5974490272060375 0.4194222733411834 0.6138636284407911 0.39438270006132825 0.7135076316341792 0.32905313284459226 0.697093198333865
9 0.4704544745171688 0.8650696876560848 0.29044542591532263 0.8989408645766317 0.22621809986037533 0.5576177810235271 0.4062141122869889 0.5237478502707414
9 0.3331022226003597 0.3768611075285832 0.3932080923633521 0.3608212377752619 0.4208266608782196 0.4643105757844057 0.3607208332060736 0.48035033544266775
9 0 0.35984848484848486 0.20016383333333332 0.35984848484848486 0.20016383333333332 0.614306831439394 0 0.614306831439394
11 0.010260379467467828 0.6244715134196716 0.06911070934688723 0.6127511624160983 0.08669394807566277 0.7010289332974708 0.027843649316878327 0.7127491776238744
9 0.7350627119410547 0.7798795802158781 0.7307647369000279 0.6749883931739442 0.8776176564531397 0.6689716764246176 0.8819172601287164 0.7738611537367416
9 1.00000172326952 0.6677256969696969 0.8745767158715125 0.6677256969696969 0.874578916686346 0.49152383143939393 0.9999999635990662 0.49152383143939393
14 0.8178564296937338 0.8836097042479721 0.8634099944356421 0.8772282396633451 0.8745470535515096 0.9567092581639575 0.8289935041071885 0.9630906509569872
11 1.0000006530259498 0.8646203825757576 0.9316598350523009 0.8646203825757576 0.9316606124000373 0.7794897727272727 0.9999999581531256 0.7794897727272727