8 0.18705412829024226 -0.01759110096436311 0.28400124585914455 0.006114186839595091 0.24873779869881218 0.15033030566128835 0.15179070019098617 0.126625057533885
8 0.42133770158659445 0.3338860411811904 0.33846098990863993 0.3559158373439512 0.29597288013087564 0.1960765909063853 0.37884850343129983 0.1740469506294158
13 0 0.1038111953405018 0.042628138443935926 0.1038111953405018 0.042628138443935926 0.2730402401433692 0 0.2730402401433692
7 0.06497674140052823 0.1269080871968667 0.11634461639016536 0.1092519537643195 0.14849307806002798 0.20278247309910657 0.09712522466543305 0.22043856350442076
7 0.17708247773100538 0.2236400232297031 0.23603162645792963 0.19429696675692407 0.27836349720439557 0.2793387891088871 0.2194144209154274 0.3086817388101213
12 0.40715153974349505 0.4619003092545544 0.46772301517046344 0.48633098055254714 0.4317230737299269 0.5755791019722801 0.37115169998969577 0.5511486161404968
12 0.3017195787302853 0.5108286151304499 0.3899425769603795 0.5423847439421954 0.33834038883389894 0.6866360210333372 0.2501176066781454 0.6550803312362223
12 0.2982054200274433 0.8580777104202436 0.20495946449364055 0.7632407948870592 0.3429015523212229 0.627637929742303 0.4361455102322225 0.7224727565328725
12 0.137376288676478 0.9620479369803836 0.012356101727391433 0.9421000912847661 0.04246941972826335 0.7534356910473516 0.16748338699665055 0.7733830258665504
12 0.07453595698166282 0.5867759923867188 0.07163188128424736 0.5513998571774585 0.12350573218918726 0.5471418598681325 0.1264099525144502 0.5825178347874409
11 0.10525605036730212 0.5201065623842772 0.1301700409977684 0.5438388142562693 0.07492666282962546 0.6018273284838737 0.0500128304536247 0.5780952381357385