8 0 0.04232322741433022 0.0068301401869158875 0.04232322741433022 0.0068301401869158875 0.052854507788161996 0 0.052854507788161996
8 0.01684394864173555 0.05765138569477792 0.024131753719075277 0.053612919828024824 0.028381244082083867 0.061281531447244735 0.021093439233140998 0.06531999699290213
8 0.006302819390043624 0.08316719846190557 0.013112654033534454 0.07854511608213709 0.018176555618424572 0.08600587901005258 0.011366721411491199 0.09062796085364704
8 0.038251649202493354 0.09396249277257318 0.03225655395249305 0.10080346923074109 0.02679716595832815 0.09601914272816961 0.03279226070401364 0.08917816698953171
11 0.4696261682242991 0.014294141744548286 0.5420416273364487 0.014294141744548286 0.5420416273364487 0.1592036074766355 0.4696261682242991 0.1592036074766355
11 0.5066599955449647 0.31060484212090667 0.4851666464273876 0.32085878416130365 0.4727724547461776 0.2948799281651382 0.49426575525342287 0.2846259998149244
11 0.6479626460596819 0.2730325494191867 0.6677253352838761 0.2610302199893891 0.6840416418654058 0.28789556547576434 0.6642789649179122 0.2998978787883237
4 0.801970523358591 0.3342602483892623 0.7684061431879172 0.3376260231920889 0.7622693605277391 0.27642920608006993 0.7958335515534145 0.27306344078284916
4 0.5603221587434746 0.4568891612930462 0.6094974789638172 0.4604517787716204 0.6040747331634293 0.5352972916702781 0.5548994151273519 0.5317346943761502
4 0.9203653415544295 0.05472777489951298 0.9481246060097419 0.05739718313783528 0.9432309063710136 0.1082868353414035 0.9154716421149942 0.10561742880266452
4 0.4696261682242991 0.4268627274143302 0.5143363726635514 0.4268627274143302 0.5143363726635514 0.5417758909657321 0.4696261682242991 0.5417758909657321
0 0.1347032117038225 0.5797963742341392 0.14425310036995143 0.5756233447715886 0.14962999711508473 0.5879269928318842 0.14008011140867893 0.5921000173106579
10 0.003866590931238534 0.6665068127574434 -0.007125390864302972 0.6563276091891687 0.025507102803771886 0.6210940186915839 0.03649902736185595 0.6312731742907125
10 0 0.7116552211838006 0.014321482476635512 0.7116552211838006 0.014321482476635512 0.7667852663551402 0 0.7667852663551402
14 0.749433606307889 0.5794391361098977 0.749433672633586 0.5948469747211819 0.7156930455997781 0.5948470445475154 0.7156930257009435 0.579439252336468
14 0.7853688859869408 0.5794392108008717 0.7853689266420361 0.5956148663044463 0.762561878552674 0.595614883641327 0.7625618709057562 0.579439261140224
14 0.740551786454489 0.6088526880583095 0.7532401474067001 0.6002577871744115 0.7627622663438842 0.6143133879860565 0.7500739164780725 0.6229082752759256
12 0.5005778624739605 0.7914251698762175 0.45730331344054775 0.7704778622773532 0.48562244795505194 0.7119850194600561 0.5288964575430555 0.7329321727265883
12 0.4835573795128312 0.8385393751453203 0.5046357378798803 0.8448376249382301 0.4858342427357911 0.9077462401325667 0.46475590781210485 0.9014480451474923
4 0.4887286514446032 0.7030666694417007 0.4812425922897319 0.7084444579439538 0.47402935015963976 0.6984048773589607 0.48151539557989054 0.6930270959386364
4 0.5194162244207519 0.8040318553568966 0.529617176164038 0.8011644616627556 0.5405127717535834 0.8399184272982149 0.5303118258602808 0.8427858065394989
10 0.5522986134803887 0.9771445458618611 0.5465532673167672 0.9752177919317179 0.5493340301726448 0.9669283096083874 0.5550793626398445 0.9688550610440188