4 0.46908611242099596 0.39919354838709675 0.42599755145658946 0.39919354838709675 0.42599766925934546 0.35331600403225805 0.4690860043624525 0.35331600403225805
4 0.43577413306456947 -1.1465387992213722e-8 0.43577416040955086 0.06738287041142309 0.29425432935045137 0.06738285415056111 0.2942543481183293 -5.2820813391570865e-14
4 0.06740275189906697 0.12733221395917194 0.22983961583156542 0.01606883677551044 0.4607337170820074 0.35315413889713665 0.298297836235065 0.464415964458795
0 0 0.2783216545698925 0.05457728897849462 0.2783216545698925 0.05457728897849462 0.39919354838709675 0 0.39919354838709675
0 1.000000054649604 0.2351497379032258 0.9758623863576759 0.2351497379032258 0.9758624397007907 0.15712748252688172 0.9999999991165396 0.15712748252688172
8 0.708359497060087 0.1364508181719211 0.7061413512520858 0.0022938526893906243 0.8711845947602797 -0.000434994972350283 0.8734029658072586 0.13372174501579553
11 0.9216010826150978 0.06957612979831375 0.9389920436559578 0.017129819292525647 0.992378227687027 0.034832434982138165 0.9749872959006325 0.08727871954400351
12 0.6974583973692461 0.24667384024788072 0.7500268276928637 0.30505533098371923 0.6749180979859375 0.372683207097766 0.6223499563111545 0.3143019932004968
4 0.940996219495446 0.33270862934031564 0.9392055596367754 0.36687662468784565 0.8964658967199739 0.36463674721085665 0.8982566299705468 0.3304688299692364
7 0.4690862243498941 0.9005647029569892 0.43775756552872735 0.9005647029569892 0.4377577110972197 0.8574671706989246 0.46908600894937535 0.8574671706989246
10 0.4492374794965599 0.9999999976285902 0.4492375510551483 0.9783349170380702 0.4690860282835274 0.9783349894921657 0.46908602150540446 1.0000000052510578
10 0.4248218850170815 0.8337050699052952 0.3259956693430013 0.8723376576639915 0.27095082739640475 0.7315504017247036 0.36977390191066206 0.6929184964326143
11 0.9435459276089659 0.818222910363365 0.9642760376950719 0.9179129626492822 0.8511597714189065 0.9414276794093394 0.8304314242795954 0.841739164672396