8 0.04530924539164971 -1.1948566534907629e-9 0.04530924653408874 0.02953639376117024 0.01345103334540454 0.02953639274952384 0.013451034450213228 2.765482325239044e-10
13 0.026161278461586335 0.26157800543236426 0.04054069604524102 0.26168225677545326 0.0403517090526293 0.28774870285379694 0.02597229147033886 0.287644451624216
13 0.013380275348822579 0.27019731196507635 0.02358831874232692 0.26027922652393287 0.03491352559206007 0.2719352751192732 0.024705488770905504 0.28185335390957184
14 -0.005201230223974562 0.4388908000202305 0.00005699131520486844 0.40467533514895637 0.04208110774118268 0.41113322715402395 0.03682299131230593 0.4453485983303901
14 0.05350256004771836 0.46797968034426085 0.035151745282973934 0.4696412501288459 0.03077775924452908 0.4213360951087148 0.04912845410456157 0.4196745307881717
14 0.09395661332894178 0.44216000806349864 0.06371846191643726 0.4377408259010956 0.06661474017676028 0.41792451639493683 0.0968528137643716 0.4223436927903517
14 0.11822274341909633 0.44500342743487364 0.13358052592082004 0.4396927775554656 0.14820877491604278 0.48199328380316425 0.13285100062080346 0.4873039168981684
14 0.12394250286740771 0.435218624619728 0.13620120045038675 0.42739030651503823 0.15346542928978124 0.45442350388297265 0.14120674506034447 0.46225180497228907
14 0.14300243530738044 0.4495871292604511 0.14452430987330445 0.43140899067399285 0.17613415767459628 0.43405520137305953 0.1746123247411333 0.45223330112773263
10 0.10092429676353731 0.17581388649610194 0.09018703407059547 0.19623538687926728 0.07658922826067283 0.1890859682938503 0.08732649197747833 0.16866447660515257
11 0.04405682938136124 0.3239346547174556 0.06037990707557128 0.33398043898403285 0.036618119557715545 0.37258878982472676 0.020295060323860525 0.3625430296824304
11 -0.004654880855241572 0.1936423339610276 0.028080495627250457 0.16613955480050085 0.07626020404416067 0.22348513236506115 0.04352488926701881 0.25098784582283973
14 0.08116189372287863 0.4896313160095372 0.05970468137468288 0.4940101731218756 0.04489825376003864 0.4214601807620015 0.06635525856574986 0.4170813450987171
14 0.0934467899592164 0.4403032122284529 0.09627587997090359 0.42328455824146993 0.12846630547380755 0.42863540462727995 0.12563725683867233 0.44565402182526415
12 0.6213563730567557 -0.0011596669817622678 0.6469525086241674 0.00018176951074411497 0.6441582449773477 0.05349949266565968 0.618562109446998 0.052158056451615115
4 0.23536598063003566 0.8428356226383145 0.26953540955423705 0.8292504123414475 0.2921582207272877 0.8861385329439875 0.2579888520286886 0.8997236337607369
4 0.1895880468013047 0.6772558239038681 0.23020516686563042 0.7221954464178678 0.18352273212849468 0.764380766386497 0.14290593549060304 0.7194414545267617
4 0.13263797708941638 0.8272200744253968 0.11941665742881469 0.8505222257808127 0.07639479446675068 0.8261171473251813 0.08961611717495543 0.8028151413261899
4 0.2635049827306375 0.5050087278750711 0.2878132447800681 0.503504879366714 0.28945908239847995 0.5301061172950501 0.2651508206438393 0.5316099626415037
4 0.45517577542932486 0.767112708064351 0.43215924960259144 0.7611271696438352 0.4380498572193119 0.7384798703148263 0.4610662655431952 0.744465392669631
9 0.26427225206407456 0.7712727970999967 0.2849850224083639 0.7500151144286921 0.33590787567595726 0.7996234824641617 0.31519528825288035 0.8208809842392942
9 0.36996989952251624 0.5314435272811492 0.3908624594023422 0.5531640787699439 0.3573042637419803 0.585439863254239 0.3364117906572801 0.5637193974331373
9 0.09921384403048705 0.7487602249116957 -0.028319781325308213 0.6917230441806954 0.042724947966348736 0.5328962910651198 0.17025479430867563 0.5899324851117486
9 0.023944780234842256 0.6778688027686359 0.040205409150075866 0.6787208600386477 0.03828939646598428 0.715280650310965 0.02202876782337171 0.7144285963450085
11 0.11309842381058388 0.5451853882728521 0.14399221383871463 0.512418091286528 0.3717005662470001 0.7270811936770879 0.34080779611031176 0.7598474943513989
9 0.17207681667605357 0.7798211920548576 0.18104101238384374 0.7708789532423261 0.19250370479358025 0.7823676734256843 0.18353952634799953 0.7913098949639561
0 0.4977666172798081 0.6675887572445632 0.5785769888666437 0.6285193158498434 0.6071700198543795 0.6876527084986747 0.5263598181666111 0.7267218854082078
9 0.638558313043518 0.937803275614743 0.623379264825644 0.9650201258794274 0.5641016588486991 0.9319689824385465 0.5792807206116777 0.9047523927164883
9 0.5534132495685071 0.8761687561765377 0.5735059258101955 0.8242314030344974 0.6840901230797272 0.867002714698439 0.6639984140597335 0.9189392474324783