13 0.2815883170824236 0.28220961725993227 0.26935358205423654 0.23946491390215982 0.39656479616667184 0.20305388707604513 0.40879965964268195 0.24579838992817904
12 0.18178643031012598 0.39979855883981785 0.16904556976794538 0.3655510881987687 0.3017658018667362 0.3161776684733899 0.31450677759028167 0.35042487434227465
7 0.9190595372208463 0.7473895955334965 0.9343333711078685 0.7460347819819529 0.940189821154604 0.8120469217461556 0.924915988717089 0.8134017245902093
0 0.9321320059393656 0.7619437319010077 0.9243406685454829 0.7642726375200616 0.9002482904523958 0.683684728110693 0.9080394920359822 0.6813558442348993
12 0.8989656222647682 0.7815229752575846 0.8824613713651388 0.8137581868635484 0.8140862924993826 0.7787566864671861 0.8305905850982072 0.7465217702239998
12 0.7554929612368824 0.7348640665225034 0.7702607053969359 0.7119946635678238 0.8379022512110623 0.7556663450958024 0.8231347447417647 0.7785355388113574
12 0.6737469776398939 0.7037379635334227 0.6529236895144095 0.6984333455790768 0.6672739055472903 0.6421099458900829 0.6880969561021857 0.647414532010871
12 0.6988598840931672 0.7293593508940176 0.7176821939643787 0.7311139002099567 0.712201092295004 0.7899034614875482 0.6933787840702053 0.7881489241520371
12 0.7977788207023195 0.9932875565736635 0.7682686266109613 1.000479991022806 0.7554572730319933 0.947930221517648 0.7849670168413923 0.9407378443364471
8 0.6281950678961721 0.8802519381745274 0.6133825777973243 0.8708555243837511 0.6297209649239903 0.8451056713617932 0.6445333657635501 0.8545020475228212
8 0.7740844956938417 0.5205212368589337 0.7648708660876764 0.4617839434245825 0.815300965158599 0.4538739720093293 0.8245147741063192 0.5126110429169138