10 0.7222924015017043 0.11184129990054065 0.6861444382141144 0.032593478828701734 0.8445783436570764 -0.03967422817062813 0.8807262887301022 0.03957345334345456
11 0.9149582800707776 0.062115678570463274 1.028154164241755 0.1606724494997657 0.9719371330645572 0.22523907661293713 0.858741429257293 0.12668249545544677
11 0.8730573991936126 0.10600293682797654 0.8547322524942729 0.09008721525814799 0.8917712285071957 0.04744113219924813 0.9100963609218979 0.06335684328612624
11 0.8099245770786183 0.13249725186111178 0.9502513978634397 0.27449720940836786 0.7830171044228109 0.43975568027911305 0.6426917137682722 0.29775712527707104
11 0.5142697075699516 0.11845415033049246 0.6923425108831225 0.11872750417485371 0.6918806001000348 0.41962818928078266 0.5138077970430004 0.41935483870967744
10 0.4798393599440942 0.5649665067204301 0.4227050810249011 0.5649665067204301 0.4227054284216365 0.45657767338709676 0.4798387096774377 0.45657767338709676
11 0.47984031813723504 0.8137959166666666 0.3926189741590633 0.8137959166666666 0.39262063434364336 0.6471780282258065 0.4798387096774377 0.6471780282258065
11 0.22529119471903414 0.5888843035471708 0.40336400650846826 0.5891576081152415 0.40276639688875093 0.9784671814103073 0.22469358524733707 0.978193889619818
10 0.22325701870568082 0.8335682358990725 0.2770623526913596 0.8915154490912053 0.14246121230416975 1.0164611952005098 0.08865739517966631 0.9585154648453894
10 0.028055393817112417 0.9113741397849855 0.1312669885143123 0.7839517239401991 0.18001147880590906 0.823426393109779 0.07680100483764818 0.9508477679047539
9 0.37050149264916854 0.9999999893785391 0.3705034589377192 0.8711142109126232 0.4798387096774377 0.8711164072580777 0.4798387597436431 1.0000001370363953
9 0.37782879485484955 0.9015350362182736 0.4124523576604133 0.9254146501409872 0.36047005122816245 1.0007640696507387 0.32584674817292125 0.9768847711726256
11 0.8291392565995466 0.9875486318036146 0.8088100947086332 0.9966002376237627 0.776500121313461 0.9240545309469564 0.7968288826973549 0.9150030273255373
11 0.8176676922338402 0.46282328241309045 0.8337482263444826 0.46501039715027936 0.8294108490756571 0.4968982966838833 0.8133303159961542 0.4947111871044151
0 0.724667763510638 0.9344540939887698 0.7427149206823742 0.9347686642756633 0.7421166098893082 0.9690848554351065 0.7240694527575897 0.9687702867139669
7 0.7000525615417246 0.9543344886523415 0.6727101430209359 0.9565813644046219 0.6673645771066958 0.8915452111396006 0.6947064992489231 0.8892983558124407
11 0.8574927277084043 0.8646563526849161 0.8263818095404076 0.8774621331477078 0.7393010919649896 0.6659416117087048 0.7704105805227073 0.6531361597512009
11 0.7239377177545521 0.6765789954862276 0.7579915401523749 0.6614091878436175 0.8503305159437105 0.8686598334319258 0.8162769377706809 0.88382923309947
0 0.674676832808359 0.9278522773163007 0.5899306316737238 0.9237216669182939 0.6005119734018081 0.7067268281978882 0.6852537189457735 0.7108573317453661