8 0.36890181707622105 0.41750548836899043 0.3705817891998322 0.3820309047634083 0.42147890888395523 0.3844411196564854 0.41979905202299506 0.4199155920906064
8 0.9243110534915786 0.4412895668369047 0.9258591443812065 0.5376940571142559 0.7662246549039082 0.5402558103178189 0.7646777343729809 0.44385247552461454
4 0.45870901660248364 0.22892582395534378 0.4969041478703957 0.20768454012344117 0.5191027951001388 0.24760053229400558 0.4809076892710209 0.2688417808288644
4 0.5908698024105661 0.4054097314080469 0.5520604769282045 0.41877223685206777 0.5375585917070111 0.37665546485322193 0.5763677275015198 0.3632929951089826
4 0.6642250945245678 0.1066449717679116 0.6529203256877736 0.06727496798806366 0.6960876856405775 0.05487984519930849 0.7073924672808971 0.09424982648762188
4 0.8392889764116944 0.13551580649604014 0.8317586506283305 0.09218750858405889 0.8722848489990156 0.08514420327059484 0.8798151981562796 0.12847247169849596
4 0.9086444862849703 0.26104588501403514 0.9261086259181184 0.22104492707091003 0.9670466819255807 0.23891788473576547 0.9495826227429234 0.2789187742969897
0 0.6554698920940609 0.5045751227554208 0.611309195744866 0.48049680391132227 0.6573622816219995 0.3960394512633622 0.7015225012606834 0.42011760844576446
0 1.0000001397424967 0.36420102449888647 0.9600152575525271 0.36420102449888647 0.9600153898215922 0.29751151113585744 1 0.29751151113585744
12 0.514905891549688 0.47790219939748846 0.4180286144622869 0.4676916201252783 0.4313358099607285 0.3414490180031771 0.5282115503603109 0.3516595150589027
12 0.87301909208486 0.3569674731723299 0.8818333259495148 0.39838381047575094 0.8135861033345009 0.41290730139679893 0.8047720635034921 0.3714911329887062
0 0.07077535484245345 0.9999999688252336 0.07077551407644478 0.9782622225942317 0.11308186358996863 0.9782624819061119 0.11308184290010104 1.0000000893956658
9 0.4118441071610732 0.9253935851480206 0.42394700497538906 0.937451131295251 0.4010801718500261 0.9603977048901051 0.38897732998816537 0.9483402147740858
4 0.5129888854343108 0.7849208099996798 0.5569222686646071 0.757055321616157 0.6034536077279427 0.8304035429430398 0.5595204558845808 0.8582687327902859
8 0.4835818408550949 0.8737210519799476 0.5155192862667946 0.8490693102051362 0.5585148748633628 0.9047589689936191 0.5265776354666514 0.9294104765841105
7 0.5947540875217783 0.8673524884282123 0.5987568756039536 0.8506960632279499 0.6470608035677969 0.8623014819879745 0.6430581414882681 0.8789577983372742
7 0.7923696727089009 0.9750840402464594 0.786208755230632 0.9905794174133892 0.7567915851124098 0.9788865480609362 0.76295253077501 0.9633912437919198
10 0.8090738984261634 0.917988513183179 0.8183588767228684 0.8748439240477067 0.9093861417644575 0.8944283491155651 0.9001017990138962 0.9375723859251456
10 0.9778355858811665 0.9405645037420857 0.9752396496759275 0.9577599688635687 0.9337663323328798 0.9515004397878534 0.9363623532490237 0.9343050786621576
10 0.6796057717197073 0.9009042945795747 0.6694265367445951 0.9241807281072005 0.5735374076257358 0.8822561316829415 0.5837167420994547 0.8589800309234799
10 0.6726556474517338 0.8985336875490049 0.6781774066915887 0.8859092083417964 0.7235413036033833 0.9057457214830495 0.7180196455309442 0.9183701148481103
10 0.5830645867093835 0.7476417876957454 0.5929804136671919 0.7379068610432443 0.6216141764217582 0.7670676353366181 0.6116983949058294 0.7768025160686922
10 0.45132093093900494 0.699973373306398 0.45182772079908773 0.6914748984103172 0.46956721508479404 0.6925325945669013 0.46906044211254994 0.7010310534418998
8 0.4207409603183123 0.7936514197649702 0.413886572792876 0.7749046751804216 0.4771163477353184 0.7517899580712293 0.4839708022384457 0.7705365547982073
8 0.4198393094104631 0.7399930638270639 0.4032261241051174 0.7181043319298698 0.4441191880640645 0.687072074600708 0.46073232227820426 0.7089606842455508
8 0.5412493670283993 0.7275114974202834 0.5354072837210424 0.746320456326753 0.4602960974219741 0.7229942175575237 0.4661382710022508 0.7041854219026888
14 0.7779104648047905 0.8288036926634869 0.8016892281551691 0.7744361987306577 0.9003682716196408 0.8175867570525343 0.8765903763741107 0.8719535131791382
14 0.7604437200078564 0.8010716657638609 0.7510026018477447 0.7541499639747135 0.8285115173933946 0.7385571674126699 0.8379529557518026 0.7854784283820768
14 1.0042825061294707 0.8946585179864723 0.9958325283679414 0.9244368797503738 0.9370948204776823 0.9077730836462167 0.9455449489462353 0.8779949698538922
14 0.9703853051755686 0.9169477936163042 0.9964379578765374 0.9110809946158122 1.0089695508168006 0.9667152693536468 0.9829169140880367 0.972582020496124
14 0.9410488681164679 0.895678682548876 0.9066287575601564 0.890122477372247 0.9143865916968252 0.842076289310044 0.9488062679276936 0.84763245876306
14 0.8895819525445177 0.826937378364368 0.9151810829267788 0.8039377864684847 0.972390502251983 0.8675996747016017 0.9467916138270311 0.8905990124736133
14 0.8412246779477073 0.7831318733390173 0.849070068326796 0.7668032931178019 0.9330465169888384 0.8071434784314393 0.9252013427047814 0.8234718745940739
14 0.8810366387197064 0.7779826623415544 0.8851397752508774 0.7622794698040578 0.916111459966146 0.7703706686845235 0.9120083923520497 0.786073801957413
14 0.7957599519537553 0.7189276565423968 0.8119816059346476 0.6850985652474286 0.9049448403500264 0.7296689105948247 0.8887236392224622 0.7634976156328603
14 0.7654970935558367 0.7329022362927428 0.7113475647032601 0.6860990908995004 0.7560773466150295 0.634356412388854 0.8102264082325519 0.6811592175580502
14 0.8580308337520819 0.668408768027968 0.8523223045049235 0.6863795690724019 0.8186549382688781 0.6756863312464146 0.8243635025559115 0.6577155952672785
9 0.9685058067697128 0.7781336921814911 0.9787844859998813 0.7676961147809269 0.9932567063193574 0.7819453938175432 0.9829780524407852 0.7923829460135553
7 0.9811626773672515 0.8932578528162101 0.9784958943791935 0.8806848673163986 0.9963280654942537 0.8769034810764496 0.9989948708105203 0.8894764357191275
11 0.9897693542552588 0.8710289167182884 0.9862618388016244 0.8794210960510769 0.9667279855425477 0.8712587610310751 0.970235509126951 0.8628666052040148
7 0.9718854032106492 0.8526279182846925 0.9723329301693866 0.8403411938772056 0.991960000587369 0.8410559218946031 0.9915125058439571 0.853342615125828
7 0.9619657785793834 0.8248038689948743 0.9708105390197943 0.8146548332408101 0.9837715088232244 0.8259478326032051 0.9749267714578309 0.8360968464356093
8 0.4615034819739776 0.8549795475028982 0.4623250764647082 0.8094081775645187 0.5400547193790999 0.8108090934222324 0.5392335824066095 0.8563800138105662
10 0.7700351509477059 0.9436468269569138 0.774269425091461 0.9453566213206824 0.7710742507025543 0.9532672454860145 0.7668399777282957 0.9515574532293847
10 0.6429057761693002 0.8399586804008744 0.648971455891342 0.837139930101814 0.6535513132943152 0.8469932160596202 0.6474856360191552 0.8498119624231908
14 0.9208855649844736 0.8588511052215649 0.8958425029312593 0.8767320101369378 0.8585758264231345 0.8245492621734332 0.8836186004796218 0.8066685041269003