12 0 0.5041510941319823 -0.01865608489549686 0.44206658769894397 0.16239102578754228 0.3876648459669065 0.1810475952173647 0.4497486246426393
12 0.05667209737509893 0.5309775329298662 0.054780008323859875 0.5450182650782296 0.025138055857382824 0.5410240976649928 0.027030173594084772 0.5269833997555143
12 0.015593826894360063 0.522311038310817 0.02162744889426449 0.49797422829243815 0.07549450893964149 0.5113279220664172 0.06946101017570072 0.5356646256768326
12 0.07501701307637632 0.5259785335239247 0.06195280026054206 0.5090771034985119 0.10500294541975563 0.47580344713122946 0.11806712534246344 0.49270480587242876
12 0.11347985132363192 0.4973858066944557 0.10226808289382916 0.48152199588536937 0.15156432911521733 0.44668417265421034 0.16277607702647856 0.4625479146169388
12 0 0.4173028704156053 -0.003707729566940543 0.36199192174539674 0.2051945150848269 0.3479872583780995 0.20890287705537958 0.4032976033684358
12 0.1908384635786433 0.3030544239663775 0.2243548550380865 0.26875689160451066 0.2958872565857291 0.33865807486717 0.26237103404616846 0.37295543964819944
12 0.2585811816597925 0.24392672853996866 0.24934880177647756 0.2679951525845216 0.192982912978664 0.24637413360836605 0.20221531566369322 0.22230576272691663
10 0.11306939777125535 0.3270007829004119 0.10849498492370913 0.2950573094730591 0.1453029237404735 0.2897864428514782 0.14987738248305504 0.3217298598666601
10 0.23360770624265115 0.2811427529478755 0.23324860822435767 0.2881000791330954 0.21857099900603316 0.2873425141282876 0.21893010120390954 0.28038519234432496
4 0.381332440415008 0.2821300108212549 0.3820753441938223 0.30864279643453557 0.332467139330447 0.31003272190474673 0.3317242964955085 0.28351999550781243
4 0.24504110891007258 0.38350316777298427 0.24639186740955665 0.3744949333064529 0.2707818951326999 0.3781519776462873 0.26943115102972115 0.3871601992040101
10 0.4055887746260396 0.20047957906974495 0.40465359223753694 0.19397541356797693 0.42063420423676234 0.1916777121971022 0.4215693892166428 0.19818187457393238
10 0.12729832389516105 0.547951442479996 0.12679658424792706 0.5661627394065699 0.07869517970891593 0.5648374834341259 0.07919699142166792 0.5466262606012836
10 0.1536760290350685 0.5436749880462048 0.15465427837875723 0.5246939242138167 0.20328003282043028 0.5271997224988877 0.2023018624248607 0.5461807111494646
10 0.20184933698158147 0.5685455418111878 0.20064226220972614 0.5596822552062004 0.2287978550423304 0.5558481402360361 0.23000494785298997 0.5647114052970733
10 0.22030841348089325 0.5503658381105276 0.21820147481548702 0.5285211588055402 0.26041965151637214 0.5244495077296744 0.2625266576744707 0.5462941108985396
10 0.33476681608249237 0.5282212297032514 0.3309159635141441 0.5456067635166335 0.28382966028732426 0.5351780406991188 0.28768056093156247 0.517792574572155
10 0.18273367333881652 0.49351427486694743 0.1843229137336948 0.4763696987110741 0.2314209053953391 0.48073514211257257 0.22983172995566292 0.4978796582359647
4 0.22116456528578965 0.41907446040431245 0.23505292827530866 0.4382951350159405 0.16344295915314433 0.49003524496853873 0.14955472738392928 0.4708146882640824
8 0.7073463310642865 0.48318173625335215 0.7207341752974799 0.4346978618562655 0.8118784593498276 0.4598637701702966 0.7984909994562486 0.5083473148398572
4 0.827246350827977 0.4555990494187603 0.8258998848554029 0.42990686717862403 0.8759683537218734 0.42728301487856135 0.87731490147155 0.452975110295295
5 0.7554329583181243 0.1754392832798064 0.7543471765010281 0.1547212983413974 0.7819711393149191 0.1532735999967696 0.783056934688716 0.1739915705135363
5 0.9497195881912148 0.24929375740325138 0.9514541768601248 0.2701429376656304 0.9147514475137086 0.2731963889326811 0.9130168916184402 0.2523472392931575
9 0.7090464547677262 0.5027500623471882 0.85058104400978 0.5027500623471882 0.85058104400978 0.589242053789731 0.7090464547677262 0.589242053789731
9 0.9606307934237748 0.3603496579357045 0.9709708891953142 0.34043859207412486 0.9985147078988348 0.3547419389071446 0.9881746514992074 0.37465297101678746
9 0.8598400105298651 0.38799405256634417 0.8714004937270374 0.36149051934058285 0.9183986267149749 0.3819895625520233 0.9068382380439743 0.40849301531742405
8 0.892995232002022 0.22362959445246822 0.9344311903362268 0.22145807055386008 0.9358788974024037 0.2490820557670747 0.8944429392284974 0.25125357750129473
12 0.7090464547677262 0.2320280317848411 0.7178167811735942 0.2320280317848411 0.7178167811735942 0.25402398044009783 0.7090464547677262 0.25402398044009783
6 0.7048639317774814 0.2748588948728092 0.7095826988451108 0.25639005273021165 0.7512832509178224 0.2670442424233295 0.7465645219509724 0.2855130517570839
10 0.08097951152876703 0.8232575935439349 0.11893769337564208 0.8250342580327376 0.11732401979986662 0.8595027895730644 0.07936583846890244 0.8577261329436786
10 0.09049391223436487 0.9596257802782974 0.10767910463005137 0.976495804823124 0.08182526721827799 1.0028248617187565 0.06464016748168433 0.9859549303178513
10 0.22293608104325813 0.7960062318867409 0.2249631671578527 0.7867702115105147 0.24999224678617793 0.7922624186262334 0.24796519356368663 0.8014984103989475
7 0.03984271663193795 0.9257606324758362 0.04082125126114988 0.9484410586197525 0.00009845509703154676 0.9501973684759849 -0.0008799420635341448 0.9275170745355108
8 0.10075877750875861 0.9809124344445422 0.09041324736472234 0.9576826669753972 0.12931210340570942 0.9403636683809796 0.13965767520028294 0.9635932909442735
8 0.11052937041563382 0.9435127542787679 0.10806360632716405 0.9339233662101798 0.15064070548180553 0.9229781450443502 0.153106508328392 0.932567473030966
8 0.165265405441005 0.9067529959059482 0.16117342929442202 0.9263953412087466 0.1297526353154126 0.9198512022285414 0.13384467523712829 0.9002089448685633
8 0.18992293969802176 0.8569908659950686 0.1984375510710379 0.8651400834536709 0.17869956104368612 0.8857582818381309 0.17018497993115034 0.877609095227239
8 0.23843317443686374 0.8067565011261457 0.23745113380448402 0.8273045512450831 0.14416634822555352 0.8228466224450826 0.14514861491443298 0.8022988129584822
8 0.21298102238756655 0.8344660519411238 0.20719881449940658 0.8135533654926413 0.26485854615134485 0.7976139820157564 0.2706408497316488 0.8185265128542485
4 0.1238528190950774 0.9302522968540794 0.1241096515401523 0.9414259563587786 0.07982705366373466 0.9424433700525625 0.07957029339854671 0.9312697811735476
4 0.16624840072245206 0.8775951327312826 0.17047957948955172 0.9157931803346917 0.06771099060085817 0.9271728831130303 0.0634804029003817 0.8889753739823496
8 0.7811719569656361 0.6728314525851113 0.7549937042210786 0.7019014307687509 0.7259220209690511 0.6757251664078193 0.7521001848762126 0.6466553051234144
9 1.0103122383592336 0.8925041861480112 0.950974802951464 0.910682688771533 0.9111416343225756 0.7806868858465308 0.9704771300804396 0.7625087036037044
10 1.0000001539673349 0.6643167555012225 0.9741309424422298 0.6643167555012225 0.9741311424387504 0.5925245097799511 1 0.5925245097799511