10 0.1950091928454185 0.5283018706556178 0.19501056195929323 0.3892117244932228 0.2888168042182997 0.38921287024292595 0.28881634883657625 0.5283020892624686
10 0.1406001162603161 0.06651667474389016 0.21698804738662147 0.1444081924093971 0.11617924626659715 0.24327002495695824 0.03979155444551452 0.16537875400823338
10 0.058567113419144334 0.4974172157473482 0.002976295474354629 0.50120692232076 -0.006550512866510871 0.3614612929447145 0.049039276270605114 0.3576716218817628
8 0.45693913051775326 0.15762979279544936 0.3791000199314567 0.21738004840460837 0.3092190412145328 0.12634354671819387 0.3870579019709339 0.06659343338596208
8 0.39687257499815587 0.2527257992688044 0.360095272341141 0.3556517233963848 0.2749779904387424 0.3252382662472536 0.3117554802821587 0.22231276151163448
8 0 0.19369387264150945 0.05474001328903654 0.19369387264150945 0.05474001328903654 0.2783675754716981 0 0.2783675754716981
4 0.20718960692443034 0.11055087750683551 0.27825775747885473 0.10570581144182248 0.28757370842083674 0.24235249078604645 0.21650556047814007 0.24719753884845405
0 0.3295670259783492 0.5283018341543972 0.3295678957684913 0.4403021917721741 0.42831084367060157 0.44030318158678966 0.4283106146172031 0.5283021771986349
9 0.40168578670613897 0.43787478109228656 0.4014042734902432 0.34681117458389293 0.5073558361008281 0.34648365556057914 0.5076379278876857 0.4375466744290967
9 0.13737252522753352 0.49866280041668387 0.03914254801077277 0.4878178356840909 0.06477310112131818 0.25569032076255926 0.16300043138892306 0.26653513666759937
4 0.7594144718311782 0.5350837362216663 0.5829388806744191 0.37485640675734533 0.771567452390741 0.16711003656103446 0.9480401478449494 0.3273350395477521
0 0.5398671096345515 0.14239228301886792 0.5951573654485051 0.14239228301886792 0.5951573654485051 0.37890594103773584 0.5398671096345515 0.37890594103773584
11 0.6830512359719023 0.17310312282849585 0.5548160941366405 0.18897720993521472 0.5368772723173834 0.04406096632996348 0.6651118844368966 0.02818690896931843
8 0.9391877197843996 -0.0026584315987751746 1.0072404037232445 0.11898302389370735 0.8688779877522848 0.19638977419986203 0.8008256094083208 0.07474857612147968
14 0.8181281653783117 0.21827153735793978 0.7131955899718605 0.23087531805303713 0.689669112767092 0.03500394890880877 0.7946008814867582 0.0224002177975594
5 0.5398671096345515 0.3961125731132075 0.633818315614618 0.3961125731132075 0.633818315614618 0.5283018867924528 0.5398671096345515 0.5283018867924528
9 0.17769380658091904 0.6288139221162569 0.2177373189725813 0.6407520240714478 0.16800472284523948 0.8075429294856729 0.1279613070897767 0.7956050548763915
9 0.23669505816735636 0.6277518502912797 0.28257919982252133 0.6317193450961059 0.27312965004466605 0.7409884813062698 0.2272455144120613 0.737021031877157
9 0.037015815321865375 0.7718222672353408 -0.003164126859815042 0.7683481139040726 0.00253092868240401 0.7024974631669196 0.042710277098649385 0.7059715906613527
9 0.2916949728507916 0.9559737715201398 0.3137880614617643 0.9390196603773495 0.3358389149374261 0.9677463777157083 0.3137459052546774 0.9847003988715041
4 0.5398671822431425 0.6032333514150942 0.5182075563955095 0.6032333514150942 0.5182077016119138 0.5457380400943397 0.5398671096345424 0.5457380400943397
10 0.41505020742533816 0.5664939551891521 0.39563396026483133 0.5518159664322244 0.418516682105178 0.5215492076549944 0.4379328470163273 0.5362271500702459
10 0.24691503902738532 0.9372064201089036 0.2781747358244502 0.9713522953220595 0.2329943833976813 1.0127014581301919 0.20173500830560442 0.9785558938679116
8 0.36594277121844243 0.8804160698344151 0.32801739871820246 0.9012807053404654 0.3036303509671825 0.8569624610078834 0.34155531578926457 0.8360979645112544
8 0.30254142991611843 0.6510386071316352 0.29876247176082416 0.6049488419811515 0.34817409509730624 0.60089797692406 0.3519532511975285 0.6469875248522692
8 0.19926595750291654 0.526015518240528 0.24285586046607932 0.5297848036607521 0.2373340990352517 0.593635273538075 0.19374419890323225 0.5898660087039926
8 0.07854560026930812 0.6037138278918941 0.039692541326758146 0.5686918040024498 0.08041563737788238 0.5235186907899486 0.11926846269318503 0.5585405297600622
8 0.06383362292365291 1.0000000000000424 0.0638337080679321 0.9862167554099953 0.09001933618810654 0.9862168882817927 0.09001930564761551 1.000000078315766
11 0.11664364559294427 0.7356681668070355 0.07131131126925538 0.7195510900911167 0.09958393902456919 0.6400418040494312 0.14491554466883372 0.6561587388581326
5 0.30770222259116053 0.5283018178913533 0.3077022764158528 0.5447708115600395 0.28186343208903963 0.5447708469063142 0.28186341303830886 0.5283018879184075
5 0.02501592971498212 0.938447416967851 0.047535659902905536 0.9641616434332386 0.01718020930240982 0.9907382948113628 -0.005339361409369303 0.965024220272361
4 0.8865292573166244 0.5896969167488171 0.8762548667951933 0.5318234853596594 0.9486914042743138 0.5189648418172438 0.958966073030183 0.5768379119042857