10 0.05078125 0.7936345809716598 0.078125 0.7936345809716598 0.078125 0.854755028340081 0.05078125 0.854755028340081
8 0 0.8662671052631579 0.046875 0.8662671052631579 0.046875 0.9077682186234818 0 0.9077682186234818
8 0.10172820243360547 0.7246190695411574 0.1175938114664632 0.7254263560715629 0.11604418186539078 0.7558762079196097 0.10017857303944311 0.7550689241630584
4 0.050781252803631105 1 0.030662401428571684 1 0.030662468444006663 0.9773421032388664 0.05078118233484474 0.9773421032388664
4 0.08984375 0.8911627024291497 0.11328125 0.8911627024291497 0.11328125 0.9299089068825911 0.08984375 0.9299089068825911
4 0.11618219833451349 0.8773432591069165 0.0970033039060354 0.8767631243419549 0.09809065216222734 0.8408275777584853 0.11726936591321646 0.8414077097854049
4 0.23547407961189037 0.8344541272326469 0.2159720994008012 0.8382568889950544 0.2057593711251684 0.7858920906739036 0.2252611019850974 0.782089353899561
0 0.032658035709573596 0.685776577530728 0.04394942351586906 0.687854242560068 0.040113055576171064 0.7087005007580415 0.02882166903043526 0.7066228404028508
9 0 0.8297968259109312 0.0019961257142857144 0.8297968259109312 0.0019961257142857144 0.8491726963562752 0 0.8491726963562752
9 0.0043093892782053445 0.787845660095253 0.019963405824341862 0.7883090166730901 0.018595719373365682 0.8345057352828501 0.0029417029422802443 0.8340423813510397
9 0.03698799675373721 0.7215070193266544 0.05645218243796535 0.7218197062545875 0.055660449052425065 0.7710954143022198 0.03619626340866944 0.7707827291273729
6 0.1036380890836881 0.7577166814600295 0.0949116158550396 0.7606259904725181 0.08486176545625312 0.7304864965511556 0.09358818091038756 0.7275771979752029
6 0.09977670753767143 0.7513352814270703 0.10814565766338546 0.7511345764503026 0.10887923774794217 0.7817178108504887 0.10051028764826242 0.7819185151103591
6 0.09107140481910392 0.8458212615289001 0.08122262663414404 0.8465601930517977 0.07875360308071322 0.8136585293787155 0.08860229940421505 0.8129196009415288
6 0.03090335115189191 0.9470935640710734 0.019000928519290028 0.946465821841373 0.02054875669853118 0.9171266789874395 0.03245108032342614 0.9177544186023061
6 0.06968753455419119 0.9310058188938602 0.07875127642307689 0.930034175624291 0.08314361755139998 0.9709959296566062 0.0740798766144053 0.9719675671311361
10 0.11204293646460428 0.7567999193661503 0.12245372785025666 0.7448605261705964 0.13663228685925333 0.7572216658410847 0.1262215227033039 0.7691610331652858
10 0.3359664633067041 0.8445102655717448 0.35756718059133163 0.8511285899801027 0.33148312110608913 0.9362407674431107 0.30988243868807785 0.9296225231467684
10 0.3207605788334149 0.9477543785679787 0.34033500955354157 0.9512349753791652 0.33109275771801094 1.0031973411200452 0.31151833414207886 0.999716771564585
10 0.33770994029248413 0.9658834470176823 0.3477706495579014 0.9672780288531594 0.3444739379103794 0.9910540682770766 0.33441322966768894 0.989659491430815
9 0.19094236642467877 0.7656669066127147 0.169888967836755 0.7815155702077325 0.14041125655796804 0.7423639846611669 0.1614644958686995 0.7265154101368652
9 0.19968404345638646 0.8578078634689278 0.1811881221509566 0.8681426105565191 0.1634709766000242 0.836441336018893 0.18196675946023788 0.8261066372239411
9 0.21556827083168173 0.8430993980000513 0.23467807910606098 0.8420148384425099 0.23677552106641997 0.8789632580203581 0.21766571324587858 0.880047812311978
5 0.10498549717078731 0.8140788118136884 0.12380620507224194 0.8152928781491062 0.12199166113714455 0.843416471306579 0.10317095365451223 0.8422024092913993
5 0.17679629635438232 0.7502649309326694 0.20263983045788336 0.7296876587630728 0.2254112358519933 0.7582820126266342 0.19956777941001747 0.7788591982325905
5 0.16723219458560834 0.8698157881328434 0.18508972456265838 0.870176504893998 0.18437950409600035 0.9053281060001762 0.16652197417113257 0.9049673909526186
5 0.1403254998558623 0.9713060959754204 0.12220999968769775 0.9646009148946734 0.13315145877174928 0.9350486829558405 0.15126680892910827 0.9417538333352002
0 0.2691462939296798 0.8969711175682935 0.28181032020393104 0.8905457189195234 0.30073338738918665 0.9278324718712371 0.28806938603077015 0.9342578331817238
0 0.2228160225672582 0.7844131010586993 0.2073014676071807 0.7566850088103968 0.23602856116474413 0.740614357136344 0.25154312033168935 0.7683423432924689
9 0.24944813000001886 1.0000000000000029 0.24944870691604137 0.9563517424328678 0.3041239800999165 0.9563523831436065 0.30412375911851086 1.0000002859078743
10 0.37351195200778875 0.8035835437025329 0.3549397150717368 0.8046444199734228 0.3533943666830055 0.7775948933161112 0.37196648306667157 0.7765340204902695