10 0.5396174925499508 0.24242009363636363 0.5344069052591749 0.24242009363636363 0.5344069098866839 0.2123312790909091 0.5396174863387841 0.2123312790909091
8 0.5089332335639938 0.2186961136553786 0.4994847695960516 0.2248234515997077 0.4895106435656089 0.20944337909539754 0.4989590991701789 0.2033160447944458
4 0.5224484542342225 0.2674594485886779 0.5339594393434481 0.26042081509625614 0.5439180450892991 0.276706766984071 0.5324070642408287 0.28374539489971384
4 0.4529004367681182 0.2962517678691575 0.4650774130283253 0.29262576505874033 0.4741014884351671 0.3229298906474156 0.46192451449712735 0.3265558880531981
0 0.5255533053011732 0.16075204379423447 0.5177464714457756 0.1588744895991986 0.5206438836177085 0.14682720437597516 0.5284507131412965 0.1487047580278973
9 0.5185734462695564 0.172848879254219 0.5303169923269024 0.16635647015149577 0.5448442923848233 0.19263336548133367 0.5331007501669092 0.19912576914709668
6 0.503321156607285 0.19898166656334518 0.5088166401269518 0.19809288291297517 0.5118854244267368 0.21706739612875262 0.506389941036332 0.21795617923865854
6 0.5153091079888554 0.23090632394876728 0.5102048247409812 0.23357084284027121 0.5021000449581834 0.2180451639804737 0.5072043231766656 0.21538064668497062
6 0.540972906505317 0.25142401492068256 0.5347967246681264 0.25347017064952243 0.5289205042852245 0.23573351180415653 0.5350966781708166 0.23368735750777425
10 0.4983414877024188 0.23889778871553954 0.4904466719865468 0.23679260251493756 0.49417438009493253 0.22281328962899813 0.5020691881915127 0.2249184747592775
10 0.44519757217960887 0.4102023267328564 0.43485239343510784 0.42362065667692267 0.40524446090353194 0.40079484059875664 0.41558962558303847 0.3873765418201105
9 0.46984080152822116 0.2338839805584577 0.48398924512900976 0.2354642634926581 0.4803829042274401 0.2677516203639142 0.466234460954297 0.26617133939134824
9 0.4975868695472627 0.3172421376264397 0.48580202179618936 0.3166147432652322 0.4870934872571979 0.2923570488554845 0.49887830846932957 0.2929844425085209
9 0.48539664520012593 0.3445280919170757 0.4736583883224057 0.3500784561150598 0.4637218821483202 0.3290648154722682 0.4754601152418445 0.3235144578760618
5 0.5128292865363164 0.25431755459045274 0.5249808818391557 0.25023015560167783 0.5299917747021254 0.2651269441192632 0.5178401806069814 0.26921434056451016
5 0.46502912642597494 0.28202350038916046 0.4474657362501375 0.27969978270542234 0.45071606137605613 0.25513350760078063 0.4682794160339654 0.2574572228873887
5 0.49755034345537297 0.31527201427197443 0.5090684198543158 0.31115612390399305 0.5157697470607445 0.3299088120231871 0.5042516726811073 0.3340246983678372
0 0.4560214822290618 0.37752722629354457 0.46346101327822 0.37782771685677785 0.4626340963268376 0.39829956136351546 0.45519456529927993 0.3979990711638327
0 0.44903305957643624 0.3064406394740639 0.43391566562547723 0.3018885798068562 0.4421718022447294 0.27447072779634196 0.45728916040582135 0.27902278170493267
10 0.38753602350675465 0.36566886283363803 0.39751401522232754 0.37634485078013014 0.38772963897338286 0.38548912255783085 0.37775165563027713 0.37481314277014854
0 0.800853293090654 0.19542234811810785 0.9192701145029787 0.2615532223030082 0.8423140310185318 0.39935020041027536 0.7238975545376434 0.3332197992578399
9 1.0000000649555432 0.33709085363636365 0.9700906013995336 0.33709085363636365 0.9700906610402171 0.29342642454545453 0.9999999996937277 0.29342642454545453
9 0.9669215395076662 0.2295030259869466 0.9378395117997798 0.28025921409920085 0.8777369579858032 0.24582245020396443 0.9068189844508652 0.19506639288921654
9 0.7666798196721629 -2.035026548839932e-9 0.7666798224506692 0.03626644495549627 0.7184099993876316 0.03626644285018983 0.7184100014559363 1.020953269493725e-10
9 0.6703324808813704 0.04800574002032299 0.7244887680791408 0.09316438161408258 0.6375816141591031 0.1973867873595686 0.5834254257683824 0.15222825835644405
13 0.9088753257066173 0.37760577492228464 0.9336536519303991 0.39369240358886054 0.9103267526925265 0.42962116117424987 0.8855484599688452 0.41353457471601535
13 0.5902710358860759 0.48617907416970485 0.6073350074809696 0.4774942924165365 0.6315057290100867 0.5249816423243584 0.6144417813322889 0.533666388368363
8 0.8418814698947017 0.45409048551966735 0.8619167001685355 0.44766953503157003 0.8724690459002886 0.4805937870298745 0.8524338228816077 0.4870147217210468
8 0.6316549040516293 0.49708680144605244 0.6230958384660426 0.5085956483602818 0.570885813187374 0.4697700213566649 0.5794448574014268 0.45826122966829813
4 0.5396381657757274 0.8983091845454545 0.1627647609449241 0.8983091845454545 0.1627751282725285 0.53 0.5396174863387841 0.5299999999999999
0 0.5383989398567337 0.8998817726137286 0.5547307299831346 0.9843324879271165 0.36455868430323335 1.0210952626088987 0.3482296092067827 0.936646925996127
0 0.8038407549439626 0.6985546415954415 0.9150803454371044 0.7685966408987752 0.8389351798398366 0.8895052357524768 0.727696536670237 0.8194644474000269
9 1.0000001483282404 0.8289296254545453 0.9700905439287908 0.8289296254545453 0.9700906801200517 0.7902083390909089 0.9999999993005986 0.7902083390909089
9 0.9650806067276108 0.7325857061539824 0.9409330964580249 0.7801035059337666 0.8819265290192106 0.7501223962187712 0.9060740923042658 0.7026049537837765
9 0.766679819670685 0.5299997576911311 0.7666800160036473 0.5621607563165719 0.7184100612809061 0.5621608760555554 0.7184099940795932 0.530000006017035
9 0.6703934457433434 0.5725051463867021 0.7191247451779645 0.6183216532247366 0.6348894564710008 0.7079041142162555 0.5861586868677477 0.6620881545759015
13 0.9319828616891073 0.8821316575420914 0.9085992025170526 0.9121519392158243 0.8860072579227563 0.8945585265101786 0.9093908629688485 0.864538360514766
13 0.5904004112646817 0.9613653261407865 0.6065621357898863 0.9520916820647853 0.6309843199782108 0.9946414185820383 0.6148226449859067 1.0039149948067188
8 0.842019808743089 0.9330667818181922 0.8615611177784785 0.9260060830476484 0.8720703365273721 0.9550837772754146 0.8525290434096178 0.9621444446512996
8 0.6316136734550355 0.9707855226282177 0.6243276487310823 0.9818310362455174 0.5720170390376325 0.9473345315233087 0.5793030447101728 0.9362891190108207