8 0.2647061107082891 -6.957489300888543e-11 0.26470611081049356 0.012595639651056607 0.24879656741711642 0.012595639563559123 0.24879656750215418 5.1744510891954224e-12
8 0.37782744902187915 0.04764596185684847 0.3518105513235241 0.062358953365506994 0.3383791663873126 0.0386083226738882 0.3643960567250133 0.023895333836170957
8 0.1965719069720535 0.040160339555087674 0.20925560159093948 0.06848217402063753 0.18536447401083933 0.07918159549773075 0.17268078746565152 0.05085976792953916
8 0.2204900603636588 0.038507072757447705 0.21015089038530732 0.0453076880035276 0.20200785944086874 0.032927608890029894 0.21234702819720042 0.026126994189155678
10 0.23649716184979752 0.031071604932783613 0.22923459178321082 0.0375648080433405 0.2046327749028478 0.010047972856205995 0.21189534395068677 0.003554770530174854
10 0.30439057481112286 0.029430433133227702 0.30160761623926646 0.04418367960630869 0.2749558078501195 0.03915625101405469 0.27773876800222297 0.024403006609877015
10 0.3509499689803306 0.05485141379590945 0.3592906844318122 0.0676166131805764 0.3476859650463666 0.0751990651736524 0.33934525155257234 0.062433867517656214
5 0.42856257069581716 0.13804488008780574 0.4162091638656875 0.126187236117417 0.4329628346415575 0.10873318863542392 0.4453162355335962 0.1205908272144163
5 0.3636374939369489 0.0240926434671444 0.36054752849588567 0.036247815474496445 0.3409933093978452 0.03127693860453641 0.3440832755121619 0.019121767572110735
5 0.3159486449472979 0.027285802245139372 0.33434291574963027 0.02065628881589949 0.3385987924081064 0.032464656397646514 0.3202045217972227 0.03909416944553887
0 0.376974563401518 0.045942321868067494 0.371460021915027 0.03231895680446383 0.38627670164487427 0.026321381223648913 0.39179124357303863 0.039944745073109154
0 0.23541585489351746 0.02191412307452159 0.23166288476272712 0.01568123369592126 0.23724155997695107 0.012322181724816254 0.24099453010148864 0.01855507099645696
0 0.2505554722965826 0.030246586930574335 0.2586163584685437 0.03167588517345666 0.25708653818435323 0.04030368747710798 0.24902565202967253 0.03887438930130501
12 0.33770668248530455 0.07055124265156533 0.3292108540990739 0.07602343968046087 0.3170858942197583 0.05719892408944586 0.3255817198460136 0.0517267282533824
12 0.3042698705570501 0.06358837772179263 0.3286683952863996 0.07546032157333814 0.3204208447552901 0.0924101721600425 0.2960223217625071 0.08053823096746106
9 0.6130925351751557 0.16768904398965354 0.5988429276741272 0.1637090098137794 0.6074234236663187 0.13298876575217328 0.6216730112300866 0.1369687969497563
9 0.7598914253093199 0.08741855322494303 0.7773592829161089 0.09099820766343217 0.7687377223259091 0.13306921712247605 0.7512698654733185 0.12948956524188274
9 0.7734763502639908 0.15357500053024653 0.8048333666752114 0.15321761156473393 0.8057939489739283 0.23749743269322973 0.7744369325737352 0.23785482076267273
9 0.707811815672585 0.2613518062494598 0.7330666356025404 0.25964929242676943 0.7387841579360384 0.3444599271830208 0.7135293386527337 0.3461624343836271
9 0.7424040077667087 0.408322406339467 0.726497274403755 0.4052812947391215 0.7340810161880427 0.36561614112299584 0.7499876760796269 0.36865724551599005
9 0.5633151062155548 0.3254388493461787 0.5855410811897173 0.3270155489174794 0.5820745629388284 0.3758796021486307 0.5598485884120237 0.3743029067208935
9 0.8705587595505904 0.3510207230025927 0.8852031972993473 0.35244979026251205 0.8814143889806019 0.3912742047938474 0.8667699516915945 0.3898451406785576
10 0.728219856022065 0.16205559907573958 0.7670279651778174 0.16672498617567416 0.7567911181844238 0.2518042283313447 0.7179830112223726 0.2471348537908106
10 0.7724682993687111 0.0024227893993660284 0.7886647059857523 -0.001880517973677703 0.7971391217724886 0.0300147351608692 0.7809427153093793 0.034318042194592974
10 0.6201097638319197 0.3598153127953188 0.6025503776141932 0.34683023516024764 0.6237311163303048 0.3181891157251952 0.6412904587650701 0.331174169657021
14 0.885800547800045 -0.001003835517870176 0.9020995928202638 0.00015245556886407953 0.9004073895093825 0.024005702839391813 0.8841083444918922 0.02284941179811973
14 0.8644897528006368 0.026502318691173497 0.8467089752012953 0.025240912549459395 0.8485891070522484 -0.0012614060823879934 0.8663698829296891 -6.258611018700182e-16
14 0.8281980858455427 0.4834092005476357 0.8456695503649598 0.4867493653868972 0.8385555654000427 0.5239577863884312 0.8210841035398744 0.5206176312450193
8 0.8734863902607231 0.21455920892349023 0.9149748733482284 0.21750242313790813 0.906747390033388 0.33347726193392324 0.8652589080434154 0.3305340618160794
8 0.9138823184309786 0.2701763397842941 0.8941281223723081 0.25556796815390426 0.9129223399107786 0.23015398015919333 0.9326765033609945 0.24476233408389522
8 0.8187772717172948 -0.0008657713990042056 0.8321128532272724 0.00008028471442163549 0.8298464514155057 0.032027421732696446 0.8165108699217853 0.03108136568955551
8 0.7745326454224823 0.3499153130362708 0.7967586203762949 0.3514920025067111 0.7936816962442208 0.39486441774547076 0.7714557217124138 0.39328773215767227
11 0.8477322425616194 0.22730486541553402 0.8213813874938296 0.2101425136646148 0.8744087421126778 0.12872597339574915 0.9007594897406079 0.1458882774240652
11 0.6576735799395692 0.25791621043435975 0.6229006041610319 0.25812472974094197 0.622446023049747 0.18230556158387182 0.6572188212004448 0.18209704281160283
11 0.7092733880100468 0.5351055501332207 0.6341156678199695 0.5297741273100584 0.6384933876821606 0.46807119828991156 0.7136504022610097 0.4734025960349111
9 0.244130784287222 0.7492420493778242 0.17370570553646303 0.7269547540643009 0.20172202840581122 0.6384420383592506 0.27214583346221843 0.6607291176785856
8 0.1655597693807067 0.5895202764287834 0.15797183776635393 0.5820884056476917 0.1683614411764438 0.5714817340862026 0.1759493624949755 0.5789135950740014
0 0.1930210593884567 0.7893918789907796 0.25697818535297756 0.8189646753695365 0.21200215621763618 0.9162128550418986 0.1480452821141398 0.8866404688632467
8 0.21261916617913812 0.5559109630614522 0.20148847469761222 0.5636319867418952 0.19182964163155702 0.5497090121078608 0.2029603104990656 0.5419879994246826
9 0.34368312917240473 0.7386018550380796 0.40798344761674343 0.734068248203559 0.414879657892925 0.8318597000086878 0.3505793452062562 0.8363932536472066
8 0.1935869672527133 0.6454724464180689 0.18599895740283046 0.6380406554961779 0.19666754325260172 0.6271491704312451 0.20425554153541725 0.634580950344943
0 0.41735264165151875 0.5448203802567199 0.404924848041901 0.5449510966142399 0.4047658729639352 0.5298363783395087 0.4171936358839048 0.5297056621432005
9 0.36090696909104736 0.7296792990676544 0.2979149467391835 0.7223561012887195 0.30805079181527617 0.635187942090232 0.3710416771137943 0.6425110731324848
10 0.8618438297680768 0.6342417833793788 0.846276520527681 0.6327950323169276 0.8541935964703953 0.5476167364116556 0.8697606659233088 0.5490634762092973
13 0.6290885483856528 0.5785549399544543 0.6726199626052676 0.5997871853450574 0.5914366750087083 0.7662109421138521 0.5479055205386203 0.7449790981711708