10 0.04278820033334796 0.2226606615193248 0.01873951748655145 0.2248676045033314 0.014015085694836671 0.17338655104373688 0.038063694295942696 0.1711796114802012
8 0.1485482608811708 0.01793079622401491 0.15502570374235347 0.030389827798736734 0.1327607203519392 0.041965373810073606 0.12628327910283588 0.02950634360705342
8 0.08698561322069054 0.35609678327158295 0.06726672895854335 0.344095074380009 0.09516830718848723 0.29825421972043226 0.11488710993580753 0.31025589630396605
8 0.158040692686086 0.30833691343881814 0.13514848771660581 0.30618788388417933 0.13887058688089837 0.2665402528832251 0.16176271298058964 0.2686892787244999
8 0.39914979091452096 0.1374512048798269 0.3903752270698533 0.139028752814289 0.38525572381411166 0.11055340849413697 0.39403027813852987 0.10897586144578372
8 0.3706263019803373 0.18596788107808843 0.3917354556085684 0.18590214402601576 0.39188151900634693 0.23280469960080255 0.370772365378798 0.23287043655460107
4 0.03396881412152197 0.12191751273279247 0.04873563432136052 0.11926589693451788 0.0535564884521591 0.14611304461796637 0.03878966863680944 0.14876465894457122
4 0.0027076599293422987 0.3117731493558698 0.0125359000564913 0.3100062130160335 0.01641613802758002 0.3315886178774183 0.006587898405200576 0.33335555232236785
4 0.08149836935126586 0.3729368151829049 0.09138744344375027 0.37602874634746397 0.08282702117935514 0.403406717499298 0.07293794940687803 0.40031479157883293
4 0.22745124100720204 0.1316784408955669 0.24297496767735538 0.13223691604410223 0.24149843478392086 0.17327928306778725 0.2259747081363912 0.17272080844816018
4 0.2553585040740245 0.18552871185122957 0.26997835642680457 0.1900999299142663 0.2594958298952861 0.22362514839473763 0.24487597974348319 0.21905393531866826
4 0.1812609367054847 0.3390419221398865 0.1874119130446843 0.34189083499181744 0.18318693390017415 0.351012491319063 0.17703595849377507 0.34816357997219877
4 0.2545489394993865 0.326474750968904 0.2616795106320069 0.3284184541595863 0.2571581006197903 0.34500490464683 0.25002753015337476 0.34306120316439337
0 0.1957913928938524 0.08384588743919626 0.17726666946066416 0.07542481972458877 0.20103192594342545 0.023145920502928432 0.21955663417099913 0.031566984163297646
5 0.13004754083397074 0.2876601883041435 0.11941490268293364 0.2843357003213433 0.12546279772925573 0.264993336988919 0.13609541890275523 0.26831782210995436
5 0.16759476581057697 0.223571230203866 0.18487278782913563 0.22897354924239913 0.17241014477383487 0.26883160268956546 0.1551321264669241 0.2634292921097505
5 0.1951530505533583 0.35950876421527067 0.18524602998741102 0.3558615508368855 0.19243180637431578 0.33634339396606394 0.20233880723094444 0.33999060334587233
5 0.18514832948437743 0.42407360747953626 0.19312282719477025 0.42656689814760007 0.18790123523933744 0.4432665948463328 0.17992673880530674 0.4407733070600586
5 0.12034768290038755 0.48945783132527976 0.12034769034244164 0.48194543406386525 0.1290214746198899 0.4819454420621173 0.12902147199986302 0.4894578345039457
9 0 0.14762982680722891 0.013891414502164504 0.14762982680722891 0.013891414502164504 0.20043582831325302 0 0.20043582831325302
9 0.03443266745193796 0.2287200621914161 0.08843405725008324 0.23407111756071258 0.07601178316178903 0.35943030784918 0.022010397777648905 0.35407928251528903
12 0.03754584307364439 0.4894578313253563 0.03754586231832491 0.47962070768841364 0.05360731079179004 0.4796207324546005 0.053607303208877966 0.4894578444699921
9 0.07838692589314178 0.4894578312369831 0.07838693995415724 0.4747795416060697 0.08821159340232043 0.47477955342768846 0.0882115899424889 0.4894578324446588
9 0.09433082887528599 0.44091524944656035 0.08212483843487917 0.4380559302623105 0.0887547280419767 0.40975564906800027 0.10096067434085398 0.4126149628660131
8 0.12968791774892452 0.4894578313252702 0.12968793335096507 0.4783268762885875 0.14173976158485857 0.478326892165764 0.14173975587334553 0.4894578373214982
12 0.07666867872228522 0.1446329821317863 0.10917379030070151 0.1517437125734623 0.09732873911309525 0.20589022046793676 0.0648236307534944 0.1987795006064126
12 0.1933922080784214 0.194168185438281 0.17480523006361182 0.1863445307403597 0.19671958650394572 0.134282211023029 0.21530651834689252 0.1421058546707322
12 0.21035459234485643 0.1367103779428556 0.22869734254800278 0.1401517881931281 0.21998254662833006 0.18660138800908074 0.20163979747758276 0.18315998172843237
12 0.2300269359992626 0.04809486541142004 0.25139127004695183 0.05512653723454762 0.23722609162143726 0.09816454261036463 0.21586175907941652 0.09113287433342225
12 0.21286570864629084 0.26926968190163947 0.22209286272561712 0.2676107965016331 0.22559837998323928 0.2871089493969543 0.21637122627555527 0.2887678334043121
12 0.32335348664389585 0.16813986209352533 0.33071868176193675 0.16824694527874193 0.33039252854143797 0.19067959074888347 0.32302733342453394 0.19057250762954783
12 0.35549290369124265 0.141791988766934 0.36201376671738217 0.14093935519149742 0.3648695770750692 0.1627801817794022 0.35834871413271685 0.16363281492054946
12 0.3662455380075471 0.12035882257602924 0.36139606639096655 0.11981250299553967 0.36264463920110757 0.10872945223257509 0.3674941089358299 0.10927577170556499
12 0.3389194664847537 0.2122927047109261 0.3483863780448928 0.21158474349590592 0.34988783843607507 0.23166209204477534 0.34042092693027826 0.2323700527772114
12 0.3239447994043303 0.16715135764035915 0.3319409377476177 0.16800240471177558 0.32952053040753526 0.19074348150654963 0.3215243921454203 0.1898924349681693
12 0.3945549071976302 0.19664655509902626 0.40022797137248745 0.197835988836012 0.39427816319994236 0.2262135212818132 0.38860509936671406 0.22502408865875312
12 0.17492052557076931 0.3827845306706243 0.16535613017174455 0.3787766004428321 0.17175357662949864 0.36351061575625737 0.18131795621718538 0.3675185422223478
0 0.15507056486478632 0.14953173583732374 0.16207735397392753 0.14996641525234722 0.1608415033952042 0.1698874845805819 0.1538347143040255 0.1694528053770212
0 0.2332961837792027 0.20111083797435175 0.25104744823909186 0.20450033373755216 0.2422714687388634 0.2504606842331435 0.2245202057778215 0.24707119390334073
0 0.23404115466837538 0.2682624957773386 0.25063015220666784 0.272031341682924 0.24336608310488828 0.304004172152317 0.22677708731600887 0.3002353316265291
8 0.021747274159338303 0.10818821146956858 0.03295059743982165 0.10730121817663506 0.03466019031304768 0.12889444004541373 0.023456867073491594 0.12978143298970093
6 0 0.2733888365963856 0.015111975108225107 0.2733888365963856 0.015111975108225107 0.2982134977409639 0 0.2982134977409639
6 0.11123312393374363 0.23265017611345806 0.10120503608175113 0.19934969078598597 0.13564756569633118 0.18897782385594755 0.1456756754947719 0.22227827114134177
6 0.07914880254588752 0.14231007242722732 0.05522066467233344 0.12819670805194527 0.07889931083457213 0.08805157118548614 0.10282741829132647 0.10216492402655682
6 0.1259745835391186 0.02966682981695206 0.1330050296119225 0.0431895292832822 0.1082339857715624 0.05606797414072491 0.10120354253331243 0.04254527710759972
6 0.11382574673154977 0.2949818547030579 0.10407562994851105 0.2907372206224502 0.11148702223533746 0.27371335928233853 0.12123712533332309 0.27795798994285636
6 0.1664801309664199 0.35378242050979664 0.17488753079339858 0.35796105732126043 0.1600448662081817 0.3878231897894281 0.1516374715222355 0.3836445608601849
6 0.1908043353416815 0.2724419067341562 0.1830241748264143 0.26834529014007763 0.19636187529715698 0.24301530530886756 0.2041420213836318 0.24711191725746823
6 0.20145670994611464 -3.45732257415112e-11 0.2014567100208069 0.013225795235619755 0.19070583006293873 0.013225795165811374 0.19070583013115083 3.409776465323933e-11
5 0.20539694275692 0.08285436821245831 0.21904942549576845 0.0856936355468628 0.21224957199467553 0.11839031415150902 0.19859708966578182 0.11555104826505924
6 0.2607096438269991 0.024345072561974806 0.26478821929651986 0.02413950682983397 0.2654648711069285 0.037564773394665664 0.26138629563854465 0.037770339113790054
6 0.19304473263730415 0.013990094081906112 0.18700815724719178 0.006915468581005295 0.19855774090694922 -0.002939460349984299 0.20459431624669833 0.004135165065441212
6 0.28483758315576324 0.14462339639299085 0.26435147697577577 0.14661030145189502 0.2608503362968122 0.11051159650754623 0.2813364134086669 0.10852469288023751
6 0.2877322060106735 0.0387994115838102 0.2805591337074702 0.039041742981102245 0.27971136202575053 0.013947465409482895 0.2868844329004787 0.013705134036143138
6 0.29142161438903713 0.030431484821259496 0.29964372272718265 0.028721423348545577 0.3040938666426882 0.0501180517659889 0.29587175837832547 0.051828113009976244
6 0.29306092343244927 0.22532991103154026 0.29699642503749146 0.22563868730621697 0.2961654519822332 0.23622966711775115 0.29222995039060606 0.23592089095836397
5 0.24879002134434813 0.26776674169893955 0.23944564611724672 0.26935657540349883 0.2359556423975846 0.2488441774901721 0.2453000026872587 0.24725434508211164
5 0.30103016773466607 0.12876470037682028 0.30982204376130085 0.13027132780453904 0.30718691347954064 0.14564845965370737 0.2983950375750055 0.14414183271666894
5 0.31359131128510853 0.14913099332614105 0.3210159903406975 0.14955522534127147 0.3201410934861997 0.16486708378738724 0.31271641444334364 0.1644428519280038
5 0.35301580846351044 0.18920507408872614 0.34625788269943314 0.1879551360122289 0.34938655379642114 0.17103982723535285 0.3561444733555845 0.17228976472382432
5 0.3564540088536887 0.17333419024619381 0.3637564853162303 0.1743682674545547 0.3616360877737179 0.1893420048457241 0.3543336114039448 0.18830792806952085
5 0.2679609852483509 0.04199908393635647 0.2764824854496055 0.041521799816646866 0.2774683803258995 0.05912409817772588 0.2689468801295334 0.0596013822332305
12 0.3192436400339602 0.021851291657553597 0.3236461595582796 0.021231759329273594 0.3264540113907515 0.04118490591807076 0.3220514918801882 0.041804438187188396
10 0.3189532599070617 0.10700492028685209 0.302314220110361 0.10999640185801685 0.29300323226493674 0.058207456898366663 0.30964225111154065 0.05521597722654734
9 0.33137047195430114 0.07995631846085012 0.3456105065515658 0.07865051204168728 0.3500298090802971 0.12684359656665684 0.3357897746209346 0.12814940199475774
9 0.31502957935958875 0.11783637096493974 0.31803967026985447 0.11747839709694062 0.3191374970141396 0.1267096395135274 0.3161274061151289 0.1270676133195306
0 0.33646103074045186 0.016860367357787006 0.349989766250701 0.01592102282963867 0.3539279304654883 0.07263967564963454 0.34039919499616644 0.07357901981359376
0 0.37642566888507645 0.011056750743313986 0.3714138837365226 0.011957806184171884 0.36926749444148754 0.000019315489470422934 0.37427927952523987 -0.0008817399474480036
0 0.3728863720341451 0.13359916873319233 0.3793299857089778 0.13201742345745363 0.3823589983783222 0.14435675299431427 0.3759153848556025 0.1459384978454842
0 0.3908149510396015 0.1587088539040517 0.3947319424082707 0.1578859157081926 0.39655284863488305 0.16655293024783682 0.39263585732169304 0.16737586826293044
12 0.3184105966382731 0.00007469020871688929 0.3217090396403819 -0.0003269493362457741 0.32398858365309025 0.018393682005868585 0.32069014065336887 0.018795321540929073
10 0.33883386795082515 0.2489011657519953 0.33566860923440345 0.2493506117836288 0.33434482733082405 0.24002793693201555 0.3375100838640037 0.23957849105758539
10 0.3482046365407996 0.23150685721881867 0.3531087763172991 0.23257275915130957 0.3506818004613024 0.24373891392678707 0.3457776608233871 0.2426730124346602
10 0.3420647011799929 0.17506400017212254 0.34443679296725804 0.17460156865686496 0.34553729123558696 0.18024663805439936 0.3431651994690128 0.18070906949761179
10 0.34418019664838084 0.08068578224411034 0.3465439452526198 0.0803892904827336 0.34749347352453697 0.08795928629304131 0.345129724925755 0.0882557780254062
12 0.3143580429538133 0.0038821632464315662 0.3189769724820053 0.00321443829675489 0.3215252419403214 0.020841871055430377 0.31690631241770006 0.02150959598358205
9 0.3579098163029357 0.27311921282460605 0.35283409503745133 0.2740317433358669 0.3505815755754611 0.2615029308437283 0.35565729170127725 0.2605904008059235
0 0.35822275931775494 0.2644487369337022 0.3622895335136036 0.263426503448409 0.36499595758436953 0.2741932953575997 0.36092918355780057 0.2752155283773842
10 0.33036734174777393 0.0190155093119291 0.32724095645232865 0.019241900639063107 0.3266188044217415 0.010650197736469491 0.32974518959485977 0.010423806413811004
5 0.3631109074926826 0.017559551695142773 0.3568819881940044 0.016445285119100008 0.3594997677430456 0.001811501469083969 0.36572868679502335 0.0029257680236006904
5 0.37972522658799335 0.029409321034254428 0.3741598201089573 0.03040990959264513 0.37144239386850586 0.015295224801934548 0.3770077997836552 0.014294636295171258
5 0.4015528378297404 0.18670089697902792 0.4077805065063558 0.18612238626446553 0.4089594962653109 0.19881407143945878 0.4027318276190499 0.19939258193729242
8 0.17233046269484475 0.005566450828871155 0.1789664078775104 0.018330356120970913 0.15376011266278056 0.031435087917423825 0.14712416858742472 0.01867118357454368
14 0.9640986681021104 0.13321071781605875 0.9481961939329722 0.1516099371056057 0.9199076054302395 0.12716017988182787 0.9358100703186665 0.10876097434515346
8 0.19449307110676273 0.5880138689856975 0.22749933339616746 0.5863874234114212 0.2338433071365671 0.7151129788109597 0.2008370463385063 0.7167394036012368
8 0.33623866519837975 0.8361176746039795 0.2958798556869624 0.8261633892313404 0.3235773524195338 0.713889471580339 0.3639351067491816 0.7238436207217543
8 0.5735950801824856 0.7668197156956639 0.5613202974221849 0.7060940996958989 0.6821072433608606 0.6816823260567424 0.694382636028422 0.7424071138291186
4 0.4345305193379545 0.7848959689820217 0.4294597009708241 0.7553111246440897 0.475298084915039 0.7474558316951498 0.4803690293041427 0.7770405150383617
4 0.5425309577283315 0.9245597876822665 0.5401020066263982 0.9502613021474875 0.480967114626651 0.9446738211213505 0.4833962595023422 0.9189725236601003
4 0.8535552343895461 0.9531695575614779 0.8571601169810492 0.9701106186139227 0.8224092843064454 0.9775030040836784 0.8188045032467244 0.9605620316264631
4 0.7682119967532799 0.8078462432228743 0.7923588757003017 0.7916205541802743 0.8158632130118804 0.8265924443841103 0.7917164030983486 0.8428180482653821
4 0.9525399063493296 0.8020011041735507 0.9477757479528464 0.775169140722143 0.9930697378899822 0.7671283945179882 0.9978340107591066 0.7939602107272188
4 0.8165392793790716 0.6454595216699048 0.8113738356954627 0.6169929519633054 0.8637214119254395 0.6074952461678087 0.8688869667723793 0.6359616702302066
0 0.48791733136147286 0.6819646050534739 0.4918475318794435 0.7141438608779055 0.43138261819399304 0.7215272767148242 0.4274526477101972 0.6893482293496501
0 0.5225884760968711 0.5541625160753351 0.5080992843203376 0.5933242732847436 0.4375741375547477 0.5672333836475885 0.45206343975837626 0.5280718789747567
0 0.9198096696273979 0.5595925673994744 0.9125791272514334 0.5256044105125794 0.984743451908912 0.5102536103705865 0.9919741415869794 0.5442415624718013
12 0.5789616813495968 0.6609862396363677 0.5882671025674426 0.6914216788430453 0.5238432725075199 0.711115623723352 0.5145381015453268 0.6806803972506973
12 0.7791078080985017 0.7824961598792207 0.7716997746149445 0.7384849828977211 0.8629203917265613 0.7231330270637677 0.8703287942163342 0.7671437343284812
12 0.9436217912090115 0.7268224920913023 0.8545008892904207 0.6981785933474288 0.8840105313141748 0.6063796088194253 0.9731297929072298 0.6350232210649973
12 0.8839464493025844 0.5298854348563292 0.8923482743649629 0.5650137299936706 0.8181788461998849 0.582751218057009 0.8097772834252055 0.5476231498741654
12 0.8401894019198153 0.4894566128841672 0.8401902382789785 0.5561900903177364 0.714950262730099 0.556190648530948 0.7149500922109837 0.48945783214588556
12 0.7044718311911993 0.5113274837835311 0.7040941849769524 0.5363762740198068 0.6351351976987871 0.5353364270873956 0.6355129792602838 0.5102877735952184
13 0.6017951244498363 0.5842559996352291 0.6099323443305593 0.6222538858744029 0.5273925277047056 0.6399272258764915 0.5192556503116066 0.6019296378587716
13 0.9750566765538906 0.5769065565062094 0.9836344484158417 0.6172242542947697 0.8900135495490531 0.6371397146809371 0.8814361867327989 0.5968223740474141