10 0.1619877564471608 0.17760259410035925 0.21334592323864854 0.18213304935484298 0.20510924439759037 0.27550438496004015 0.15375107936677068 0.27097394432546185
10 1.0000000096614485 0.12241965789473686 0.987795293808631 0.12241965789473686 0.9877953010534384 0.0741499979757085 1 0.0741499979757085
8 0.5021325694759753 -9.750158349070526e-10 0.5021325755838006 0.05335703718218201 0.446013898415913 0.053357031415531025 0.44601390397622254 3.528225604985377e-9
8 0.28433712153412216 0.45771406123441066 0.31436563187310185 0.5000936518740147 0.2420545109118848 0.5513261300916886 0.21202632208189698 0.508946827945005
8 0.3791301470369035 0.4455534781251018 0.42791772354951263 0.4494499039686358 0.4222871745998873 0.5199457649392618 0.37349960032463514 0.5160493593713354
8 1.0018824405441364 0.44437866098825807 0.9525297828618022 0.4559876626695359 0.9404723723217785 0.4047309810427188 0.9898247089780625 0.39312201861570484
8 0.921547540763413 0.6021947860953567 0.8756262544892479 0.5981842254402431 0.8826249614342032 0.5180599375074536 0.9285456219445223 0.5220704707045349
4 0.011043754089087088 0.07563448313654236 0.06058796589991289 0.04067052801091823 0.09705310731726513 0.0923418671728944 0.047508920995824155 0.12730579352351346
4 0.25390626971693564 0.1549068299595142 0.22264908771467162 0.15490682995951416 0.2226491191859168 0.10703441295546558 0.25390624198337264 0.10703441295546558
4 0.09783141976481602 0.39738268016579026 0.11608488192587174 0.41026371520896476 0.09180727276861944 0.44466516187003985 0.07355383973151675 0.4317841616389058
4 0.2274691081538549 0.5734716312262615 0.2468717044977211 0.5871627969797786 0.21926530637495034 0.6262812034533569 0.19986275994870084 0.6125900975478089
4 0.000040207010897574946 0.7244484433474744 0.03684908428579092 0.7244988704453441 0.03680865818489565 0.754002733063605 -2.1908863345743157e-7 0.7539523061332541
4 0.6506998266088431 0.30650946400492574 0.6245021897678953 0.37073539888199714 0.592713237942462 0.357769096576778 0.6189109160058024 0.29354327056327106
4 0.6529774188455804 0.40780332303208716 0.6816614863282666 0.42804491338455436 0.6477384465548539 0.4761138646197817 0.6190544457952001 0.4558723541643395
4 0.7020808257143472 -9.155513968981653e-9 0.7020808384914972 0.06050899834723491 0.6327900200368504 0.06050899067700641 0.6327900271500084 4.862484177996667e-12
4 0.44406667703867697 0.6264234516705157 0.43289480031819494 0.6158058253238347 0.4444393777098412 0.6036600286431086 0.45561123565289563 0.6142776383140275
4 0.5993244870633134 0.6479864957658318 0.6136178614532355 0.6570264215390476 0.5982992829624436 0.6812439430701864 0.5840059289484998 0.672204043494084
4 0.8246635839190049 0.05036616693314081 0.8352239911860124 0.05552500233880861 0.8282151395882238 0.06987247389685176 0.8176547327989283 0.06471363924518747
4 0.0019118198987371215 0.3007654463786399 0.0019118765524126502 0.2620191882385733 0.04617140794653096 0.26201924204539084 0.046171424498652414 0.30076542748650004
0 0.6085429219596108 0.08668694668517525 0.6364829792780711 0.12422467849059325 0.561730429719546 0.1798640537859396 0.5337904507340454 0.14232639304817515
0 0.6145268440644713 -0.0000062480680557668285 0.6293364785714175 0 0.6293288459019095 0.018091519325020494 0.6145192113949633 0.018085271257123267
5 0 0.4956711255060729 0.028413768571428574 0.4956711255060729 0.028413768571428574 0.5700885101214574 0 0.5700885101214574
5 0.3460042526128291 0.43097766140406535 0.37217555085806 0.4345595588525447 0.3678218328809635 0.466368265793211 0.34165053624417396 0.4627863762227798
5 0.4589634633884998 0.39489279722092435 0.4928628272197102 0.41881466564725517 0.452708381910611 0.47571363803992667 0.41880910967552154 0.45179187980834823
5 0.46548341282164074 0.6514396108498249 0.4467063483001539 0.6361713246663449 0.4685939364069327 0.6092571192317969 0.4873709222997604 0.6245253548085031
5 0.41015625 0.7546495445344129 0.4296875 0.7546495445344129 0.4296875 0.7823254048582996 0.41015625 0.7823254048582996
8 0.187984852614818 0.8652684057968513 0.17098390568855848 0.8426691229157357 0.20599928353169616 0.8163335645235218 0.2230001785502509 0.838932719989615
5 0.2721391375978328 0.8327971291382894 0.2544109706472 0.824306957671951 0.268833671506286 0.7941974702395935 0.2865617138232892 0.8026876064484623
9 0.125 0 0.1859800342857143 0 0.1859800342857143 0.03507717611336032 0.125 0.03507717611336032
9 0.18170234457215884 0.1680086458063808 0.11912006043132806 0.2121735503645819 0.06566809977039156 0.13643174412024398 0.12825019311287633 0.09226693444019494
9 0.2525766165299501 0.5254249555612206 0.13092515432481378 0.5182710744634004 0.14367281434624601 0.3015409568887299 0.2653210092967129 0.3086947426232403
12 0.07748883857141209 -3.3445068009495763e-12 0.07748883857425426 0.0018661437252706825 0.0577248085685369 0.0018661437219432376 0.05772480857149276 -1.705413264900216e-14
12 0.032966923104027046 0.48159615302249154 -0.025800827702255447 0.4667849919877374 0.008539001954432024 0.33054105773150905 0.06730580959299459 0.3453520963658978
12 0.10491470325609953 0.7139205426508943 0.13620766328801892 0.7360006175689621 0.09486730273863486 0.7945799776944431 0.06357449529173209 0.7725000846363764
9 0.1796875 0.7522045789473685 0.20161160714285717 0.7522045789473685 0.20161160714285717 0.7823254048582996 0.1796875 0.7823254048582996
9 0.22924621874801687 0.7001293453666608 0.20434455156669173 0.6860416297723846 0.2282335759985017 0.6438211167214392 0.2531350463525541 0.6579087623275712
8 0.292324932768679 0.8468922282166615 0.2714627184395795 0.8321724988768082 0.296209586690793 0.7971062535968686 0.3170716431193341 0.8118259039697014
12 0.3155534675315721 0.299206401065454 0.2503631949739429 0.2532015682181321 0.30272407690108594 0.17900625179340487 0.3679140342632081 0.2250109259729051
12 0.71484375 0 0.7709873057142856 0 0.7709873057142856 0.029542004048582995 0.71484375 0.029542004048582995
12 0.5224233247902248 0.3677980475365268 0.4885070971735104 0.3364991383651628 0.552282307131577 0.2673931356002628 0.5861983637091726 0.29869190249964456
12 0.5582692091151102 0.2846837368414816 0.6015897503652923 0.2878121664788157 0.5960644270500097 0.3643210655566407 0.5527438871428103 0.36119264777327936
12 0.6111598682215345 0.22111387070991353 0.6246402852561914 0.14690039985003986 0.6752937668891263 0.15610122843277652 0.6618134761904457 0.2303145860104935
12 0.53515625 0.5166371457489879 0.5546875 0.5166371457489879 0.5546875 0.5498481781376519 0.53515625 0.5498481781376519
12 0.9230805150756396 0.054161313610866804 0.9469557430993518 0.04605391308791215 0.9739237138885528 0.12547088362142284 0.950048490462791 0.13357827479625778
12 0.7988830174300574 0.43867591236188974 0.8146549636793452 0.44238181322702 0.8053088670670832 0.48215533263425486 0.7895369244013182 0.47844944240481707
12 0.8744557720123112 0.4243588033610697 0.8883374631187735 0.4251235852976568 0.8862842223727512 0.46239013426243625 0.87240253142852 0.46162535425101137
12 0.8982664560151079 0.37582330050454216 0.9090544383346923 0.3754951270433904 0.909590671542901 0.393121832026745 0.8988026892387779 0.3934500051488208
12 0.8144334849830557 0.5290927273209227 0.8346812279789901 0.5315484774393522 0.8303837067588802 0.5669784785927959 0.8101359650730728 0.5645227358001044
12 0.8005623108031159 0.4370762901784162 0.8175144685041005 0.4432398180430525 0.803676112952985 0.48129837250724916 0.786723964005887 0.4751348621351693
12 0.9344707908969667 0.5501940309256037 0.9461584411078547 0.5563242003564501 0.923129652605212 0.6002259876110893 0.9114420205759188 0.5940958448534535
12 0.41644052788387853 0.6376567924503987 0.4335965533938406 0.6546462331787264 0.4148930414582992 0.6735306239158007 0.3977370609469517 0.656541228311812
0 0.4606677517006119 0.2573737648263655 0.47561918217570565 0.2618572974537784 0.46572640571127977 0.2948464100953623 0.4507749779479582 0.29036288396558313
0 0.6039300898471538 0.5043427552770231 0.5670017683004289 0.48638578926045617 0.6013650300836844 0.4157231000821627 0.6382930114692726 0.4336799684545637
0 0.5655323947801207 0.5324831521972525 0.6030113278503677 0.5340258383402663 0.6006698827493437 0.5909049486760798 0.5631909500766596 0.5893622700508612
8 0.22194596484700924 0.11119899784484524 0.19798263342624978 0.10851851058941611 0.20207050276462724 0.07197351881923421 0.22603380904536152 0.07465400462663443
6 0.12500006794925866 0.37734139271255057 0.08769690954011367 0.37734139271255057 0.08769698514527136 0.33395248987854254 0.12499996810004177 0.33395248987854254
6 0.32936362206191916 0.3581512461438956 0.3401727583629963 0.29564854182086864 0.41809134420020655 0.30912322454626495 0.4072824907661925 0.3716256786813069
6 0.2806074579216329 0.16759293747881537 0.281710835105514 0.10637389752508221 0.35590545007335095 0.10771110841881298 0.35480216879750515 0.1689300577052111
6 0.44563420260635667 -6.122847333816175e-9 0.44563420991471503 0.05566564016672092 0.3896139178151543 0.0556656339132354 0.3896139240791854 1.2197432669990945e-9
6 0.33816994640119447 0.43705848342427267 0.33510933616707916 0.4646497401276383 0.30992388935578674 0.4618561288354506 0.31298454128489084 0.43426492006519674
6 0.40889035458633316 0.6160771443066194 0.4233020861769319 0.631859884275063 0.38208259940802236 0.669493876701451 0.3676709569504055 0.6537112229463008
6 0.4756637345986974 0.48319760185074295 0.5119433655256671 0.45377309225254014 0.5245922108638297 0.46936775127161534 0.4883126189780569 0.49879221786966116
6 0.6104369076709872 0.03669542016541522 0.6100338043875126 0.05754639425764255 0.5850942229234306 0.05706424398685916 0.58549732985216 0.036213273649992425
5 0.6159376939574486 0.20424003821767212 0.5897849661014334 0.25338424454949776 0.5617393958070807 0.2384596142940001 0.5878921296896351 0.18931545943328165
6 0.7234711575612209 0.13740879280497403 0.732204900651368 0.13873027080710973 0.7286136709366247 0.1624648085785794 0.719879928006776 0.16114333130084393
6 0.5880678621614379 0.059242054907543 0.5833524719153047 0.039663517910990466 0.6085546501436738 0.03359370583517237 0.6132700428236149 0.05317223924729125
6 0.7309982047222547 0.3553720236029501 0.6866327676332276 0.35468803561218404 0.6875429545364113 0.2956627340462484 0.7319081297036973 0.2963467200057712
6 0.7738857196876552 0.1841033949963154 0.7585181831399268 0.18145725713917657 0.765840948330947 0.1389305060686931 0.7812084531905157 0.14157664114848753
6 0.7843271410753232 0.17625236238414965 0.8016665004246306 0.17572289914602657 0.8028579271926901 0.21474042975201493 0.7855185678757834 0.21526989237451524
6 0.7157779731212486 0.5090819424821216 0.7241588024919565 0.5117895394723788 0.7183936098763297 0.5296330891740978 0.7100127823373441 0.5269254961996048
5 0.6094227055983765 0.5373583285374217 0.5896193692645966 0.5371477403958314 0.5899940220691633 0.5019242984706668 0.6097972480506542 0.5021348860256846
5 0.784390936831187 0.3685509611211408 0.7669347898656724 0.38358419831300844 0.7521983857209307 0.3664734026130199 0.7696545062082123 0.351440184461187
5 0.783590952812915 0.40042064316822223 0.8002230724348465 0.4033470028856598 0.7960933013972635 0.42681756126753356 0.7794611828979896 0.423891205943278
5 0.8522142136525872 0.5002223995464824 0.8381703746024414 0.4934215156176828 0.8509189444226877 0.46709765902676303 0.8649627324396079 0.47389852832320506
5 0.8644723218723129 0.4776441280523259 0.8798374601877867 0.4840409526006776 0.8699173384731012 0.5078672728731364 0.8545522072521408 0.5014704607290877
5 0.7315680127867381 0.17586367774125114 0.7498115842851121 0.17849692094996267 0.7454776172115771 0.20852307961877506 0.727234046227295 0.20588983874185837
5 0.8582952571427995 -1.2734194725573846e-10 0.8582952573812008 0.0196214980923682 0.8442208784213108 0.01962149791491251 0.8442208785752428 4.3586675439965184e-12
5 0.8602462059322988 0.0805978970880505 0.8734761940473845 0.08056248531816916 0.8735408397978972 0.10471435434590942 0.8603108516829252 0.10474976610377912
5 0.8702960727708842 0.09735547837997051 0.8851339526394213 0.09719094895937742 0.8854130669468532 0.1223624362363434 0.8705751870796803 0.12252696558774462
9 0.8326173502651955 0.13519397339272038 0.8155606382929363 0.12700139610505431 0.8421341505894588 0.07167633763787729 0.8591908341677481 0.07986890682672247
10 0.8320039705055251 0.044852579345264376 0.8431505768072611 0.04554273976972059 0.8414097820016195 0.07365784850699217 0.8302631757143217 0.07296768825911147
12 0.8444529116009107 0.18541559635538038 0.8538151257606614 0.1858245793619266 0.852234633693115 0.22200389856824634 0.8428724195607629 0.22159491601950052
10 0.8125001027495955 0.3229061234817814 0.7772798554440215 0.3229061234817814 0.7772799672950441 0.22694553441295545 0.8124999331004119 0.22694553441295545
9 0.8761268731841483 0.384603468840297 0.8464338140693144 0.3857723383014752 0.8428779813733627 0.2954428297602785 0.8725707623543713 0.29427396578577825
9 0.800457827638752 0.3449558946253093 0.8068732991805518 0.3453971735799295 0.8056886622842967 0.36261919944255 0.7992731907839925 0.3621779208985539
0 0.7753976492846277 -0.003883593342689152 0.7818503412649989 0.0034273346945958177 0.7518282999449184 0.029925061060271305 0.7453756085714076 0.02261413360320219
0 0.9509960760308331 0.007822740216787246 0.9685340140579228 0.004351506893509776 0.9806288989826726 0.0654592642781843 0.9630909614131724 0.06893049644553087
0 0.993711798553818 0.0021488261193390165 1.0042734464011573 0.004036010607625265 0.998314560354288 0.03738497571847985 0.9877529125534465 0.035497791420361406
0 0.8813327063571705 0.19373260377747173 0.9102768935250651 0.19743215345491125 0.8974655217883765 0.2976628508654634 0.8685213372268663 0.29396331519130303
0 0.9434999070462027 0.17411564835335827 0.9706209652648567 0.1611092063202949 1.0051298676884244 0.23306642261946917 0.9780088300426542 0.24607283247208783
0 0.9757454728379571 0.31182778468420713 0.9851436492218681 0.3114207967139552 0.9858918184485219 0.3286970072099277 0.9764936420871209 0.329103994836949
0 0.9135176463344123 0.42658324683483795 0.9270356984995942 0.42563825745754935 0.9284628463034323 0.44605240876822005 0.9149447942735378 0.4469973968618468
0 0.9408610767121672 0.48428828662234474 0.9491191291962195 0.4840175139023885 0.9496095607904635 0.49897365058807686 0.9413515083215316 0.49924442300447364
12 0.8508059742217711 0.14670106036009423 0.857834084662727 0.14716128493066788 0.8556073361171457 0.1811657990785884 0.8485792257142748 0.18070557489878325
10 0.8010055823518769 0.5887806537790805 0.794275406570705 0.5884964378527262 0.7949640063328616 0.5721924786916852 0.8016941627380447 0.5724766942086278
10 0.8340382436568916 0.58616201576986 0.822094445714356 0.5884503279352135 0.8189131665139939 0.5718473269210123 0.830856929815468 0.5695590181654742
10 0.8348215816199627 0.4680505346239242 0.8398327569933599 0.4679677540938318 0.8399913025629075 0.4775647665430428 0.8349801271909882 0.47764754701587786
10 0.873902620863646 0.30774259931292597 0.8789373205414677 0.3080508958011673 0.8780944278578318 0.32181551842178 0.8730597281987684 0.32150722213728766
12 0.8410794240082851 0.14995260203177857 0.8508976926685818 0.15033862491892036 0.8496262975232867 0.1826755656407167 0.839808028880384 0.18228954306867215
9 0.8311412332133159 0.6460863562753036 0.8203973512474931 0.6460863562753036 0.8203973762605301 0.6241082530364372 0.8311412125040079 0.6241082530364372
0 0.8351467135914845 0.635971430416794 0.8436712675605804 0.6353238728235207 0.8451156802627793 0.6543359660199188 0.8365911264313581 0.6549835223999335
10 0.8632184043086681 0.17357872244752842 0.8699314335880217 0.1734919652377594 0.8701197013006094 0.1880594498259809 0.8634066720220517 0.1881462070009105
5 0.9360678558414293 0.2161669545590721 0.923098200655204 0.21001199553894764 0.9341153112130769 0.1867971891586106 0.9470849491434592 0.1929521433724334
5 0.9532919604901053 0.22418653302779176 0.9684979593278058 0.22222944425940463 0.9717144209801063 0.24721998827722652 0.9565084224831253 0.24917707527961405
9 0.9006467785762879 -0.0017899737017903726 0.9121552280463447 0.003940993345196395 0.9015147803226 0.025308250984640908 0.890006331012728 0.019577284174309366
9 0.9221590757142621 -2.0730892297653073e-11 0.9221590757523472 0.007015265177964148 0.9037326071149892 0.007015265152818156 0.9037326071438656 1.7843408724679308e-13
6 1.0000000005362608 0.1713927955465587 0.9981323168410654 0.1713927955465587 0.9981323175669559 0.15784066396761134 1 0.15784066396761134
5 0.9522493431092016 0.5417968983727691 0.9655524028024729 0.543120081040813 0.9633635189940151 0.5651247194697584 0.9500604596630637 0.5638015392687533
9 1.0000000003522018 0.2413578117408907 0.998672056448072 0.2413578117408907 0.9986720572934473 0.2287872651821862 1 0.2287872651821862
8 0.5532292304415023 -6.4737705235883326e-9 0.5532292372157599 0.054018742396212675 0.4979367431718629 0.054018736566964515 0.49793674909722085 6.612842997900462e-10