8 0.048151381184311504 0.48945783104627494 0.040639266556013354 0.49008235828047103 0.039925992610733374 0.4815033220968745 0.04743809772753593 0.480878795260039
9 0.06345903578085199 0.47172685342463355 0.07754586341138747 0.47077748601658864 0.07880154906581538 0.4894082027450945 0.06471472157102198 0.4903575688543729
5 0.08933310866314059 0.48921415296467635 0.07598589521626309 0.48617098401835246 0.08117145243693358 0.4634290628563255 0.09451862236039688 0.46647222663934707
0 0.10115753145726103 0.4851775563810086 0.08957499537643798 0.476620147725524 0.10053792332939793 0.4617827562016834 0.11212043833745611 0.4703401534496874
10 0.15841667303482154 0.4497227768410731 0.1666890462657875 0.449336132407512 0.16748292383590524 0.46632030717116224 0.15921055063699896 0.46670695114659705
8 0.9456655410983785 0.29713878750657624 0.9655574322422353 0.3024914847286906 0.9581934119623838 0.32985711915709826 0.9383015236250003 0.3245044291665449
8 0.9725416341941582 0.37216063556015927 0.9573613522701407 0.3621865924701804 0.970630220997009 0.3419924840545951 0.9858104734728386 0.3519665140038403
8 0.9294523428721959 0.403011445264648 0.9334523373403272 0.4135102205997181 0.913083293552063 0.42127033433740074 0.9090833160695411 0.41077157341357123
9 0.7086322872113442 0.45915396528589264 0.7262434125199206 0.4615353245193379 0.722163311936356 0.49170728536113656 0.7045521876683551 0.4893259313752133
9 0.7112458877834342 0.37794003108208263 0.7288570045800498 0.38032143996197526 0.7249967446658729 0.40886770706432785 0.7073856286735918 0.40648630228688737
9 0.7343688552151661 0.14068950081836704 0.7181987349763403 0.13006472622870338 0.7413663351719606 0.0948055375119708 0.7575364366513213 0.10543030363099327
9 0.7856606594499453 0.16890638742121566 0.8035205563597856 0.17652700524195555 0.7930191881728206 0.201138054836369 0.7751592945683115 0.19351744274211025
10 0.6409120818981364 0.48202300273753973 0.6306262968938654 0.45502619432531305 0.6619942310754823 0.4430757868478296 0.6722800426356343 0.47007253130925447
10 0.655399308731262 0.39655598805917747 0.6742269959494251 0.4081331776448465 0.6490214200919127 0.4491221241491415 0.6301937599698704 0.43754497024003963
10 0.7150675776941853 0.2789513906287421 0.736200913386142 0.28180913267466173 0.730578289935238 0.32338797421693694 0.7094449553117101 0.32053023765609345
10 0.7044048818045212 0.2293183649540687 0.7241267170829815 0.2404515986499386 0.6960999225035494 0.2900983051159181 0.6763781048452984 0.27896509645663176
10 0.6986889749233569 0.20377747589631728 0.6842526207269657 0.24443270083259605 0.6458187308506922 0.23078527303640187 0.6602551108094303 0.1901301023160985
10 0.6364222053827007 0.08326380894781794 0.6539470132184988 0.031123709423687983 0.693223365325025 0.04432487284127619 0.6756985815662802 0.09646495229690444
4 0.5144831059812986 0.2816378158021647 0.4918502844215027 0.270518109128735 0.5049025795967736 0.24395236904784015 0.5275353562390137 0.25507206258496884
4 0.5148684048131145 0.303024714592386 0.5302627345457722 0.31693636285433946 0.5070593659737597 0.3426118706200478 0.4916650586679907 0.32870024591616875
4 0.547693105551275 0.44540121872811 0.5374074054402627 0.4184043700206819 0.5637333976378613 0.4083748249447614 0.5740191183224397 0.43537162402521185
4 0.7925267878961222 0.33090241202867604 0.8139566410317229 0.33998946247198486 0.7772194110871169 0.42662263750468077 0.755789586277956 0.41753563631249824
4 0.8385709453323216 0.18344161337356069 0.8303308927783064 0.16576414273444465 0.8519237999408915 0.15569906135485564 0.8601638552268014 0.17337652134233553
4 0.8686428419352978 0.19021266244838125 0.8565297725658638 0.20849436419968273 0.8410447366607059 0.19823441611125256 0.8531578040757495 0.17995272437982182
3 0.4095022624434389 0.1351790451807229 0.4365578263574661 0.1351790451807229 0.4365578263574661 0.16950462424698795 0.4095022624434389 0.16950462424698795
3 0.44506164157917283 0.34356491912816084 0.4683137667969959 0.3534434410986139 0.4482593330221789 0.400645704747413 0.42500722442696315 0.39076721158180855
3 0.4539507217598384 0.3330864127858126 0.47344857441271415 0.3269842810190036 0.4801493236445822 0.34839412980170037 0.46065147412537044 0.35449625447099237
3 0.8918200397739611 0.3611533407357087 0.9074206099897992 0.35732595527320543 0.9122824121092208 0.3771420401189222 0.8966818434748802 0.38096942118450083
3 0.8253978003290285 0.2331484885319137 0.8386348334622653 0.2399709517760672 0.8261832889203333 0.2641291479799234 0.8129462605422759 0.2573066917641828
3 0.8483009759921742 0.22360896672136474 0.8677590872443943 0.2295638389775848 0.8597163238554231 0.2558438784911665 0.8402582151588831 0.2498890121858647
3 0.7838318225091143 0.08312517528898733 0.8005937023224305 0.09729964072784995 0.7791288544017334 0.12268260531211174 0.7623669814057621 0.10850814723689008
9 0.7633325755914484 0.20500712495553997 0.7514580180519488 0.21014016894969434 0.7425994596702594 0.18964740038326364 0.7544740031863739 0.18451435987040127
0 0.47977220644793306 0.489457831325347 0.47977228119782467 0.4637365221397222 0.5055893029667686 0.46373659968768866 0.5055892765010412 0.4894578604990406
0 0.48648716566060557 0.38854806079763954 0.5125981505046866 0.4226906008685286 0.4746060527552345 0.45174389091982187 0.4484951815379645 0.4176014550176588
0 0.6212405844328259 0.23854566882166964 0.5362935041736137 0.26415408890485037 0.48482325222562395 0.09342008846912402 0.5697696029411645 0.06781178765059077
0 0.844355581817922 0.12209929184272018 0.8201942156089217 0.110518681784449 0.8390986847869044 0.0710772336298458 0.8632600239496924 0.08265783597291021
0 0.9348027387967477 0.25838169228109453 0.8962530464822294 0.26638816638176593 0.8750042215448275 0.16407998029057086 0.913553656317049 0.15607353424047735
10 0.7338747350401036 0.44859902698785387 0.7445907656129975 0.4531711875937823 0.7365745890111839 0.4719579416965336 0.7258585622204237 0.46738578763353966
6 0 0.9258074811746987 0.05098303337104072 0.9258074811746987 0.05098303337104072 1 0 1
0 0.14365558022541336 0.9999999898158243 0.1436559232839727 0.97345405127483 0.20626920074403188 0.9734547555131364 0.20626910746454996 1.000000443159076
13 0.13408025745468422 0.6558550794188032 0.20275697364695588 0.6647502051241734 0.18862722972505708 0.7738254513713275 0.11995053413090773 0.7649304320364619
9 0.3523810629096715 0.8330643774273262 0.31838638298768274 0.9072254082749598 0.24675187033130896 0.8743956039713899 0.28074674355764273 0.8002353390381959
9 0.19387801978132302 0.7687711171493496 0.25624837041721094 0.7964067233111009 0.2091390609281234 0.902704402458719 0.14676895356433306 0.8750692049299206
0 0.09727674743032821 0.6594804441938001 0.09732795409342998 0.7358555567078808 0.002467173795707822 0.7359181715135007 0.0024167344597572082 0.6595438168212104
4 0.5708635929915999 0.6265134959191466 0.5938905406478625 0.7029685442969976 0.5126519338375601 0.7274320193538205 0.48962576908741084 0.6509776383296589
4 0.5292727267493547 0.7947290176335442 0.585303314953876 0.7816656662781625 0.6114560089841916 0.893814979964255 0.555425486335821 0.9068781380550082
4 0.6199631723516177 0.9999998883231922 0.5879123712207956 1.0074386085804832 0.5690644455540905 0.9262513968428834 0.601114503085455 0.9188127657314435
4 0.6261557912896478 0.9999999999999994 0.626156572399168 0.9506799640228801 0.6952824287319572 0.9506808928408828 0.6952821532781854 1.000000425379674
11 0.4095022624434389 0.7217432447289156 0.4303279909502262 0.7217432447289156 0.4303279909502262 0.8009261897590361 0.4095022624434389 0.8009261897590361
11 0.49865831564557084 0.893233294251115 0.43022183680966464 0.914632514824819 0.3996682422541653 0.8169388421620372 0.4681030058534361 0.7955399111845057
11 0.41835417986419543 1.0000000000000469 0.4183549277071279 0.9300489785602846 0.4722217503444881 0.9300496579378906 0.4722215554295417 1.0000001246312527
11 0.480941049773719 0.9999999999999603 0.4809417452922844 0.9452277612299501 0.5348646250300817 0.9452283610422296 0.5348643659494883 1.0000001667141978
7 0.48754812388153823 0.7630262286499611 0.45153458139873237 0.7704871124346251 0.43987625821830534 0.7142209258633118 0.47588935331748417 0.7067600896809231