10 0.3671875 0.4981654858299595 0.44140625 0.4981654858299595 0.44140625 0.675290991902834 0.3671875 0.675290991902834
10 0.4026381296580439 0.2085208825857577 0.41158694563875997 0.3158739971805565 0.3136878516567094 0.3240341139867991 0.3047394875388818 0.2166814110945626
10 0.4992226659782091 0.3161248081941194 0.5504777120075914 0.3131106490841096 0.557228843850794 0.42790753134508625 0.505973799630965 0.43092167079005145
10 0.6183839637611754 0.2310984598819481 0.5859574604095314 0.24889679090442468 0.5539441395894755 0.19057295208544503 0.5863705311809326 0.17277465924083768
10 0.5058593522630872 0.8911626868913448 0.5215062054859345 0.9022021315671094 0.5058702812916636 0.9243582585414089 0.490223462707263 0.9133188552651454
10 0.8515625 0.807819967611336 0.89453125 0.807819967611336 0.89453125 0.9576495101214575 0.8515625 0.9576495101214575
10 0.873353298219854 0.6031556267990329 0.8891974369089439 0.6031411104179796 0.8892527183355696 0.6634717307573439 0.8734085796468207 0.6634862470540324
8 0.13281242550715433 0.5037007013304773 0.13281297376374823 0.3985321399986583 0.20703126357386736 0.3985325962761176 0.20703125078057383 0.5037006235247816
8 0.2265625 0.4679252489878542 0.296875 0.4679252489878542 0.296875 0.5701227226720648 0.2265625 0.5701227226720648
8 0.452465899904837 0.18729599476781544 0.49588776809684987 0.20261744986468905 0.465502788629351 0.28872875889231897 0.4220809450766865 0.2734073543415694
8 0.5483888369285523 0.3170273372887604 0.600495159471393 0.2986419301167221 0.6248009509566828 0.3675250272403701 0.5726946635344348 0.3859103643224698
8 0.5111048316969118 0.7503290148961582 0.4648689175786558 0.7557664011469937 0.4551304082499428 0.6729653491756423 0.5013654932660074 0.6675280122414816
8 0.500170139771285 0.990795785700439 0.5001701557142724 0.9999999999999462 0.4786357971428288 1.0000000000469718 0.47863581125989185 0.9907958158829944
8 1.0000000117781838 0.8927002510121458 0.9956255732357704 0.8927002510121458 0.9956255863457955 0.8715365141700406 1 0.8715365141700406
4 0 0.2712234311740891 0.038663517142857144 0.2712234311740891 0.038663517142857144 0.34594825506072874 0 0.34594825506072874
4 0.3056494282116091 0.0008984896526861595 0.30442531677329043 0.06667163717368534 0.24944780163002633 0.06564842821849697 0.250671931646707 -0.00012469852427976843
4 0.3297578135121739 0.403353098926213 0.26947270126049716 0.4304255886393962 0.22391094208535378 0.32897195470215085 0.28419539812773564 0.3018996361113416
4 0.07172446405309074 0.6435844578822746 0.1417604873822711 0.6280964020015782 0.16641870321211627 0.739583861531255 0.09638273926157126 0.7550717309557101
4 0.13671869866357156 0.747248053790105 0.13671912524205254 0.8151099918623752 0.06868773450025856 0.8151099131822283 0.06868785859876425 0.747248528400856
4 0.7111915774108866 0.9254899017664902 0.7071679103611359 1.003819363155829 0.6328096785714479 0.9999999999999484 0.6368341520106924 0.9216713951373308
4 0.7869955774048094 0.6611804991455215 0.8271305856819708 0.6560831427360374 0.836114449792035 0.726809236019714 0.7959794488102716 0.731906554010358
4 0.7755032327789877 0.7637463211193526 0.7919735036160773 0.7642127066043826 0.7912021990297262 0.7914461405954814 0.7747319282565286 0.7909797566140534
4 0.8489467716889294 0.7539811243656452 0.8642064568924752 0.7545922145326182 0.8627653245429201 0.7905726325690635 0.8475056394875082 0.7899615449882178
4 0.8710881235241459 0.5267256083324712 0.8964466432236122 0.5242305949925333 0.9018695154711622 0.579341954662744 0.8765109975239511 0.581836956379901
4 0.8341173703523737 0.665479135959314 0.8221579537715797 0.6606072955764393 0.8374364947430877 0.6231063819864148 0.849395827186413 0.6279782030389701
0 0.08260847887322598 0.127270945032627 0.12839680482807125 0.11628578513100837 0.1422209662879368 0.1739072837749224 0.09643264569808707 0.18489242861185032
0 0 0.6542681153846154 0.05148425714285715 0.6542681153846154 0.05148425714285715 0.7497996639676113 0 0.7497996639676113
0 0.3599844083619246 0.7340508070138809 0.2882183853474771 0.7502427962233928 0.26012569031320254 0.6257445785877565 0.331889867851487 0.6095528068631908
0 0.5896688058979862 0.9128293531859376 0.6191099417592341 0.9044361212803751 0.6450811582234337 0.9955114767731532 0.6156400696072524 1.0039045934261537
0 0.7062507852475619 0.608177420942628 0.7295126757198886 0.6052114949200866 0.7366010252608248 0.6607990987302507 0.7133391378781653 0.6637650087092994
0 0.6978243513680127 0.4723436611470952 0.7158987365950225 0.47451328683623184 0.7110694348650668 0.5147415601051888 0.6929950508167622 0.5125719410225006
0 0.7951070515741776 0.381056849847362 0.7521555806433753 0.3868667978162712 0.7394804392996548 0.2931647168328913 0.7824314991470374 0.28735479704160094
5 0.08025694692389607 0.7529330448225766 0.032117526246452144 0.7747236840052534 0.011131511170788144 0.728369013955098 0.05927045457985969 0.7065785000630922
5 0.5720526054268475 0.9970906979362092 0.5352731560533357 0.9980491542309438 0.5339341661965591 0.9466707878464377 0.570713054505859 0.9457123388803949
5 0.4680346463769638 0.9809865385902279 0.4449669322909813 0.9792614184971298 0.44774141337961737 0.9421743546529898 0.4708088772854353 0.9438994653536993
9 0.2028478954290449 0.7392508800117981 0.15356851688420647 0.6945435163606444 0.22960938364713002 0.6107387889230005 0.2788881134139274 0.6554456304253256
9 0.19140651916552542 0.9797254554655869 0.12499974635579747 0.9797254554655869 0.1250002997581987 0.9133033906882593 0.1914058013948079 0.9133033906882593
9 0.125 0.9652821275303645 0.18632198857142857 0.9652821275303645 0.18632198857142857 1 0.125 1
9 0.36570797610318095 0.3630917216009215 0.44451521945813965 0.3036443856070764 0.5438014461699368 0.4352591151922477 0.46499472895925464 0.49470585030192515
9 0.6427324116100408 0.35538558633647005 0.6873955571179522 0.35697931705116837 0.6846938688601085 0.4326886951784231 0.6400307235961691 0.4310949717737808
9 0.7070624014285715 0.26568825910931176 0.7461249014285714 0.26568825910931176 0.7461249014285714 0.3321103238866397 0.7070624014285715 0.3321103238866397
12 0.7173863411811681 0.33731013139701993 0.6662436091983182 0.34633292146278577 0.6526196802877848 0.2691114385238143 0.7037620478254212 0.26008868151166126
5 0.6564319687552143 0.17930114653032608 0.7067717915533649 0.1969476621325207 0.6812789429591248 0.2696694440928456 0.6309391421840473 0.25202297486000624
5 0.6540831585983824 0.4997361651097181 0.6036888319159743 0.49752677806120127 0.6068771749431789 0.42481429924206543 0.657270989385097 0.4270236750962097
5 0.6484375 0.6586411578947369 0.68359375 0.6586411578947369 0.68359375 0.7139928785425101 0.6484375 0.7139928785425101
12 0.09825523679489834 1.0063544898641226 0.025392359753482197 0.9949308068791373 0.04456476228790507 0.8726870212655555 0.11742511843226566 0.884110503600196
12 0.2386366238207529 0.8614733001975452 0.1789320185591805 0.8895570259622931 0.12958379246356344 0.7846654965783976 0.18928690496454692 0.756582184013121
12 0.6032763802041927 0.8167625537632461 0.6204700116005597 0.8226044190715133 0.6044917279670017 0.8696212009900453 0.5872981142777007 0.8637793728982754
12 0.7572795190012584 0.7240358936727037 0.7758692156954794 0.7303541199203919 0.7637461362866134 0.7660170437393854 0.745156452500396 0.7596988445120115
12 0.7317662088606767 0.535962407302612 0.798062231229892 0.5242671368244352 0.8199063415199817 0.6480806462049572 0.7536103546758568 0.6597757839714925
12 0.7567570989782553 0.4443977711017702 0.8145310687194751 0.4407337604290312 0.8216181250094223 0.5524741569920039 0.7638441583907252 0.5561381363956001
12 0.8865039057143349 0.5963784149797571 0.9099962150480678 0.5962608719699636 0.9102806450320031 0.6531008195197737 0.8867883357078199 0.6532183618926833
12 0.7148434412306415 0.9999999999989679 0.7148445210307273 0.9188380631400429 0.7748264850679334 0.9188389693699692 0.7748261177644054 1.000000192995182
12 0.9633603346195514 0.9198533982330785 0.9851326892211318 0.9160452669532728 0.9976615736588883 0.9876575822606584 0.9758892294635189 0.9914656732549102
12 0.935776506088132 0.8627255483357453 0.9089383964857234 0.8487308152194143 0.9451375583095114 0.7793255564672973 0.9719752357057132 0.7933201526576059
12 0.9570399668874643 0.742995586232307 0.9810907744481483 0.7492718231718078 0.9702432273809336 0.7908327049735341 0.9461924317843113 0.7845564995159493
6 0.44518904866379216 0.9741901715464492 0.44518919571430615 1.0000000015325636 0.39548941285715955 1.0000000000000457 0.39548945849833217 0.974190362627217
6 0.41986192200658934 0.7678974819127936 0.45313277934803864 0.7804085031231125 0.42650651897304215 0.8512023428018448 0.3932357222738574 0.8386914381570502
6 0.5989913019394635 0.5023026234218101 0.6256981971733921 0.5651211321266928 0.5634369594278041 0.5915882514223094 0.5367304784250564 0.5287700928466971
6 0.5775245413065022 0.11296457742417261 0.5190620983281633 0.13593451141640328 0.4855025288899242 0.05051968110998979 0.5439648509861854 0.027549773924739004
6 0.7904065555646866 0.336100481075243 0.8254182690621974 0.33835001669854803 0.8210716036613803 0.405998678276679 0.7860598909169312 0.40374915126834954
6 0.83203125 0.5203061740890689 0.84765625 0.5203061740890689 0.84765625 0.5590523785425101 0.83203125 0.5590523785425101
6 0.817758576506435 0.6100405222945413 0.8357708531088974 0.6098770946271886 0.8361152921489747 0.6478351281017999 0.8181030155562894 0.6479985551737314
6 0.7593164366345491 0.8039280442275601 0.7798801364932615 0.8058712677191656 0.7757411187199068 0.8496624380258104 0.7551774203684545 0.8477192252853523
6 0.7837434947470001 0.8149070390332644 0.8076727503563461 0.8158509503237525 0.805772963754066 0.864002563442528 0.7818437084816878 0.8630586579683129
6 0.810615496301466 0.942777345160585 0.8383616367937066 0.9493371924965895 0.8271540128865809 0.996728518269116 0.7994078885059253 0.9901687181029569
5 0.8456916509161374 0.4433281793160662 0.8624495529650176 0.44256209182254863 0.8637682047766475 0.4714053424084249 0.8470103028330414 0.4721714283613532
5 0.8706035043040856 0.46453973298556356 0.8563382802525439 0.48896665087446034 0.8457772154630447 0.4827994356242825 0.8600424392093373 0.45837253920924925
5 0.8336967296576177 0.5844521775474657 0.8505057891335355 0.5843164381305279 0.8507637146353773 0.6162527465620985 0.8339546551651438 0.6163884855828622
5 0.8445545333174778 0.6375126699297389 0.8558303137178882 0.641926518839104 0.8441330633779671 0.6718048635287207 0.8328572906001455 0.6673910287378069
5 0.8300939513214871 0.7967014007032901 0.8457194298044897 0.7990108679277681 0.8405369535211094 0.8340676250050332 0.8249114772420398 0.8317581679352464
5 0.8331450769574076 0.8497182779197885 0.8495532786424747 0.851186855131549 0.8468656994189132 0.8812079955602155 0.8304574985081672 0.8797394241807792
5 0.8432933547738912 0.9501378342472 0.8582454747396469 0.9506059799064622 0.8573903398082621 0.9779104901419798 0.8424382199285674 0.9774423463596092
5 0.844508505714316 0.9999999999999847 0.8445085223796696 0.9948285281580495 0.8584774162927715 0.9948285624873481 0.8584774106019495 1.0000000233609974
0 0.766782524171731 0.9443793440018338 0.7797446570403963 0.9433973442564791 0.7840043089123583 0.9996076494245107 0.7710421769687628 1.0005896409694497
0 0.9401889923353792 0.9406820710648035 0.9194031526074014 0.9234964271908788 0.948193753251303 0.8886835612774017 0.968979431097182 0.9058690975288316
0 0.981739839462648 0.7632790948588063 0.9916756241944995 0.7629376302358171 0.9925073897551329 0.7871355796552744 0.9825716050730762 0.7874770433023869
9 0.9025551606653153 0.9975568637911472 0.9047999910474118 0.9992666338341903 0.9029386153978294 1.0017097692437267 0.9006937857143384 0.9999999999999993
9 0.912651208964121 0.9490394843080533 0.9328950171621955 0.9528379932725668 0.9233538463406603 1.0036721691662147 0.9031100461800179 0.9998736894280323
9 1.0000000895628318 0.8605945607287451 0.9765466216679215 0.8605945607287451 0.9765467484380679 0.8196266477732794 0.9999999704243692 0.8196266477732794
8 0.500920690750263 0.9999999985577397 0.5009207576031258 0.9943196369370093 0.550789889531984 0.9943200391461798 0.5507898657127726 1.0000003578050045