10 0 0.07248714372469636 0.017312984285714286 0.07248714372469636 0.017312984285714286 0.1434242145748988 0 0.1434242145748988
8 0.109375 0.11810475708502025 0.12890625 0.11810475708502025 0.12890625 0.1513157894736842 0.109375 0.1513157894736842
8 0.27734374734359335 0.11810475384512302 0.2773437565541599 0.14578062189412322 0.2513878315302236 0.1457806163925066 0.2513878367469715 0.1181047627465949
8 0.14445982142854064 0.3499367408907309 0.1374580683603881 0.3022923903650881 0.1846711299680237 0.2953542138457514 0.19167297519118165 0.3429984549901024
8 0.3722811508793029 0.08393260128087338 0.4084298523812322 0.08683298368750178 0.4035041130408672 0.14822434399470785 0.36735541182383713 0.1453239647529898
8 0.3372070128525593 0.09805016169519584 0.35460424696157133 0.09901790152751747 0.35315297841623305 0.12510752493920416 0.33575574434382816 0.12413978553638935
4 0.050781250737486516 0.024006831983805668 0.03018531248187628 0.02400683198380566 0.03018531340183017 9.318031293350147e-18 0.05078125 1.5530052155583578e-18
4 0.09765626132275429 0.1513157894736842 0.07148106358226869 0.1513157894736842 0.0714810846045566 0.10517294331983802 0.09765623435464477 0.10517294331983802
4 0.05865377947714023 0.19555669637905887 0.07406937276516601 0.19588624304716062 0.07328038813454896 0.23279301011956585 0.057864794856527624 0.23246346384974906
4 0.0834904703264101 0.26613208214312395 0.06493719481431981 0.26419901797213513 0.06870570627245343 0.22803029790042909 0.08725893129360429 0.22996335941593765
4 0.19528927685394137 0.13975494458275695 0.1871452064026471 0.1385247003703386 0.18914292991144066 0.12530009656032456 0.19728699604229405 0.12653034044087463
0 0 0.0057062004048582995 0.00393953 0.0057062004048582995 0.00393953 0.0279523967611336 0 0.0279523967611336
6 0.013379931274585033 0.040222900768644376 0.025846551769177495 0.04354694756416997 0.01942862420264646 0.0676169457293682 0.00696200397726443 0.06429289961530237
6 -0.0034726927860901924 0.1571990069274589 0.008858507126774384 0.15418204532488206 0.017100320531426405 0.18786844600029143 0.004769121608887872 0.19088540485026784
6 0.012913688491380526 0.22190679959479598 0.02319816538795294 0.2219512213517462 0.023068757624969294 0.2519110697436346 0.012784280728624253 0.25186664803467956
10 0.3236973493272899 0.04888152859738629 0.30607238150264493 0.04619604759297389 0.31352036724183563 -0.0026854804787227403 0.33114532857143786 -7.184202127172964e-15
10 0.32182793206811766 0.07092721597705945 0.33485705184557446 0.07309180601773112 0.32340139623977393 0.14204557884476707 0.3103722770481454 0.13988099126037262
10 0.2532856204697964 0.19035759791787502 0.2696924589868104 0.20165278028342287 0.2395138840627169 0.24548808361741328 0.2231070618722697 0.23419292119090168
10 0.18325631784352936 0.3533053816311505 0.18190569673652135 0.325761326372441 0.20158973012860315 0.32479615700199566 0.20294037779694918 0.3523401842945226
10 0.041341209999999996 0.25081180971659917 0.05418330857142858 0.25081180971659917 0.05418330857142858 0.27020519838056684 0.041341209999999996 0.27020519838056684
10 0.06852542048306987 0.31232112130974754 0.06852543130901267 0.29073139713303986 0.08055745245326307 0.29073140660904084 0.08055745357478372 0.3123211188014836
5 0.11429717946623441 0.5453299108926009 0.11333213338991754 0.5132660744856076 0.14704650272472009 0.5122514315954938 0.14801163316087695 0.5443151810184244
9 0 0.21812896356275302 0.014384494285714285 0.21812896356275302 0.014384494285714285 0.2526375668016194 0 0.2526375668016194
5 0.13009779953767975 0.12355838793225526 0.17041656816377326 0.1230594881672353 0.170629895118509 0.14029949707936457 0.13031112649696297 0.1407983966714011
5 0.17370094714285716 0.06158542105263158 0.19027554857142856 0.06158542105263158 0.19027554857142856 0.09135790283400809 0.17370094714285716 0.09135790283400809
5 0.1536018189204924 0.18386174596875055 0.17922603243403046 0.18192337899625013 0.18143909814830295 0.21117863320165756 0.15581488483360317 0.21311699845492202
5 0.16621726010305338 0.2759821045449958 0.18019085895537046 0.28475605682964633 0.15893673982600376 0.3186049436539527 0.14496315318172037 0.3098310071914866
5 0.20282528421500956 0.24877347796032975 0.21477971384535977 0.26266413710625586 0.18813730205749835 0.2855923223697568 0.17618289341942273 0.27170168307209325
0 0.15936718956720597 0.23656016286703963 0.11877730830985911 0.24128492440361685 0.1106399762362571 0.17137820968226689 0.15122968328944353 0.1666534583276918
0 0.1368297563114993 0.3320265257662076 0.1508100804373953 0.3468251439774643 0.12597452093439188 0.370286505699855 0.1119942244347385 0.35548791448356054
0 0.21276304228513254 0.12204627627070941 0.21952448189767892 0.1345424119268514 0.20561031134695895 0.1420710804438016 0.19884887634316328 0.1295749487489731
0 0.25125820526193365 0.032654802479082305 0.2606956479095288 0.0345943249795032 0.25631336078549793 0.0559179036006856 0.24687591822851118 0.0539783813854605
0 0.2960575207785041 0.11788364775992521 0.3048107161406506 0.11693742552688063 0.3061279498001568 0.1291226725039297 0.2973747544742764 0.1300688945189083
0 0.29291851514017253 0.17967361218589778 0.28311290336387174 0.174953653909783 0.2908338639390422 0.15891367593034691 0.3006394680644462 0.16363363202703085
12 0.21310310592309634 0.28687259658856307 0.22735556920576983 0.28755987288290974 0.22527586954174694 0.33068664728791075 0.2110234063623011 0.3299993723893265
12 0.22600225022142695 0.3262271981746816 0.24566067352623122 0.27586167872195483 0.26832670661485736 0.2847083545323128 0.248668350734647 0.3350738167706707
9 0.3022913485714298 -1.911106883080464e-9 0.30229135084630343 0.03282423959545954 0.24936133226367474 0.032824237564327126 0.24936133429037 6.8077319208486e-12