10 0.3423522625922715 -1.027943971830055e-9 0.3423522636182952 0.027695888636307436 0.3042667797027434 0.02769588746635785 0.3042667808534816 -4.055517819909096e-14
8 0.37893684201924316 0.15904775393209392 0.38829879729439654 0.19226270837942167 0.3433816149283757 0.20492286565853243 0.33401970974182404 0.17170795400730923
8 0.30853491619711804 0.24909832083494998 0.2798542573918894 0.2692939040000637 0.25804145131075984 0.23831706246411755 0.28672205231168846 0.21812150810656614
4 0.43133810695780994 0.04486185684828329 0.42850591440901553 0.06141515408639318 0.4072920458976341 0.057785559446018056 0.4101242406369465 0.0412322650250518
4 0.4049641032773934 0.21964591798699432 0.3908042761714796 0.2062990874203755 0.4058995829852847 0.1902844979206794 0.4200593994329438 0.20363131918858654
4 0.5397923903739184 0.17294705441478436 0.5308517536408317 0.17294705441478436 0.5308517567871149 0.15993783572895273 0.5397923875432298 0.15993783572895273
4 0.15455506014325238 0.2927009008031699 0.13770385524617268 0.3124351691823028 0.11100374204920627 0.2896363406042132 0.127854927317685 0.26990210257795544
4 0.13337717795309345 0.3711492237489005 0.13782799082355268 0.34513691333667346 0.16760901866973654 0.3502323693032866 0.16315825443291487 0.3762446366393085
4 0.29578774932588203 0.3277555129707121 0.30480546559408594 0.3283679518205482 0.30401762068095195 0.3399680037521597 0.2949999044491278 0.33935556526440014
4 0.23190747421313063 0.44810222298207714 0.22743298056354888 0.4374292457811836 0.24182741388403883 0.43139494016209995 0.2463019113363316 0.4420679061907512
0 0.11943524573939612 0.15389625001277926 0.12713703026520307 0.18434497223352017 0.07920062619314194 0.19646997088736495 0.07149888825108519 0.16602128876395147
5 0.5045182494900473 0.07247587245080371 0.4890306237389268 0.0811594709902994 0.47080656211380756 0.04865599034473911 0.4862941802214209 0.039972394401325544
5 0.28491344479971303 0.20847749821133657 0.29685007532668806 0.1930797232728763 0.3099020473476912 0.20319772056478522 0.29796542553344807 0.2185954875037658
5 0.26626065522077624 0.24054413557780163 0.2610008028682387 0.27128597475778893 0.22462457510050626 0.2650621678955753 0.22988446171893884 0.2343203721704631
5 0.28505561827000747 0.363453863926178 0.28038612038687916 0.3474968321771452 0.29886233822014674 0.34209035028996987 0.3035318457507401 0.3580473655065611
5 0.3478453106993129 0.3888033935550193 0.36171139535315433 0.39002514200780175 0.3604187180668532 0.40469552693839916 0.3465526335561435 0.4034737795723773
8 0.48870482418703887 0.29847118738173645 0.49854348795713577 0.31419423042657296 0.47854545528252856 0.3267075689628274 0.46870681165808037 0.3109845435476012
5 0.443452694184316 0.34751182334791403 0.4286772621153432 0.3400130561151332 0.43566913916572503 0.3262368964968911 0.4504445517301292 0.333735657765909
9 0.4088824607273409 0.16047815047191172 0.3191013093839956 0.16386378811475177 0.3148711292118378 0.05168315224774368 0.4046519626336931 0.04829752051281694
12 0.4160911452624987 0.002985570141329213 0.43849609723542926 -0.02240299802195626 0.4858573498976284 0.019392452602346035 0.4634524022063715 0.04478101687260961
12 0.5025340774504912 0.23838824462923391 0.48496885981182913 0.2202936572942028 0.5128163815433027 0.19326123865413772 0.5303815773874021 0.21135580267255655
9 0.4770606271451925 0.27471437606690735 0.4637742812325314 0.28216360575559946 0.4566204621773977 0.26940442625386557 0.46990679526584245 0.26195520105970654
9 0.42999605502063787 0.23419996370442717 0.4385228431495989 0.25141740239023996 0.41538898364558463 0.26287400872901984 0.4068622150838337 0.24565658670342472
8 0.44187307825836797 0.34604404430628266 0.43863618659281656 0.36496208976304134 0.41760022331664004 0.3613629364176173 0.42083713206500306 0.34244491268645644
12 0.24882010710700797 0.04570710620161907 0.2904183462748051 0.049372522638457754 0.2850238668257816 0.1105935292048 0.24342562802246448 0.1069281154613597
12 0.14738094258768797 0.25637234968128353 0.14689852581432206 0.22301207459637198 0.19691819990907788 0.22228874539239518 0.19740067659847682 0.2556489597480203
12 0.15696683186774862 0.29073374409030717 0.12739524690925919 0.26422630782538714 0.14845454303303995 0.2407331909450732 0.17802608510419304 0.2672405936566065
12 0.10507936846352095 0.22104958207763914 0.10628119624061583 0.25996853997644825 0.07042644597686376 0.2610756693219215 0.06922467070353377 0.22215676180703534
12 0.23784465070548322 0.3530507362692949 0.2260083671015991 0.3596868670602658 0.2165162334656543 0.34275718829763363 0.22835249760851184 0.3361210643319502
12 0.09252686264380827 0.45434064509607447 0.08426256754580663 0.4632721545495591 0.06773354099345852 0.44797883746418055 0.0759978246828723 0.439047341889081
12 0.08983882553832245 0.49544415291160643 0.10304355563368972 0.4964376744509631 0.10151851497528241 0.5167051700409259 0.08831378505283283 0.5157116500575716
12 0.07473100461368176 0.4391735574948639 0.08742935163570564 0.43814412607854225 0.08925890876810172 0.46071089041203844 0.0765605619363896 0.46174032022969214
12 0.31808804886020425 0.3290823090130864 0.33199281120334945 0.3298927205593572 0.33097794568732297 0.3473048332924722 0.317073183405455 0.3464944224746923
0 0.19281421914638486 0.17044219712526218 0.20525706837076996 0.1691007434222509 0.2069819666002104 0.1851001379323722 0.19453911747200436 0.18644159104972924
0 0.172768650054536 0.36592835790583533 0.15235173255928203 0.3393545030776281 0.18147867843333643 0.31697684454118136 0.20189557357809917 0.34355064871549906
0 0.20879116462333513 0.36552504837934313 0.23419407259461877 0.37029465613465445 0.2286276929861515 0.3999398608067436 0.2032247873180495 0.39517026142664713
6 0.3903112763093759 0.007291353940418797 0.4107868530251153 0.012088069888545386 0.4039633588885181 0.04121528037388935 0.3834877823566103 0.0364185649577667
6 0.2613702039453756 0.12493513373965037 0.2883480188010026 0.14133988174362438 0.25519675400028063 0.19585712279329182 0.2282189582178944 0.1794524000941581
6 0.22621095331123797 0.06410486284159622 0.20213525808878785 0.042560958444448786 0.23831853779768153 0.002125523911903644 0.26239422444598404 0.02366942182027962
6 0.3118592727349778 0.20046175000958658 0.3015901123211506 0.18974043945834962 0.3150717726980474 0.1768274872194401 0.3253409279537891 0.18754879201863947
6 0.34734161516314543 0.31151505022967624 0.349225458696651 0.3263542604145296 0.31849416834995736 0.33025545249864 0.3166103495940433 0.315416264785565
6 0.24517336522262667 0.2870354921351571 0.24845425648243236 0.3002271672340531 0.22475094558353703 0.3061222204403217 0.22147007119440332 0.29293055989826017
5 0.13808795011493658 0.213999289361434 0.12929000831991289 0.23672899643484585 0.10286709898196023 0.22650166236868977 0.1116650495551994 0.20377197661918556
6 0.027491205366459326 0.2548962051152202 0.032911245935110855 0.2515673676458362 0.039586530836004385 0.2624359030845334 0.034166491547580335 0.2657647388793592
6 0.06943281674818991 0.33226034250731123 0.09619250720561467 0.3165699126305133 0.11191080530818454 0.34337624172403514 0.08515113366797777 0.3590666464059989
6 0.003049520610147738 0.284288581610361 0.011575524920090174 0.2765379654175599 0.026715314791317724 0.29319195884863236 0.01818931785226141 0.30094256736457886
6 0.022021664035378308 0.3238492871422494 0.01142960926563319 0.3292755352942045 0.0014738929493205433 0.30984252152649144 0.012065929170034906 0.30441627911549385
6 0.14422996828056966 0.43426821703460144 0.14029457819492563 0.4397162450008916 0.13236714050265164 0.4339901753669055 0.13630252941175058 0.4285421509239791
5 0.20626470240529216 0.3774404574170285 0.19353739715609208 0.3822754741381913 0.18681073472293974 0.36456947067828765 0.19953801544602356 0.359734459134896
5 0.06679271729865377 0.38008318551937903 0.07887521057068625 0.3820320766951657 0.07627609915175526 0.3981449865079718 0.06419360632389726 0.39619609721669674
5 0.08226123790268502 0.4206984729922009 0.07450176745794579 0.4305601850650392 0.06501217688685301 0.4230939077100078 0.07277164359868493 0.4132322032853767
5 0.06448627037502774 0.48222790371063085 0.06905097545370609 0.4958382659829733 0.05778706692956348 0.4996157167950784 0.05322237607049374 0.4860053665999251
5 0.048654459006570505 0.288074483221799 0.03832340839903736 0.2967731121406634 0.027707753153094927 0.28416558570995515 0.038038794694330136 0.27546696303899865
10 0.05547763680715434 0.37371693289390756 0.03368605452283191 0.3848938944746747 0.009617057066748202 0.33796858049233014 0.031408536395815645 0.32679165073599226
9 0.0035721180255450236 0.4007561309125931 0.014833230044587253 0.3944426062248793 0.039948536965425774 0.43923714060851604 0.028687439717828056 0.44555064452099635
9 0.055185677239933284 0.4024048907223597 0.05139462476608969 0.40499257875833744 0.04589602148189442 0.3969373243197269 0.04968707070713663 0.3943496378225854
10 0.11441303124706792 0.5122585763952111 0.11122086903912987 0.5050056824385856 0.11568793567437297 0.5030397805163547 0.1188800986969909 0.5102926717359129
10 0.10571565578902664 0.5255029243584127 0.09829704484957347 0.5278696203570834 0.09541748854746857 0.5188441390116907 0.10283608911879583 0.5164774447948676
10 0.06380487139563229 0.47526743737167726 0.0668964873400455 0.4737383978377978 0.0691453063402605 0.4782850461994079 0.06605369076351053 0.47981408517008345
11 0.6074876387103814 0.27547255721258285 0.5922025197930907 0.27300512168832947 0.5958161977471264 0.2506199066450904 0.6111012894670012 0.2530873399325793
11 0.585737642304025 0.3905052008967371 0.5875855114887827 0.3770802710037915 0.6046784149372115 0.37943290959335135 0.6028305608191431 0.39285782591606216
0 0.8819655978007859 0.25636508868305813 0.8220223578064179 0.2311000245570894 0.8581935266150822 0.14528288120782715 0.9181364696836454 0.1705478739818966
0 0.693163491028713 0.279120707271769 0.7437128214146469 0.25649553774163225 0.7705463913148378 0.3164458392093687 0.7199971020928615 0.339070941301568
0 0.6766342585600569 0.4016959458195471 0.7351119671411652 0.3836084340701018 0.7501857590903 0.43234022063455185 0.6917080762536898 0.45042767387656035
0 0.6627075999483623 0.18478973087144288 0.6852456200956567 0.11533721615815247 0.7448170680301018 0.13466862585599332 0.7222791740318826 0.20412103210901927
0 0.6879902326080582 0.2767999064207633 0.6196637280983168 0.2852687459353985 0.6056811867804299 0.1724571982160427 0.674007180297167 0.16398839009536734
9 0.6262495513408339 0.10099914697030085 0.6422871471843337 0.11437283893229848 0.6094159932649745 0.15379138737838785 0.5933784096419004 0.14041770877160276
9 0.5648558351558677 0.375736463436233 0.5399771831088174 0.37271028690741803 0.5445566306681258 0.33506390268299024 0.5694351818675614 0.33809007301594474
0 0.179594319485318 0.5297734196165883 0.17959471927611048 0.5685679461630269 0.09365018059600061 0.5685683899105711 0.09365005969209506 0.5297741425483815
0 0.029377049031154456 0.7896170972494749 0.024147659610775918 0.7352494040566202 0.15073113438120345 0.7230755628683861 0.1559612329272113 0.7774424538811698
0 0.05604313955279849 0.9517722617429862 -0.0006407017359606471 0.9036047239909718 0.05512181666097149 0.8380000517076446 0.11180484256385625 0.8861670173608714
0 0.13068767303764162 0.9565168201430904 0.09507296232845874 0.9237839640389822 0.13750702428183104 0.8776261904184699 0.17312138472152583 0.9103587576574952
0 0.5397925519172304 0.5697508244353183 0.4945147824578271 0.5697508244353183 0.49451492072955716 0.5297741273100616 0.5397923875432298 0.5297741273100616
10 0.08622936793540248 0.9999999999999463 0.08622963764400993 0.9729506018218904 0.12847250434663238 0.9729509145312203 0.12847240624682854 1.000000142219488
11 0.07432792483416506 0.5790410506237808 0.04091361481528111 0.5759801705441602 0.04535755008566866 0.5274736758969596 0.07877158787925964 0.5305345434413979
11 0.07003099094538356 0.6362394139292669 0.10007402392386666 0.6418008443015192 0.09130937138252193 0.6891415409048717 0.06126634574968648 0.6835801375303103
4 0.1661272945887049 0.8805097475875308 0.1095273299766859 0.8181317056617532 0.201634449986841 0.7345740856155722 0.2582336656342932 0.7969511625180384
4 0 0.6442675862422997 0.05470727508650519 0.6442675862422997 0.05470727508650519 0.7322915657084189 0 0.7322915657084189
11 0.5921857586440638 0.7609126901438914 0.6061551779457659 0.7506943477641539 0.6166920077922668 0.765096646396975 0.602722606648399 0.775314967564657
11 0.5858759311826134 0.8764022260435734 0.5873377870896093 0.8644391334696148 0.6045415899141062 0.8665408979090912 0.6030797642797552 0.8785039629734677
0 0.8813312993371483 0.758658966880492 0.8237263987615506 0.731308645285834 0.8589008752946938 0.657237444909687 0.9165049131376009 0.6845875253098093
0 0.7444983125980116 0.756174409056907 0.7684556152189543 0.8099412628781019 0.719058969072421 0.8319466698914769 0.6951020799066328 0.7781801668961069
0 0.6774320825686573 0.8886075372189866 0.7345674151616777 0.8687011154908213 0.7495992744727573 0.9118351239179465 0.6924640028130398 0.9317414210603269
0 0.6646632324595885 0.6943561769937684 0.682788204740973 0.6314391029044321 0.7413154076580213 0.6482972660188022 0.723190894805839 0.7112139462336146
0 0.6741143354352062 0.6751010561281322 0.6875798377244564 0.7748465362889476 0.6194998124901758 0.7840350830348753 0.6060351520636686 0.6842903625751872
9 0.6262494700985144 0.6194205766777128 0.6406926342128827 0.6329882222686848 0.6088415496824382 0.6668903203930676 0.5943984457462648 0.6533227366511423
9 0.5648112677941981 0.8636020945061876 0.5400297679972255 0.8602066128041291 0.5446255871331687 0.8266728239219973 0.5694068741041747 0.830068290841779