10 0.13610270525759915 0.29740371670773746 0.17120058255670756 0.2910920829746301 0.1879528218348696 0.3842452880594033 0.15285495302521213 0.3905568909053638
10 0.12272330355506256 0.1383725804776408 0.15182337080034358 0.18448117855654736 0.10390155445304572 0.2147252344036545 0.07480156528367843 0.16861670468332587
10 0.1777080409036671 0.17081529610725515 0.20212663885342863 0.16508099196168577 0.21566018222915773 0.22271075359916415 0.1912415877930016 0.22844504757006814
10 0.2060442023341693 0.11537236173383146 0.19145084696208414 0.08729535022611687 0.20909124030174553 0.07812657808971141 0.2236845966067449 0.10620358123131463
10 0.23643854017950616 0.47888914558043105 0.24208305699903576 0.4806543960920606 0.23997281618505895 0.4874015657705275 0.23432829977377878 0.4856363161764679
10 0.41028619921769405 0.40177883077447507 0.39004158740681305 0.4040201564869933 0.3841615815232444 0.3509112811316016 0.40440607116681804 0.3486699622187814
10 0.3726716210383074 0.23881587172621613 0.3801650687971687 0.23746205170820942 0.38597837414772584 0.26963831816057776 0.3784849268488415 0.27099213646820025
8 0.02676815270797306 0.2931517646099319 0.06043553870188134 0.29053139992050375 0.06533170056809467 0.3534371553702456 0.03166431559589 0.35605751194243707
8 0.10218326386359422 0.3648951846814447 0.07049728225638319 0.3607182595930746 0.07813205529771494 0.3028040097039846 0.10981784985278864 0.30698092224653933
8 0.14496112560755137 0.11262067029304722 0.16543665533629337 0.11465019415319805 0.16022770160145683 0.16720217501902582 0.1397521721943349 0.16517265343955687
8 0.20235344373816133 0.14619848574644886 0.22636775365276662 0.1418799009644659 0.23437522564972824 0.18640662142532707 0.21036091703433613 0.19072520125742273
8 0.2197125550749206 0.4098272118980757 0.19677989566775977 0.40755423302104565 0.20117338324541834 0.36322998030717096 0.22410592303469912 0.36550295320410914
4 0.06272316114416299 0.06263012448669977 0.07233582097558156 0.08112449615077974 0.04712657261143249 0.09422725746168073 0.03751392009587562 0.07573289205105352
4 0.07151779690332205 0.21735166808221015 0.10382475272547254 0.21661695436491013 0.1053199756745471 0.2823639777029414 0.0730130199267478 0.2830986895791874
4 0.02547946664765277 0.4386139172802368 0.059331808542879116 0.43252647049152526 0.06913440774678747 0.4870353781810599 0.03528207206568368 0.4931228012218025
4 0.3430040133650891 0.28410628990838593 0.36189455815031124 0.28210648406195493 0.3663407834345662 0.32410523419614623 0.34745023928189767 0.3261050361365992
4 0.34433409038638274 0.34666935908425606 0.3520986956359593 0.3454710533292207 0.35452109044069857 0.36116674061319626 0.34675648542577164 0.3623650453436834
4 0.3761803835019464 0.32427681249751117 0.3833658139902809 0.3232424839699138 0.38633115798984363 0.34384189843918567 0.37914572773877353 0.3448762258720734
4 0.3661282057327071 0.1933757875729283 0.377636267771436 0.1923920435486454 0.38050398161169596 0.22593878475592263 0.36899591971121026 0.22692252772436428
4 0.36118052698509473 0.28236411008501394 0.3554990828697555 0.2815926894422792 0.358689091715064 0.2580991362727161 0.3643705249177174 0.25887055616535004
0 0.12330291878981825 0.3717509725041184 0.1552016512339378 0.3726947439870804 0.1527796839494613 0.4545512632295074 0.12088095160561352 0.45360749661123806
0 0.2985106817874339 0.2795753044945386 0.30976857171276606 0.27642714629808285 0.3176357404377086 0.30455962443682544 0.3063778521685663 0.30770777854814657
0 0.28963214104908275 0.23165863875727843 0.28118501944663876 0.23083532378302 0.2833903971251175 0.20820880074440584 0.29183750597144353 0.209032115093144
0 0.3128591882996261 0.14380023807631306 0.29121906417572063 0.1462086859932991 0.2861695691957493 0.10083857845707843 0.30780965706492225 0.09843013256863911
9 0.08663349108041984 0.46756572144152797 0.059751109295007154 0.456442743780885 0.08583092521109847 0.3934161867015586 0.1127130948773356 0.4045391146228312
9 0.1212056074158454 0.22706152854177922 0.15791450439860455 0.18296840004893658 0.21510983937344008 0.23058462946756658 0.1784010662182709 0.27467764242438986
9 0.24586969802521708 0.15968855949513597 0.26690958115341346 0.15657875249767458 0.2726784271743554 0.19560842093567152 0.25163854483298564 0.19871822457451394
9 0.26534594913152887 0.09343615688431994 0.28381849230243006 0.09011415223829851 0.29021676180207123 0.12569264410611944 0.27174421914935465 0.12901464674544577
12 0.24407954715513824 0.10288175881137933 0.26809385317176293 0.09856315829956944 0.2763912324228386 0.144701941347541 0.2523769274359893 0.14902053804174578
5 0.23517569769865077 0.0617799976420691 0.2589070261132065 0.06409471546297675 0.25478944688882166 0.10630955150414478 0.2310581186301306 0.10399483494278675
5 0.2652412560451012 0.23718942371376842 0.24152057669482474 0.24052496777849072 0.2359801668092132 0.20112478170096135 0.259700784319989 0.19778924203691195
5 0.27712772228687754 0.3180967096241732 0.2937530274555229 0.3151069948600466 0.29949800123051773 0.3470527925736795 0.28287269736995313 0.35004250242896673
12 0.2727707601691236 0.41636264810259604 0.28086636379248375 0.41709244080972446 0.27835529063338527 0.44494627088463073 0.2702596871863534 0.44421647951543103
12 0.3325886144679089 0.3310263579489728 0.34134168803097964 0.33181599452886357 0.33948717425232644 0.3523724450449068 0.33073410080339727 0.35158280931376346
12 0.3068275172411177 0.2287477528558534 0.33938149605353374 0.22289351104167932 0.3512716388293029 0.2890103839063802 0.3187176642987879 0.29486461023446847
12 0.30798500472053547 0.17640451608226113 0.33649455567444875 0.17336789860763582 0.3426316044686928 0.23098544617958228 0.31412205439198715 0.23402205818319058
12 0.37796313608475884 0.23254133179534606 0.389079077307656 0.23049152357229646 0.39454202367880953 0.2601161016738508 0.3834260831049505 0.26216590757414127
6 0.18620909233186467 0.4324818775217061 0.20194338439580406 0.43429006283577953 0.19699492067491065 0.47734746878751405 0.18126062952853772 0.4755392888989792
6 0.239226899740288 0.25049951787523217 0.2629548142475642 0.27142743863443625 0.2359022280387535 0.3020986982644262 0.21217434711934402 0.2811708133653912
6 0.16659629910088825 0.009315338002700447 0.19557230440614148 0.0207658047321329 0.17711557472375716 0.06747150377281412 0.148139571057186 0.05602104041978542
6 0.3307970291212996 0.15016647732728672 0.31436896690797766 0.1520984029265953 0.30966662144180646 0.11211230142912841 0.32609465750442723 0.11018037738416317
6 0.3460792929490708 0.2031181062273416 0.3534683139879462 0.2017893176254172 0.35740717949772716 0.22369194946417423 0.35001815871464714 0.22502073710452633
6 0.34854458412519307 0.2555879358018603 0.357071628679023 0.2539837068236238 0.3609296960460142 0.27449026986157615 0.35240265186996567 0.2760944974862528
6 0.3410408632217923 0.37177175316291344 0.35068027258068923 0.37083600131940164 0.3531109384917954 0.3958737856417137 0.34347152933412417 0.3968095361109346
6 0.3666489668241866 0.3984687282818983 0.3554715167379072 0.39896843923340375 0.3542740211985347 0.3721839219078193 0.36545143624653065 0.37168421173945865
5 0.3518406376613257 0.17436895667944424 0.34445381168404765 0.17339892261433903 0.3467139335751881 0.15618823489044498 0.35410075317793144 0.1571582685313461
5 0.3527222627661786 0.16475178377102986 0.35794534955562085 0.16579351236782597 0.3546571562030749 0.18227992275219268 0.34943406954892 0.18123819461720045
5 0.35313795880745147 0.23787440214818 0.36109445158922426 0.23638479966818335 0.36432757834722906 0.25365376077079543 0.35637108583784993 0.2551433622723189
5 0.3632356724922374 0.26429399937125647 0.36857961113196325 0.26496324388531384 0.3662788593760524 0.283334406256605 0.3609349208322783 0.28266516225913246
5 0.37206975318713376 0.3525402032238131 0.37937479475795044 0.3521515171680231 0.3804271262779366 0.37192846306691546 0.3731220847419081 0.37231714869843935
5 0.3784334985593887 0.3794324025867987 0.38612761607168977 0.378653106286823 0.3879110211535135 0.3962601550675307 0.38021690376513106 0.3970394505533084
14 0.8338255404379424 0.4024842077368542 0.8266286005734855 0.4967984950501325 0.7308531519997814 0.4894898024227797 0.7380506495593409 0.39517610736984404
14 0.6243783581535354 0.32287321793750356 0.6738390337671945 0.2931127523431402 0.7050785898042022 0.3450300013458816 0.6556179845554198 0.3747903746219594
7 0.6379629224479686 0.4198536450217444 0.6598083105202477 0.38664262735132293 0.7013935623076577 0.41399499970830467 0.6795482927697094 0.44720591282041916
7 0.5156813866871062 0.36747542413837403 0.5454984184019622 0.358359839163769 0.5585212077552342 0.40095549003998493 0.5287041865059336 0.41007105132470434
7 0.5725530808916801 0.4626478370705212 0.5918001302687799 0.4287964542345339 0.6325063572446652 0.45193957286696496 0.6132594350476666 0.48579084591366006
11 0.49700817422581167 0.43321401898973205 0.4598743589742753 0.4300603478471257 0.4676249983102707 0.338805275630972 0.5047584126122047 0.3419589295617262
12 0.2121326182084431 0.916571326346131 0.18452845111119132 0.9178160770885281 0.1795874594969291 0.8082590731784992 0.20719083555638917 0.8070143402520875
8 0.3464378630651481 0.8211385311420952 0.3797644340061197 0.816648745323425 0.39145084939252683 0.9033751219876075 0.35812428859537704 0.9078648564226377
8 0.3354633733031278 0.5325507313348407 0.3676275460179568 0.5279348508269194 0.40146549566497924 0.7636948424831264 0.3693013453674894 0.7683106134723763
8 0.38417680205293436 0.5536713350887661 0.34257658499439003 0.5565175663081523 0.33801299377830674 0.4898190045248849 0.3796127678438097 0.4869727885698587
8 0.29850795590436974 0.48981882090501716 0.2985081160767322 0.528733791872141 0.2578118727689116 0.5287338517447849 0.2578118354072103 0.4898190045248468
10 0.8844875638711756 0.8880998634109442 0.8919704301459888 0.8495148744965104 0.9761986626567705 0.8658454543824812 0.9687163003890191 0.9044300000797518
7 0.8792566045799504 0.9234100530397036 0.8837151468760567 0.9050025111541727 0.9251943597851096 0.9150466883887322 0.9207359447565295 0.9334541202757651
7 0.9023740136565266 0.9619786312190362 0.9058851029762991 0.9441261850241862 0.9466146749145992 0.9521342974204862 0.94310370872563 0.9699866356172899
12 0.7155948470373232 0.9999999269978664 0.7155953501430758 0.9734655062162719 0.8392660118468029 0.9734668197759042 0.8392660019533196 1.000000749700642