8 0.05875168745899373 0.11845265186834941 0.06538546744241103 0.13121432061439547 0.0525194084159466 0.13790232720795878 0.04588563264576351 0.12514066207045071
8 0.02825242217897994 0.23551183469521908 0.04421518261608526 0.2405036850825243 0.03310682102176088 0.2760249181006114 0.01714406383291589 0.27103307491147455
8 0.10383892705533526 0.07280351322981055 0.1201916081837453 0.0777629234961726 0.10986153073793048 0.11182424007140625 0.09350885072262827 0.10686483229328252
8 0.08452075539810266 0.09156323566850691 0.09269990818552287 0.09049736945447252 0.0946662469665398 0.10558644872041016 0.08648709422595857 0.10665231469105155
4 0.025407678192436833 0.14867350202551916 0.02160104812253394 0.1488661451401013 0.021231280641359263 0.14155956979492057 0.025037909481739007 0.14136692671152032
10 0.07399885680376883 0.07040448555984698 0.0674147476319149 0.07076128142484042 0.06669587848034553 0.05749567703889978 0.07327998591551932 0.05713888122171777
10 0.07554196161072468 0.0817238692786212 0.08161849965938472 0.08156460672787613 0.08265839449620671 0.12124086709153492 0.07658185645186677 0.1214001295445671
10 0.05617666815430766 0.16206830926532975 0.06450271711639743 0.1645947873816662 0.05526152135757911 0.19504900729790786 0.04693547333533843 0.19252253136994002
10 0.0491170782466952 0.26264325294178587 0.039975638998043905 0.2641655097577877 0.037232216669281115 0.24769103389024555 0.04637364427048851 0.24616877806535967
5 0.030119751707388787 0.3834939074430582 0.022057016493818082 0.3690855805767927 0.03881078477627398 0.3597107595832177 0.046873520610915875 0.3741190707925711
5 0.01152307028951327 0.1461188348862451 0.015628064973043365 0.15411121984881979 0.00019855463631301973 0.16203595909039573 -0.003906436235638466 0.15404357739154065
5 0.00835333852887743 0.10985190226055241 0.016153895966454 0.1088661603853321 0.01833157902592575 0.12609894048205025 0.010531021648944261 0.12708468205023463
5 0.010869275346976792 0.18110672520173765 0.023103867702388925 0.1780347888296056 0.026864887132205695 0.19301363517683073 0.014630295270308125 0.19608557019608053
5 0.025577899271183924 0.22804785811527706 0.03254627832143342 0.22992953946795655 0.026333619387060025 0.2529363108365751 0.019365240968568287 0.25105463112435766
5 0.039008270435942904 0.20560131251674565 0.046162131404798856 0.20935378413331382 0.03648514748863363 0.22780210809260032 0.029331288279763612 0.22404963905410413
0 0 0.17403276470588236 0.015747557344064387 0.17403276470588236 0.015747557344064387 0.2179595152714932 0 0.2179595152714932
0 0.01776848129065911 0.26513200028629763 0.025822129280982153 0.2690102679439532 0.0167398241093224 0.2878702333903449 0.008686178301900327 0.2839919691476497
0 0.03147656147905309 0.13491941833583973 0.03663000952269613 0.13877184207630355 0.030498500410203633 0.14697400822819684 0.02534505309688484 0.14312158533440517
0 0.040060185401557646 0.0772458298453527 0.04446871689128784 0.07721126643035223 0.044565723011487535 0.08958428167145205 0.04015719152187103 0.08961884508101527
0 0.06805252711660614 0.11258773341517735 0.07225094949296818 0.1113988748602614 0.07415123222278908 0.11810964616417448 0.06995280990599895 0.1192985045734122
0 0.07276613662963882 0.14751981564758535 0.06804623712423563 0.14665533432970265 0.06990916126937918 0.13648420070010672 0.0746290587111389 0.13734868182397633
12 0.04730787238031553 0.221591963198181 0.05401307603699479 0.22067491755413823 0.05735102310961793 0.24508074064854568 0.05064581961494241 0.24599778548974785
12 0.06824623555883136 0.2414265176275486 0.05749712005842866 0.24096752899158996 0.05884806373569518 0.2093304305010346 0.06959715585014692 0.2097894186362817
8 0.46936033921599574 0.17274238380819443 0.5162205230150221 0.1705681269430601 0.5204684923754712 0.26212036105046366 0.47360830894365336 0.2642946113689942
8 0.47915745387001607 0.07481590593597104 0.4873384405274237 0.0962723049890947 0.4503513329101452 0.11037484948748277 0.442170360157661 0.08891846211988028
8 0.5785315035585654 0.04950454689715989 0.5860012026055301 0.09355120141669389 0.557966563385321 0.09830546409373431 0.5504968796456069 0.05425882249793
13 0.584905564213841 0.05250231880990746 0.5965295461588767 0.03790195996035772 0.616821085162087 0.05405692694005093 0.6051971065700172 0.068657282704222
14 0.5937346568238127 0.0311296114802774 0.5974707709303857 0.040928400780587945 0.5492899882075335 0.059298906781502375 0.5455538782696294 0.0495001210407257
14 0.7154772260686286 0.002311123965889872 0.7393254689841342 0.01690368492319316 0.7049506547782585 0.07308152174031879 0.6811024156952499 0.05848896632148016
14 0.9285849519214935 0.04183818992112656 0.921975927945482 0.020169429753565733 0.9456714782686504 0.012942231506505407 0.9522805035063584 0.034610989387394486
9 -0.010822378441844194 0.8300076933597156 0.0007205358951978269 0.7450421842725047 0.2206045788349229 0.774906440555847 0.20906421183531165 0.8598696741310816
9 0.12398668435878335 0.5362407657504248 0.11141782416541446 0.5135502457462972 0.13985657055229694 0.4977985786275635 0.15242543395197572 0.5204890407894643
8 0.40945724826019614 0.6306063721719458 0.33793628296211864 0.6306063721719458 0.3379368155352722 0.5494635514705882 0.4094567250704131 0.5494635514705882
10 0 0.5925977975113123 0.08075057947686116 0.5925977975113123 0.08075057947686116 0.7003993648190046 0 0.7003993648190046
10 0.20055785878366805 0.726205272336909 0.20493996246011648 0.749738530223563 0.1632769183011078 0.7574950992881344 0.1588949425059809 0.7339619540090984
8 1.0000007438692364 0.7491880192307692 0.9206431277419824 0.7491880192307692 0.9206437152480476 0.6709017075791855 1 0.6709017075791855
13 0.5330241251255075 0.5505307759622897 0.5322931435534883 0.4998965166134309 0.6389035709588597 0.4983573529545413 0.6396349782805828 0.5489911782624464
11 0.4633970651175332 0.7592847800655638 0.4075171851205823 0.6354605299964299 0.6293632583185627 0.5353568004686706 0.6852439604230085 0.6591781114685229
10 0.8922653187943297 0.4898118476393741 0.8922666200672893 0.5307310753216355 0.5841401113990514 0.5307372214356757 0.5841397917505446 0.48981900452492555